0 3.762112
4 4.169385
8 4.257414
12 4.011831
16 3.741078
20 3.727254
24 4.067315
28 4.259428
32 4.040838
36 3.762874
40 3.677076
44 3.912455
48 4.161494
52 4.018090
56 3.777024
60 3.673212
64 3.806167
68 4.094989
72 4.095561
76 3.888618
80 3.797024
84 3.857706
88 4.086390
92 4.141575
96 3.945762
100 3.893897
104 3.934197
108 4.038634
112 4.059832
116 3.884563
120 3.832263
124 3.876454
128 3.906741
132 3.968021
136 3.938932
140 3.924809
144 3.956265
148 3.893380
152 3.867692
156 3.936973
160 3.989164
164 4.027042
168 3.927830
172 3.800018
176 3.896809
180 4.064131
184 4.168514
188 4.056431
192 3.778684
196 3.768153
200 3.995804
204 4.151671
208 4.103887
212 3.787255
216 3.618436
220 3.821623
224 4.081955
228 4.080948
232 3.844916
236 3.645811
240 3.795283
244 4.090581
248 4.164106
252 3.961762
256 3.710819
260 3.797514
264 4.088458
268 4.177140
272 4.025274
276 3.778031
280 3.768779
284 3.990280
288 4.119425
292 4.043913
296 3.859665
300 3.775310
304 3.877978
308 3.994443
312 3.999205
316 3.936102
320 3.884618
324 3.880237
328 3.913163
332 3.930088
336 3.989382
340 4.058091
344 3.993327
348 3.908700
352 3.859338
356 3.965545
360 4.161358
364 4.103806
368 3.848835
372 3.677104
376 3.786167
380 4.101955
384 4.160188
388 3.875529
392 3.622518
396 3.673212
400 4.017355
404 4.214801
408 4.027831
412 3.706900
416 3.651117
420 3.963123
424 4.260298
428 4.116541
432 3.815392
436 3.731717
440 3.944619
444 4.212107
448 4.115262
452 3.824753
456 3.719635
460 3.892917
464 4.157330
468 4.125248
472 3.821460
476 3.632287
480 3.739499
484 4.042036
488 4.152188
492 3.968402
496 3.763500
500 3.732724
504 3.903013
508 4.127670
512 4.124813
516 3.960728
520 3.909407
524 3.867774
528 3.914632
532 4.015913
536 4.003777
540 3.989872
544 3.875067
548 3.778956
552 3.850359
556 3.969817
560 4.079207
564 4.001953
568 3.767609
572 3.714220
576 3.889598
580 4.131180
584 4.156106
588 3.882441
592 3.703227
596 3.852209
600 4.168650
604 4.238856
608 3.983178
612 3.667825
616 3.708859
620 4.025736
624 4.241795
628 3.995912
632 3.617810
636 3.569074
640 3.880101
644 4.169821
648 4.111506
652 3.778085
656 3.628150
660 3.858087
664 4.170147
668 4.200270
672 3.922877
676 3.714547
680 3.860753
684 4.148296
688 4.189576
692 4.012593
696 3.780534
700 3.772588
704 3.976021
708 4.093166
712 4.031668
716 3.863257
720 3.742901
724 3.784562
728 3.877216
732 3.936265
736 3.977354
740 3.966715
744 3.891747
748 3.815746
752 3.856617
756 4.010988
760 4.130691
764 4.053247
768 3.871012
772 3.824970
776 3.972102
780 4.133330
784 4.052431
788 3.795147
792 3.665348
796 3.840073
800 4.113493
804 4.094853
808 3.829052
812 3.628069
816 3.729758
820 4.077411
824 4.220162
828 3.962442
832 3.671797
836 3.679308
840 4.037274
844 4.315402
848 4.113139
852 3.743146
856 3.654083
860 3.971585
864 4.286748
868 4.177875
872 3.826113
876 3.631089
880 3.788289
884 4.118772
888 4.152405
892 3.875883
896 3.690873
900 3.742248
904 3.965055
908 4.148977
912 4.070118
916 3.889679
920 3.827120
924 3.922959
928 4.060893
932 4.081030
936 4.013600
940 3.960755
944 3.902958
948 3.869978
952 3.901108
956 3.970960
960 4.023532
964 3.944048
968 3.789133
972 3.761595
976 3.891557
980 4.060023
984 4.043233
988 3.857651
992 3.734901
996 3.812045
1000 4.061274
1004 4.137167
1008 3.908836
1012 3.754819
1016 3.847746
1020 4.107806
1024 4.184243
1028 3.936564
1032 3.692968
1036 3.758058
1040 4.047206
1044 4.215617
1048 3.996702
1052 3.628967
1056 3.594544
1060 3.939422
1064 4.260298
1068 4.211345
1072 3.829406
1076 3.588830
1080 3.800916
1084 4.219236
1088 4.327701
1092 4.025845
1096 3.665457
1100 3.654328
1104 4.019287
1108 4.241441
1112 4.104295
1116 3.894659
1120 3.787228
1124 3.851229
1128 4.031369
1132 4.064730
1136 3.976592
1140 3.876781
1144 3.827828
1148 3.870114
1152 3.963694
1156 4.034008
1160 4.009654
1164 3.914959
1168 3.814766
1172 3.885897
1176 4.057274
1180 4.118200
1184 3.998361
1188 3.849787
1192 3.875121
1196 4.059859
1200 4.169712
1204 3.985572
1208 3.713404
1212 3.674355
1216 3.898577
1220 4.181549
1224 4.074118
1228 3.698383
1232 3.593401
1236 3.824998
1240 4.203291
1244 4.295864
1248 3.915884
1252 3.597592
1256 3.694138
1260 4.096921
1264 4.326232
1268 4.067506
1272 3.694247
1276 3.633729
1280 3.956565
1284 4.276952
1288 4.192324
1292 3.831556
1296 3.608259
1300 3.767473
1304 4.075206
1308 4.143480
1312 3.953272
1316 3.759527
1320 3.766194
1324 3.940592
1328 4.051478
1332 4.007613
1336 3.937354
1340 3.896536
1344 3.940973
1348 4.012185
1352 3.987014
1356 3.949408
1360 3.947041
1364 3.932156
1368 3.924891
1372 3.950007
1376 3.962388
1380 3.935612
1384 3.871094
1388 3.800290
1392 3.870903
1396 4.011396
1400 4.039587
1404 3.911884
1408 3.728288
1412 3.763527
1416 4.025682
1420 4.209413
1424 4.080839
1428 3.736207
1432 3.665457
1436 3.964783
1440 4.314640
1444 4.252870
1448 3.842739
1452 3.574299
1456 3.715934
1460 4.132650
1464 4.293551
1468 3.984348
1472 3.600531
1476 3.525074
1480 3.864944
1484 4.198039
1488 4.147698
1492 3.891938
1496 3.719309
1500 3.828317
1504 4.056920
1508 4.127697
1512 4.007423
1516 3.867992
1520 3.876373
1524 3.982715
1528 4.038961
1532 3.989028
1536 3.914959
1540 3.887557
1544 3.922632
1548 3.950850
1552 3.924646
1556 3.875665
1560 3.830005
1564 3.849651
1568 3.925299
1572 3.999287
1576 4.034961
1580 3.905435
1584 3.773976
1588 3.827773
1592 4.030199
1596 4.224243
1600 4.123425
1604 3.830249
1608 3.696696
1612 3.880536
1616 4.178855
1620 4.245278
1624 3.957599
1628 3.610136
1632 3.611524
1636 3.954578
1640 4.266829
1644 4.167698
1648 3.778303
1652 3.588367
1656 3.770439
1660 4.131507
1664 4.260734
1668 4.007015
1672 3.737404
1676 3.735826
1680 4.018307
1684 4.237359
1688 4.065138
1692 3.805977
1696 3.738710
1700 3.921843
1704 4.119724
1708 4.017382
1712 3.787283
1716 3.677321
1720 3.802140
1724 4.009845
1728 4.019750
1732 3.854468
1736 3.736370
1740 3.820916
1744 4.034553
1748 4.121493
1752 4.028947
1756 3.901380
1760 3.836399
1764 3.952238
1768 4.095425
1772 4.110908
1776 4.016838
1780 3.851121
1784 3.766357
1788 3.858740
1792 4.046390
1796 4.161113
1800 4.029382
1804 3.732669
1808 3.628640
1812 3.852400
1816 4.192460
1820 4.277605
1824 3.973082
1828 3.648368
1832 3.660369
1836 4.020811
1840 4.314340
1844 4.171753
1848 3.793732
1852 3.645838
1856 3.909217
1860 4.205740
1864 4.162637
1868 3.874441
1872 3.692097
1876 3.791283
1880 4.011831
1884 4.042308
1888 3.812970
1892 3.668151
1896 3.775473
1900 3.986579
1904 4.091778
1908 3.933163
1912 3.753051
1916 3.809678
1920 3.987178
1924 4.116595
1928 4.027233
1932 3.858849
1936 3.832318
1940 3.916809
1944 4.036947
1948 4.038471
1952 3.962497
1956 3.859692
1960 3.789704
1964 3.865896
1968 3.986280
1972 4.063669
1976 4.022825
1980 3.822032
1984 3.695363
1988 3.772561
1992 4.000212
1996 4.183617
2000 4.078581
2004 3.801460
2008 3.659797
2012 3.872155
2016 4.210638
2020 4.241006
2024 3.972130
2028 3.730302
2032 3.752262
2036 4.023233
2040 4.174174
2044 4.005763
2048 3.769541
2052 3.695254
2056 3.874359
2060 4.086799
2064 4.030580
2068 3.836590
2072 3.755309
2076 3.887802
2080 4.101656
2084 4.079533
2088 3.865216
2092 3.732479
2096 3.864944
2100 4.140595
2104 4.219454
2108 3.949299
2112 3.706410
2116 3.768643
2120 4.019178
2124 4.259019
2128 4.131208
2132 3.804290
2136 3.652314
2140 3.758792
2144 4.040321
2148 4.135779
2152 3.983531
2156 3.827800
2160 3.758493
2164 3.886523
2168 4.083533
2172 4.123561
2176 4.058608
2180 3.896836
2184 3.834875
2188 3.961681
2192 4.093683
2196 4.118581
2200 3.971232
2204 3.783500
2208 3.772725
2212 3.935694
2216 4.094826
2220 4.050036
2224 3.829134
2228 3.696288
2232 3.798548
2236 4.009246
2240 4.093765
2244 3.936728
2248 3.721349
2252 3.771963
2256 4.060403
2260 4.228107
2264 4.043396
2268 3.754602
2272 3.730166
2276 4.036593
2280 4.248516
2284 4.101520
2288 3.779718
2292 3.622599
2296 3.843338
2300 4.144215
2304 4.152813
2308 3.889788
2312 3.594517
2316 3.643688
2320 3.991205
2324 4.224461
2328 4.170038
2332 3.875420
2336 3.665566
2340 3.777677
2344 4.098363
2348 4.258856
2352 4.111915
2356 3.850848
2360 3.694492
2364 3.854168
2368 4.121275
2372 4.187834
2376 4.028593
2380 3.740289
2384 3.645158
2388 3.805324
2392 4.031886
2396 4.107207
2400 3.887094
2404 3.696914
2408 3.743037
2412 3.942959
2416 4.125003
2420 4.029519
2424 3.785949
2428 3.774031
2432 3.981899
2436 4.173440
2440 4.089982
2444 3.763582
2448 3.655879
2452 3.832617
2456 4.115915
2460 4.200869
2464 3.865407
2468 3.576476
2472 3.651797
2476 3.961544
2480 4.223100
2484 4.096295
2488 3.730819
2492 3.616041
2496 3.859937
2500 4.166718
2504 4.242856
2508 3.989708
2512 3.699063
2516 3.724642
2520 3.999640
2524 4.237495
2528 4.146065
2532 3.809923
2536 3.660205
2540 3.755364
2544 3.989436
2548 4.157984
2552 3.996919
2556 3.769432
2560 3.655525
2564 3.721295
2568 3.958633
2572 4.085710
2576 4.008266
2580 3.861869
2584 3.795283
2588 3.901026
2592 4.084622
2596 4.088513
2600 3.950143
2604 3.800344
2608 3.832807
2612 4.028212
2616 4.082472
2620 3.899775
2624 3.714329
2628 3.730737
2632 3.968919
2636 4.184841
2640 4.036213
2644 3.674791
2648 3.543632
2652 3.796317
2656 4.186093
2660 4.273605
2664 3.949190
2668 3.613429
2672 3.612776
2676 3.971994
2680 4.285006
2684 4.160895
2688 3.859910
2692 3.686600
2696 3.856672
2700 4.162065
2704 4.182256
2708 3.980973
2712 3.758357
2716 3.728479
2720 3.928292
2724 4.108486
2728 4.060295
2732 3.859719
2736 3.716370
2740 3.810167
2744 4.062009
2748 4.174283
2752 4.073846
2756 3.875856
2760 3.741704
2764 3.850087
2768 4.056621
2772 4.106881
2776 3.976946
2780 3.758520
2784 3.729948
2788 3.938251
2792 4.122445
2796 4.064159
2800 3.850195
2804 3.701322
2808 3.813923
2812 4.056403
2816 4.087179
2820 3.894060
2824 3.696288
2828 3.778303
2832 4.064676
2836 4.212270
2840 4.059152
2844 3.736969
2848 3.688587
2852 3.982524
2856 4.267618
2860 4.223128
2864 3.832617
2868 3.601129
2872 3.761132
2876 4.109139
2880 4.210665
2884 3.993246
2888 3.696124
2892 3.606490
2896 3.840644
2900 4.084948
2904 4.070363
2908 3.896019
2912 3.734547
2916 3.811746
2920 4.012294
2924 4.089520
2928 4.037029
2932 3.875638
2936 3.807065
2940 3.908428
2944 4.047614
2948 4.088404
2952 3.989980
2956 3.844889
2960 3.815038
2964 3.915176
2968 4.010579
2972 4.008865
2976 3.884536
2980 3.758738
2984 3.797079
2988 3.958388
2992 4.065165
2996 3.964701
3000 3.808752
3004 3.816127
3008 4.011477
3012 4.218855
3016 4.112214
3020 3.774384
3024 3.646573
3028 3.875829
3032 4.196869
3036 4.187562
3040 3.826848
3044 3.531387
3048 3.637946
3052 4.012375
3056 4.246529
3060 4.091860
3064 3.676587
3068 3.561918
3072 3.810385
3076 4.141847
3080 4.193494
3084 3.904972
3088 3.726520
3092 3.808508
3096 4.022933
3100 4.149031
3104 4.029872
3108 3.884890
3112 3.856481
3116 3.958334
3120 4.032022
3124 4.000783
3128 3.921680
3132 3.852291
3136 3.847583
3140 3.886822
3144 3.945599
3148 3.968511
3152 3.923585
3156 3.859992
3160 3.860100
3164 3.962007
3168 4.065682
3172 4.057628
3176 3.929762
3180 3.824018
3184 3.916265
3188 4.089384
3192 4.118037
3196 3.940320
3200 3.688070
3204 3.750030
3208 4.077057
3212 4.239781
3216 4.057220
3220 3.715635
3224 3.543795
3228 3.760942
3232 4.181766
3236 4.241060
3240 3.926687
3244 3.583360
3248 3.612123
3252 4.004430
3256 4.238829
3260 4.133711
3264 3.823066
3268 3.696859
3272 3.901571
3276 4.156024
3280 4.152541
3284 3.888400
3288 3.685839
3292 3.752343
3296 3.994715
3300 4.087343
3304 3.932238
3308 3.737785
3312 3.694682
3316 3.859937
3320 4.036213
3324 4.015831
3328 3.869760
3332 3.763554
3336 3.849216
3340 4.000538
3344 4.077873
3348 4.031097
3352 3.856345
3356 3.791636
3360 3.905244
3364 4.050090
3368 4.066635
3372 3.891121
3376 3.720941
3380 3.786847
3384 4.011178
3388 4.159262
3392 4.065111
3396 3.751636
3400 3.592776
3404 3.782085
3408 4.137031
3412 4.278013
3416 3.985028
3420 3.651824
3424 3.665076
3428 4.018199
3432 4.343837
3436 4.261469
3440 3.836943
3444 3.574571
3448 3.744207
3452 4.138010
3456 4.223264
3460 3.919775
3464 3.598218
3468 3.632613
3472 3.945898
3476 4.150174
3480 4.037002
3484 3.757432
3488 3.692152
3492 3.878332
3496 4.083288
3500 4.060322
3504 3.850359
3508 3.753132
3512 3.861924
3516 4.050090
3520 4.102064
3524 3.973137
3528 3.835392
3532 3.828181
3536 3.930877
3540 3.994525
3544 3.976211
3548 3.875829
3552 3.781840
3556 3.802467
3560 3.896890
3564 4.044322
3568 4.103343
3572 3.954959
3576 3.725622
3580 3.731608
3584 3.983341
3588 4.229686
3592 4.168079
3596 3.826712
3600 3.612395
3604 3.767690
3608 4.182610
3612 4.351919
3616 3.965517
3620 3.554870
3624 3.555088
3628 3.965327
3632 4.292680
3636 4.131480
3640 3.789432
3644 3.636668
3648 3.830494
3652 4.109901
3656 4.091805
3660 3.874359
3664 3.740016
3668 3.868536
3672 4.102255
3676 4.117575
3680 3.922333
3684 3.794875
3688 3.885516
3692 4.050390
3696 4.125194
3700 3.951150
3704 3.759962
3708 3.772371
3712 3.895475
3716 3.996103
3720 3.972674
3724 3.874958
3728 3.807936
3732 3.795147
3736 3.858876
3740 3.929381
3744 4.001491
3748 3.959340
3752 3.856073
3756 3.821052
3760 3.898060
3764 4.074744
3768 4.118146
3772 3.938741
3776 3.713213
3780 3.749513
3784 4.036866
3788 4.230284
3792 4.077846
3796 3.714138
3800 3.595524
3804 3.836154
3808 4.173004
3812 4.212597
3816 3.874550
3820 3.563714
3824 3.623742
3828 4.026471
3832 4.272925
3836 4.042444
3840 3.692560
3844 3.622300
3848 3.964157
3852 4.285469
3856 4.128160
3860 3.764235
3864 3.595578
3868 3.827828
3872 4.162120
3876 4.125575
3880 3.786031
3884 3.580503
3888 3.718247
3892 4.050526
3896 4.206583
3900 3.986905
3904 3.722928
3908 3.697975
3912 3.892047
3916 4.116350
3920 4.078907
3924 3.896047
3928 3.799120
3932 3.870386
3936 4.042662
3940 4.105547
3944 4.037274
3948 3.880427
3952 3.778330
3956 3.850168
3960 3.996729
3964 4.101602
3968 3.982715
3972 3.742085
3976 3.635008
3980 3.754030
3984 4.042281
3988 4.204787
3992 4.048322
3996 3.696424
4000 3.615633
4004 3.867937
4008 4.152378
4012 4.189903
4016 3.892509
4020 3.631933
4024 3.723962
4028 4.023450
4032 4.202637
4036 3.994960
4040 3.710410
4044 3.711581
4048 3.966715
4052 4.141167
4056 3.998361
4060 3.761459
4064 3.701376
4068 3.907503
4072 4.148024
4076 4.099207
4080 3.823991
4084 3.666246
4088 3.812099
4092 4.092812
4096 4.167562
4100 3.967014
4104 3.758139
4108 3.796943
4112 3.973436
4116 4.071288
4120 3.984048
4124 3.809161
4128 3.770956
4132 3.891067
4136 4.004593
4140 4.010389
4144 3.946088
4148 3.868373
4152 3.854576
4156 3.912237
4160 3.973109
4164 4.045356
4168 4.004457
4172 3.839583
4176 3.752098
4180 3.857896
4184 4.096459
4188 4.181685
4192 3.979803
4196 3.707172
4200 3.647307
4204 3.887366
4208 4.169548
4212 4.115860
4216 3.776180
4220 3.562843
4224 3.702601
4228 4.035396
4232 4.151861
4236 3.888645
4240 3.608477
4244 3.673267
4248 4.020566
4252 4.223998
4256 4.030117
4260 3.717758
4264 3.664178
4268 3.933571
4272 4.211372
4276 4.143616
4280 3.836753
4284 3.662763
4288 3.772752
4292 4.056322
4296 4.143589
4300 3.918251
4304 3.705812
4308 3.728016
4312 3.942333
4316 4.125003
4320 4.048839
4324 3.857624
4328 3.753078
4332 3.851828
4336 4.027641
4340 4.057437
4344 3.937816
4348 3.789487
4352 3.776099
4356 3.935503
4360 4.125792
4364 4.151888
4368 3.977790
4372 3.759881
4376 3.684696
4380 3.857461
4384 4.111452
4388 4.125466
4392 3.851801
4396 3.604885
4400 3.685185
4404 3.979450
4408 4.192950
4412 4.080866
4416 3.780834
4420 3.703036
4424 3.907040
4428 4.134010
4432 4.089112
4436 3.836644
4440 3.673294
4444 3.789514
4448 4.076377
4452 4.140895
4456 3.888863
4460 3.642055
4464 3.698655
4468 4.009137
4472 4.207971
4476 4.049737
4480 3.714574
4484 3.611034
4488 3.861896
4492 4.156705
4496 4.179208
4500 3.904292
4504 3.675661
4508 3.742302
4512 4.006253
4516 4.147181
4520 4.011668
4524 3.800943
4528 3.741540
4532 3.893625
4536 4.072540
4540 4.047669
4544 3.915666
4548 3.777133
4552 3.783582
4556 3.893734
4560 3.976756
4564 4.011831
4568 3.920455
4572 3.869407
4576 3.870985
4580 3.909353
4584 3.999423
4588 3.979014
4592 3.912183
4596 3.844454
4600 3.841896
4604 3.958905
4608 4.042063
4612 3.974524
4616 3.831528
4620 3.829079
4624 3.949299
4628 4.074798
4632 4.017682
4636 3.773786
4640 3.670301
4644 3.793541
4648 4.054226
4652 4.123534
4656 3.894496
4660 3.674355
4664 3.686056
4668 3.958524
4672 4.186120
4676 4.058254
4680 3.757296
4684 3.650518
4688 3.859148
4692 4.144977
4696 4.176025
4700 3.906360
4704 3.673022
4708 3.720805
4712 3.978742
4716 4.160433
4720 4.005709
4724 3.740670
4728 3.642436
4732 3.806140
4736 4.094064
4740 4.124840
4744 3.964647
4748 3.782929
4752 3.693077
4756 3.871448
4760 4.060730
4764 4.082200
4768 3.946497
4772 3.750466
4776 3.782847
4780 3.944565
4784 4.078662
4788 4.005137
4792 3.792970
4796 3.727037
4800 3.836998
4804 4.001028
4808 3.992348
4812 3.830984
4816 3.705839
4820 3.797514
4824 4.031723
4828 4.131344
4832 4.005464
4836 3.749214
4840 3.699798
4844 3.940918
4848 4.216080
4852 4.184324
4856 3.840399
4860 3.602055
4864 3.755745
4868 4.136731
4872 4.296680
4876 4.067125
4880 3.703199
4884 3.600640
4888 3.882767
4892 4.170963
4896 4.145303
4900 3.849297
4904 3.577319
4908 3.693131
4912 4.032321
4916 4.205386
4920 4.078853
4924 3.744234
4928 3.613320
4932 3.805678
4936 4.109901
4940 4.175263
4944 3.957299
4948 3.742248
4952 3.732615
4956 3.936537
4960 4.089356
4964 4.013464
4968 3.833215
4972 3.768344
4976 3.882849
4980 3.990008
4984 3.981980
4988 3.866332
4992 3.788943
4996 3.909217
5000 4.060703
5004 4.072159
5008 3.889434
5012 3.675498
5016 3.711145
5020 3.966415
5024 4.170555
5028 4.099751
5032 3.802766
5036 3.622681
5040 3.739472
5044 4.042689
5048 4.248325
5052 4.098799
5056 3.747173
5060 3.579524
5064 3.733214
5068 4.041219
5072 4.186474
5076 4.018035
5080 3.785079
5084 3.734928
5088 3.906115
5092 4.099153
5096 4.104785
5100 3.943449
5104 3.773405
5108 3.797922
5112 3.957953
5116 4.073220
5120 4.009600
5124 3.846767
5128 3.792589
5132 3.899747
5136 4.050145
5140 4.039287
5144 3.866740
5148 3.770167
5152 3.784262
5156 3.935367
5160 4.067778
5164 3.975885
5168 3.793215
5172 3.703499
5176 3.810766
5180 3.983695
5184 3.984620
5188 3.840182
5192 3.700614
5196 3.789324
5200 4.020675
5204 4.127670
5208 3.985436
5212 3.740860
5216 3.674600
5220 3.850604
5224 4.109738
5228 4.133248
5232 3.895747
5236 3.654246
5240 3.732288
5244 4.040321
5248 4.221359
5252 4.134391
5256 3.871584
5260 3.694029
5264 3.770357
5268 4.005709
5272 4.114309
5276 3.999096
5280 3.823964
5284 3.724615
5288 3.877788
5292 4.040294
5296 4.036730
5300 3.992565
5304 3.860427
5308 3.837216
5312 3.955993
5316 3.998334
5320 3.988674
5324 3.877978
5328 3.808072
5332 3.904999
5336 4.024403
5340 4.042961
5344 3.935666
5348 3.816780
5352 3.826930
5356 3.991123
5360 4.098962
5364 3.990797
5368 3.799092
5372 3.712098
5376 3.871529
5380 4.115425
5384 4.133684
5388 3.878305
5392 3.658627
5396 3.751609
5400 4.052050
5404 4.215481
5408 4.040158
5412 3.723989
5416 3.644586
5420 3.902605
5424 4.203998
5428 4.143425
5432 3.837896
5436 3.580966
5440 3.660396
5444 3.981763
5448 4.149085
5452 4.038988
5456 3.792725
5460 3.744860
5464 3.902958
5468 4.039179
5472 4.043070
5476 3.888727
5480 3.764888
5484 3.816889
5488 3.943830
5492 3.983640
5496 3.925870
5500 3.861298
5504 3.846576
5508 3.931013
5512 3.972075
5516 3.941163
5520 3.931340
5524 3.868890
5528 3.857243
5532 3.911775
5536 3.946660
5540 3.977273
5544 3.895149
5548 3.823773
5552 3.880128
5556 3.994089
5560 4.120187
5564 4.078227
5568 3.837705
5572 3.723009
5576 3.843229
5580 4.066254
5584 4.169467
5588 3.936673
5592 3.672423
5596 3.700369
5600 3.962742
5604 4.189386
5608 4.117547
5612 3.826222
5616 3.651035
5620 3.776289
5624 4.062390
5628 4.128405
5632 3.962034
5636 3.772044
5640 3.742438
5644 3.895121
5648 4.012375
5652 3.951503
5656 3.827610
5660 3.803092
5664 3.914033
5668 4.031505
5672 4.011940
5676 3.896155
5680 3.816807
5684 3.826168
5688 3.933490
5692 3.983749
5696 3.890359
5700 3.808099
5704 3.778167
5708 3.838875
5712 4.005219
5716 4.059587
5720 3.983205
5724 3.831311
5728 3.725622
5732 3.764153
5736 3.927639
5740 4.056784
5744 4.004457
5748 3.785106
5752 3.712125
5756 3.832426
5760 4.021301
5764 4.073928
5768 3.886414
5772 3.700288
5776 3.739499
5780 4.018280
5784 4.259645
5788 4.090581
5792 3.732261
5796 3.620749
5800 3.852835
5804 4.185902
5808 4.207372
5812 3.898332
5816 3.665240
5820 3.746955
5824 4.052458
5828 4.238937
5832 4.034852
5836 3.702492
5840 3.672505
5844 3.934115
5848 4.140514
5852 4.051124
5856 3.737867
5860 3.602436
5864 3.793432
5868 4.070880
5872 4.036512
5876 3.755745
5880 3.637266
5884 3.804888
5888 4.077030
5892 4.157739
5896 3.934768
5900 3.667335
5904 3.681430
5908 3.940129
5912 4.142908
5916 4.068866
5920 3.858631
5924 3.748262
5928 3.812018
5932 3.961408
5936 4.049492
5940 4.012920
5944 3.942905
5948 3.830277
5952 3.763554
5956 3.853542
5960 3.977545
5964 4.016511
5968 3.913163
5972 3.790929
5976 3.791963
5980 3.951966
5984 4.136323
5988 4.121058
5992 3.861733
5996 3.677158
6000 3.789813
6004 4.083860
6008 4.147344
6012 3.915285
6016 3.701159
6020 3.726520
6024 3.955367
6028 4.124160
6032 3.995395
6036 3.732016
6040 3.682383
6044 3.888563
6048 4.101357
6052 4.057601
6056 3.830903
6060 3.731880
6064 3.856318
6068 4.042634
6072 4.064240
6076 3.897489
6080 3.757432
6084 3.808970
6088 3.967721
6092 4.031750
6096 3.952810
6100 3.834005
6104 3.787446
6108 3.863937
6112 3.973572
6116 4.000049
6120 3.932047
6124 3.825134
6128 3.785487
6132 3.880101
6136 4.007994
6140 4.084023
6144 4.036702
6148 3.886033
6152 3.765650
6156 3.798766
6160 3.972728
6164 4.117493
6168 4.028267
6172 3.758330
6176 3.646382
6180 3.824943
6184 4.093275
6188 4.123806
6192 3.934932
6196 3.689920
6200 3.699390
6204 3.956701
6208 4.120677
6212 3.973545
6216 3.718030
6220 3.680995
6224 3.920891
6228 4.100377
6232 4.021790
6236 3.778112
6240 3.696968
6244 3.892183
6248 4.141466
6252 4.100785
6256 3.801106
6260 3.610681
6264 3.728996
6268 3.997164
6272 4.115371
6276 3.968184
6280 3.747772
6284 3.708832
6288 3.883856
6292 4.092976
6296 4.069057
6300 3.901924
6304 3.810548
6308 3.879121
6312 4.020512
6316 4.063206
6320 4.005926
6324 3.888536
6328 3.812997
6332 3.870522
6336 3.973626
6340 4.019913
6344 3.931612
6348 3.781078
6352 3.758738
6356 3.873243
6360 4.035260
6364 4.083043
6368 3.938143
6372 3.772697
6376 3.759636
6380 3.920374
6384 4.088513
6388 4.003695
6392 3.835828
6396 3.828834
6400 3.924863
6404 4.069465
6408 4.049573
6412 3.855148
6416 3.773106
6420 3.849651
6424 3.994960
6428 4.012702
6432 3.875067
6436 3.782031
6440 3.834658
6444 3.989382
6448 4.082989
6452 3.995531
6456 3.828209
6460 3.761187
6464 3.865651
6468 4.034308
6472 4.062118
6476 3.927911
6480 3.806086
6484 3.796099
6488 3.884019
6492 4.021981
6496 4.014933
6500 3.910822
6504 3.808045
6508 3.788562
6512 3.888618
6516 3.950170
6520 3.931694
6524 3.855175
6528 3.782466
6532 3.864699
6536 3.995559
6540 3.973980
6544 3.920619
6548 3.866958
6552 3.848563
6556 3.956565
6560 4.009437
6564 3.953109
6568 3.896645
6572 3.854685
6576 3.890441
6580 3.950633
6584 3.953517
6588 3.906686
6592 3.816263
6596 3.816970
6600 3.934823
6604 4.038253
6608 4.032811
6612 3.883584
6616 3.742275
6620 3.798031
6624 3.983205
6628 4.084785
6632 4.003940
6636 3.827637
6640 3.734057
6644 3.827066
6648 4.033274
6652 4.128296
6656 4.003994
6660 3.813514
6664 3.794521
6668 3.901734
6672 4.040893
6676 4.047424
6680 3.820317
6684 3.706220
6688 3.817188
6692 3.969762
6696 4.073166
6700 4.018307
6704 3.830712
6708 3.794058
6712 3.933217
6716 4.076268
6720 4.039478
6724 3.837297
6728 3.744561
6732 3.849216
6736 4.036893
6740 4.106636
6744 3.931449
6748 3.759527
6752 3.762439
6756 3.927884
6760 4.085411
6764 4.036213
6768 3.849787
6772 3.745295
6776 3.820998
6780 4.012294
6784 4.084894
6788 3.970851
6792 3.831011
6796 3.783038
6800 3.884917
6804 4.059995
6808 4.104921
6812 3.983803
6816 3.873842
6820 3.846195
6824 3.938306
6828 4.113819
6832 4.102119
6836 3.898904
6840 3.753758
6844 3.749296
6848 3.936156
6852 4.093084
6856 4.007151
6860 3.840889
6864 3.730465
6868 3.853678
6872 4.108921
6876 4.100840
6880 3.906986
6884 3.771908
6888 3.833869
6892 4.085710
6896 4.130772
6900 3.903040
6904 3.726792
6908 3.773541
6912 4.017546
6916 4.193141
6920 4.053546
6924 3.769949
6928 3.669294
6932 3.851937
6936 4.113928
6940 4.120132
6944 3.866032
6948 3.693621
6952 3.765731
6956 4.027804
6960 4.178256
6964 3.982797
6968 3.777214
6972 3.774711
6976 3.941843
6980 4.105085
6984 4.025110
6988 3.849243
6992 3.790902
6996 3.888427
7000 4.032430
7004 3.982116
7008 3.845243
7012 3.792616
7016 3.814358
7020 3.907258
7024 3.968375
7028 3.926251
7032 3.889461
7036 3.890441
7040 3.886414
7044 3.912727
7048 3.937109
7052 3.944456
7056 3.968728
7060 3.934387
7064 3.906224
7068 3.957544
7072 4.013328
7076 4.023287
7080 3.915040
7084 3.809215
7088 3.889734
7092 4.046417
7096 4.070091
7100 3.907611
7104 3.666981
7108 3.675226
7112 3.985518
7116 4.180678
7120 4.091397
7124 3.789704
7128 3.622926
7132 3.880972
7136 4.228352
7140 4.241142
7144 3.936265
7148 3.626599
7152 3.720016
7156 4.043696
7160 4.175480
7164 3.996402
7168 3.718737
7172 3.672641
7176 3.873516
7180 4.060104
7184 4.001763
7188 3.829379
7192 3.769405
7196 3.886604
7200 4.041437
7204 4.033900
7208 3.915122
7212 3.852400
7216 3.895856
7220 4.019124
7224 4.066526
7228 3.987178
7232 3.900373
7236 3.850957
7240 3.895121
7244 3.965626
7248 3.989763
7252 3.981273
7256 3.867910
7260 3.763854
7264 3.798412
7268 3.931068
7272 4.059968
7276 4.006797
7280 3.805514
7284 3.735989
7288 3.903176
7292 4.158446
7296 4.184134
7300 3.905843
7304 3.682519
7308 3.775691
7312 4.102227
7316 4.257087
7320 4.017845
7324 3.683934
7328 3.629021
7332 3.926877
7336 4.259101
7340 4.177848
7344 3.773949
7348 3.526706
7352 3.688995
7356 4.092431
7360 4.230747
7364 3.948102
7368 3.642491
7372 3.648450
7376 3.960266
7380 4.178310
7384 4.055696
7388 3.845950
7392 3.804861
7396 3.955095
7400 4.055016
7404 3.987286
7408 3.857978
7412 3.807392
7416 3.921408
7420 4.035342
7424 3.982633
7428 3.886604
7432 3.809596
7436 3.793460
7440 3.883176
7444 3.990579
7448 4.024185
7452 3.984810
7456 3.891176
7460 3.836508
7464 3.913788
7468 4.052757
7472 4.115507
7476 3.946388
7480 3.759418
7484 3.768534
7488 3.933843
7492 4.100758
7496 4.057791
7500 3.775255
7504 3.654763
7508 3.810821
7512 4.009137
7516 4.057220
7520 3.890849
7524 3.680206
7528 3.715227
7532 3.978388
7536 4.139616
7540 4.053029
7544 3.842658
7548 3.761187
7552 3.905897
7556 4.111506
7560 4.136868
7564 3.931068
7568 3.789568
7572 3.858060
7576 4.002661
7580 4.073574
7584 4.000647
7588 3.852236
7592 3.810929
7596 3.894496
7600 3.964919
7604 3.942415
7608 3.882305
7612 3.844808
7616 3.845488
7620 3.887230
7624 3.946061
7628 3.934768
7632 3.876645
7636 3.864672
7640 3.897189
7644 4.010852
7648 4.086254
7652 3.965218
7656 3.805188
7660 3.759826
7664 3.895584
7668 4.102636
7672 4.116377
7676 3.881080
7680 3.662899
7684 3.699172
7688 3.989899
7692 4.178419
7696 4.061655
7700 3.794956
7704 3.672178
7708 3.864944
7712 4.198392
7716 4.222611
7720 3.942551
7724 3.739908
7728 3.821079
7732 4.089411
7736 4.162582
7740 3.933680
7744 3.703744
7748 3.737812
7752 4.015124
7756 4.158038
7760 3.960211
7764 3.686111
7768 3.599932
7772 3.784970
7776 4.052757
7780 4.068621
7784 3.905516
7788 3.781242
7792 3.821351
7796 4.033274
7800 4.160378
7804 4.083778
7808 3.921952
7812 3.831882
7816 3.951367
7820 4.120187
7824 4.117711
7828 3.970279
7832 3.767609
7836 3.743418
7840 3.933109
7844 4.103670
7848 4.116731
7852 3.942905
7856 3.707744
7860 3.702165
7864 3.923068
7868 4.167997
7872 4.164678
7876 3.834386
7880 3.620205
7884 3.756479
7888 4.093574
7892 4.258666
7896 3.992756
7900 3.659607
7904 3.683172
7908 3.992946
7912 4.201222
7916 4.064050
7920 3.753731
7924 3.650192
7928 3.849352
7932 4.081547
7936 4.040566
7940 3.782793
7944 3.623715
7948 3.789949
7952 4.094880
7956 4.181739
7960 3.977109
7964 3.747554
7968 3.787310
7972 4.071778
7976 4.220134
7980 4.115561
7984 3.850005
7988 3.692941
7992 3.797677
7996 4.003477
8000 4.055369
8004 3.959885
8008 3.814793
8012 3.736724
8016 3.798711
8020 3.923938
8024 4.006144
8028 3.965272
8032 3.856617
8036 3.800045
8040 3.849325
8044 4.001817
8048 4.112105
8052 4.022444
8056 3.860971
8060 3.824508
8064 3.960646
8068 4.125575
8072 4.094635
8076 3.873189
8080 3.693893
8084 3.759799
8088 4.011096
8092 4.106608
8096 3.861026
8100 3.624314
8104 3.651198
8108 3.945816
8112 4.198501
8116 4.049056
8120 3.680804
8124 3.598708
8128 3.904700
8132 4.306313
8136 4.293061
8140 3.864481
8144 3.573945
8148 3.746221
8152 4.157439
8156 4.290177
8160 3.951122
8164 3.581320
8168 3.613919
8172 3.997736
8176 4.288163
8180 4.107452
8184 3.757949
8188 3.634872
8192 3.778983
8196 4.025219
8200 4.110309
8204 3.944428
8208 3.800399
8212 3.798358
8216 3.947177
8220 4.095996
8224 4.077030
8228 3.967694
8232 3.868536
8236 3.844535
8240 3.911040
8244 3.973708
8248 4.001953
8252 3.923693
8256 3.791256
8260 3.758520
8264 3.844699
8268 3.961436
8272 3.998606
8276 3.924020
8280 3.823311
8284 3.859420
8288 4.023151
8292 4.079343
8296 3.957027
8300 3.824753
8304 3.863039
8308 4.064839
8312 4.181195
8316 3.998960
8320 3.734220
8324 3.708342
8328 3.966497
8332 4.226583
8336 4.130527
8340 3.734356
8344 3.520420
8348 3.713213
8352 4.073302
8356 4.174419
8360 3.956483
8364 3.661974
8368 3.641892
8372 3.940483
8376 4.225468
8380 4.123616
8384 3.809487
8388 3.682628
8392 3.915176
8396 4.171045
8400 4.129874
8404 3.943204
8408 3.770820
8412 3.761377
8416 3.973654
8420 4.047560
8424 3.915884
8428 3.826794
8432 3.749432
8436 3.799419
8440 3.966823
8444 4.024620
8448 3.980701
8452 3.885815
8456 3.814630
8460 3.868645
8464 4.009164
8468 4.085030
8472 3.984075
8476 3.852427
8480 3.877053
8484 4.034335
8488 4.165412
8492 4.064839
8496 3.793160
8500 3.618844
8504 3.783174
8508 4.147371
8512 4.209386
8516 3.899122
8520 3.612205
8524 3.592640
8528 3.886278
8532 4.218638
8536 4.211644
8540 3.848263
8544 3.673893
8548 3.841814
8552 4.091506
8556 4.208461
8560 4.019042
8564 3.785514
8568 3.828100
8572 4.001981
8576 4.053519
8580 3.938905
8584 3.787038
8588 3.775691
8592 3.937136
8596 4.019151
8600 3.905271
8604 3.775718
8608 3.755745
8612 3.851937
8616 3.984837
8620 3.990606
8624 3.896074
8628 3.884536
8632 3.932836
8636 4.029872
8640 4.034199
8644 3.949707
8648 3.948347
8652 3.944020
8656 3.908428
8660 3.925299
8664 3.941707
8668 3.953680
8672 3.950633
8676 3.878958
8680 3.789568
8684 3.816426
8688 3.943830
8692 4.015777
8696 3.947313
8700 3.836209
8704 3.813814
8708 3.964102
8712 4.149058
8716 4.068730
8720 3.828753
8724 3.745731
8728 3.915367
8732 4.177440
8736 4.200624
8740 3.987912
8744 3.750275
8748 3.742003
8752 3.960075
8756 4.110091
8760 3.983014
8764 3.776398
8768 3.688015
8772 3.797759
8776 4.002579
8780 4.023287
8784 3.879420
8788 3.829868
8792 3.911421
8796 4.033682
8800 4.094282
8804 3.986116
8808 3.860264
8812 3.877461
8816 3.990552
8820 4.076159
8824 4.031750
8828 3.888645
8832 3.791800
8836 3.816671
8840 3.937217
8844 4.027423
8848 3.962687
8852 3.828807
8856 3.768425
8860 3.859420
8864 4.024811
8868 4.076621
8872 3.951993
8876 3.779065
8880 3.798847
8884 4.024403
8888 4.191971
8892 4.101656
8896 3.840916
8900 3.699716
8904 3.873924
8908 4.131888
8912 4.133929
8916 3.894931
8920 3.659743
8924 3.662981
8928 3.919884
8932 4.076186
8936 3.938496
8940 3.738112
8944 3.705866
8948 3.901380
8952 4.128922
8956 4.102500
8960 3.901924
8964 3.778004
8968 3.886387
8972 4.139697
8976 4.157412
8980 3.930115
8984 3.760098
8988 3.794521
8992 4.014498
8996 4.176324
9000 4.026852
9004 3.756507
9008 3.638300
9012 3.761813
9016 3.989028
9020 4.051914
9024 3.920782
9028 3.769840
9032 3.745132
9036 3.896999
9040 4.050199
9044 4.041165
9048 3.941272
9052 3.859366
9056 3.896346
9060 4.031097
9064 4.063125
9068 3.973708
9072 3.855366
9076 3.814712
9080 3.885380
9084 3.962497
9088 3.962878
9092 3.875148
9096 3.755200
9100 3.746792
9104 3.869543
9108 3.973762
9112 3.999396
9116 3.935231
9120 3.837624
9124 3.851828
9128 3.981028
9132 4.078309
9136 4.075343
9140 3.992511
9144 3.908782
9148 3.918333
9152 3.985545
9156 4.017056
9160 3.936592
9164 3.834086
9168 3.829488
9172 3.905108
9176 3.958524
9180 3.916401
9184 3.763554
9188 3.693077
9192 3.811664
9196 4.003695
9200 4.080132
9204 3.989654
9208 3.861543
9212 3.873597
9216 4.007613
9220 4.137357
9224 4.094173
9228 3.908863
9232 3.837134
9236 3.910523
9240 3.999396
9244 3.997219
9248 3.878169
9252 3.769813
9256 3.816698
9260 3.935993
9264 3.968483
9268 3.867447
9272 3.704995
9276 3.702465
9280 3.904509
9284 4.098282
9288 4.091588
9292 3.916455
9296 3.764942
9300 3.822685
9304 4.026825
9308 4.173140
9312 4.093901
9316 3.883747
9320 3.792616
9324 3.869733
9328 3.989409
9332 4.038634
9336 3.929952
9340 3.756643
9344 3.716587
9348 3.846631
9352 3.977518
9356 3.968674
9360 3.885679
9364 3.815719
9368 3.818712
9372 3.977599
9376 4.133684
9380 4.057682
9384 3.889026
9388 3.843719
9392 3.952946
9396 4.109656
9400 4.055778
9404 3.829950
9408 3.746765
9412 3.842277
9416 4.010144
9420 4.086581
9424 3.914360
9428 3.708206
9432 3.702029
9436 3.860699
9440 4.029573
9444 3.998225
9448 3.828236
9452 3.787827
9456 3.936837
9460 4.114881
9464 4.130881
9468 3.954742
9472 3.815991
9476 3.905435
9480 4.093547
9484 4.135725
9488 4.006851
9492 3.833460
9496 3.770493
9500 3.877352
9504 4.007341
9508 3.984348
9512 3.872345
9516 3.803827
9520 3.783854
9524 3.839093
9528 3.927884
9532 3.954497
9536 3.964701
9540 3.942633
9544 3.909326
9548 3.920510
9552 3.967150
9556 4.030362
9560 4.037573
9564 3.940211
9568 3.881189
9572 3.928374
9576 3.987232
9580 3.968238
9584 3.886686
9588 3.770656
9592 3.805215
9596 3.969191
9600 4.003151
9604 3.853515
9608 3.736370
9612 3.779065
9616 3.985300
9620 4.132432
9624 4.007260
9628 3.817487
9632 3.817542
9636 4.055995
9640 4.260707
9644 4.142745
9648 3.824970
9652 3.665049
9656 3.832726
9660 4.092105
9664 4.103697
9668 3.859883
9672 3.632477
9676 3.662600
9680 3.909435
9684 4.071506
9688 3.976946
9692 3.757051
9696 3.694655
9700 3.871339
9704 4.055451
9708 4.103370
9712 4.019205
9716 3.916945
9720 3.940102
9724 4.039832
9728 4.024566
9732 3.960320
9736 3.938469
9740 3.927394
9744 3.931557
9748 3.893353
9752 3.840236
9756 3.852536
9760 3.872808
9764 3.866250
9768 3.836753
9772 3.826141
9776 3.895557
9780 3.962715
9784 3.937109
9788 3.909979
9792 3.942823
9796 4.025056
9800 4.092241
9804 4.010334
9808 3.866223
9812 3.886849
9816 4.028430
9820 4.058009
9824 3.892945
9828 3.717567
9832 3.748642
9836 3.971422
9840 4.148024
9844 4.020756
9848 3.698247
9852 3.575605
9856 3.782738
9860 4.122337
9864 4.206774
9868 3.938578
9872 3.690274
9876 3.759554
9880 4.064159
9884 4.265577
9888 4.101112
9892 3.845161
9896 3.802167
9900 3.966089
9904 4.073302
9908 3.958361
9912 3.772235
9916 3.730057
9920 3.823909
9924 3.931557
9928 3.912129
9932 3.839746
9936 3.838984
9940 3.901679
9944 3.965762
9948 3.990987
9952 3.977926
9956 3.971694
9960 3.962687
9964 3.956048
9968 3.969000
9972 4.012403
9976 4.059233
9980 4.003777
9984 3.894441
9988 3.827175
9992 3.882849
9996 4.033519
10000 4.013872
10004 3.797160
10008 3.636423
10012 3.710247
10016 4.012947
10020 4.168977
10024 3.934061
10028 3.610463
10032 3.613619
10036 4.034906
10040 4.320871
10044 4.144106
10048 3.756017
10052 3.587197
10056 3.904428
10060 4.356409
10064 4.282612
10068 3.798739
10072 3.534298
10076 3.705322
10080 4.066444
10084 4.173603
10088 3.909435
10092 3.658083
10096 3.698573
10100 3.950469
10104 4.079370
10108 3.923231
10112 3.760343
10116 3.818549
10120 4.012702
10124 4.108785
10128 3.943286
10132 3.769051
10136 3.853923
10140 4.076485
10144 4.141630
10148 4.000021
10152 3.823746
10156 3.805405
10160 3.894877
10164 3.949816
10168 3.908237
10172 3.849161
10176 3.884999
10180 3.888101
10184 3.784643
10188 3.762847
10192 3.877924
10196 4.035369
10200 4.063315
10204 3.902986
10208 3.762602
10212 3.863992
10216 4.115507
10220 4.217985
10224 4.003885
10228 3.728397
10232 3.772289
10236 4.090608
10240 4.256897
10244 4.025736
10248 3.585238
10252 3.453780
10256 3.804154
10260 4.235046
10264 4.231318
10268 3.817868
10272 3.474923
10276 3.556013
10280 3.962007
10284 4.178202
10288 4.044757
10292 3.789704
10296 3.798330
10300 4.038008
10304 4.188596
10308 4.054580
10312 3.825406
10316 3.823991
10320 4.025491
10324 4.126500
10328 3.977871
10332 3.754956
10336 3.689811
10340 3.839937
10344 4.028321
10348 4.012811
10352 3.831909
10356 3.730084
10360 3.776670
10364 3.935748
10368 4.059886
10372 4.030743
10376 3.957082
10380 3.858304
10384 3.869706
10388 3.976266
10392 4.056104
10396 4.104023
10400 4.036430
10404 3.865053
10408 3.815065
10412 3.902006
10416 4.037083
10420 4.054553
10424 3.864155
10428 3.688913
10432 3.699880
10436 3.918169
10440 4.144596
10444 4.017627
10448 3.738601
10452 3.655389
10456 3.857162
10460 4.188950
10464 4.226475
10468 3.933707
10472 3.729540
10476 3.834576
10480 4.138800
10484 4.220407
10488 3.916673
10492 3.637620
10496 3.703553
10500 4.006416
10504 4.159126
10508 3.911666
10512 3.573292
10516 3.560503
10520 3.904645
10524 4.232189
10528 4.163698
10532 3.770112
10536 3.588503
10540 3.820725
10544 4.152868
10548 4.219182
10552 3.959667
10556 3.772507
10560 3.861379
10564 4.086989
10568 4.164133
10572 3.990688
10576 3.823365
10580 3.815664
10584 3.895638
10588 3.958633
10592 3.910414
10596 3.854223
10600 3.844808
10604 3.820644
10608 3.825678
10612 3.891067
10616 3.984538
10620 4.032893
10624 3.946061
10628 3.801841
10632 3.832562
10636 4.055070
10640 4.210338
10644 4.099425
10648 3.880727
10652 3.745078
10656 3.902196
10660 4.136840
10664 4.094091
10668 3.851556
10672 3.674192
10676 3.775282
10680 4.030634
10684 4.080349
10688 3.851529
10692 3.663035
10696 3.758520
10700 4.058471
10704 4.177113
10708 3.990334
10712 3.730220
10716 3.744071
10720 4.070091
10724 4.306476
10728 4.151970
10732 3.836263
10736 3.703771
10740 3.877815
10744 4.092350
10748 4.063097
10752 3.841188
10756 3.664260
10760 3.715009
10764 3.905816
10768 3.974606
10772 3.921843
10776 3.834848
10780 3.813814
10784 3.865352
10788 3.926932
10792 3.943449
10796 3.960374
10800 3.974742
10804 3.958714
10808 3.931367
10812 3.949925
10816 4.027423
10820 4.043206
10824 3.917707
10828 3.794820
10832 3.785840
10836 3.936347
10840 4.068567
10844 3.958225
10848 3.733867
10852 3.650110
10856 3.797324
10860 4.048376
10864 4.068921
10868 3.850712
10872 3.716805
10876 3.849189
10880 4.150310
10884 4.226774
10888 3.942496
10892 3.714655
10896 3.802657
10900 4.126772
10904 4.247754
10908 3.937898
10912 3.569537
10916 3.581075
10920 3.914877
10924 4.191345
10928 4.069329
10932 3.735989
10936 3.591932
10940 3.746302
10944 4.034090
10948 4.102445
10952 3.937653
10956 3.806467
10960 3.844481
10964 4.008729
10968 4.082363
10972 3.977572
10976 3.902741
10980 3.957408
10984 4.071479
10988 4.104241
10992 3.976075
10996 3.830930
11000 3.805052
11004 3.858849
11008 3.905761
11012 3.898659
11016 3.855175
11020 3.853951
11024 3.897598
11028 3.875584
11032 3.855474
11036 3.927231
11040 4.014498
11044 3.981626
11048 3.882359
11052 3.872618
11056 3.991504
11060 4.110772
11064 4.067070
11068 3.871556
11072 3.775337
11076 3.894223
11080 4.050226
11084 4.041927
11088 3.840454
11092 3.667199
11096 3.753296
11100 4.018362
11104 4.150664
11108 3.948864
11112 3.684424
11116 3.666655
11120 3.930306
11124 4.197767
11128 4.135670
11132 3.833433
11136 3.724452
11140 3.926061
11144 4.195943
11148 4.189168
11152 3.944973
11156 3.763255
11160 3.824345
11164 4.021056
11168 4.071723
11172 3.931204
11176 3.778902
11180 3.771827
11184 3.894387
11188 3.969980
11192 3.937109
11196 3.876427
11200 3.846794
11204 3.883012
11208 3.949218
11212 3.978361
11216 3.977191
11220 3.948946
11224 3.915312
11228 3.896047
11232 3.926986
11236 4.010498
11240 4.027804
11244 3.936347
11248 3.833787
11252 3.801895
11256 3.882904
11260 3.975477
11264 3.927149
11268 3.789949
11272 3.745377
11276 3.886441
11280 4.048240
11284 4.028076
11288 3.862958
11292 3.741350
11296 3.868890
11300 4.102173
11304 4.155181
11308 3.987286
11312 3.781568
11316 3.799092
11320 4.009981
11324 4.112758
11328 3.964483
11332 3.730302
11336 3.703472
11340 3.919748
11344 4.103316
11348 3.972293
11352 3.688396
11356 3.611415
11360 3.815637
11364 4.068431
11368 4.066281
11372 3.852644
11376 3.696369
11380 3.760235
11384 3.998715
11388 4.154500
11392 4.048703
11396 3.886414
11400 3.831583
11404 3.919857
11408 4.038362
11412 4.014035
11416 3.925000
11420 3.857025
11424 3.839338
11428 3.883393
11432 3.917135
11436 3.922034
11440 3.903448
11444 3.859148
11448 3.854985
11452 3.909081
11456 3.957055
11460 4.001491
11464 3.967830
11468 3.901244
11472 3.906414
11476 3.984402
11480 4.082145
11484 4.052567
11488 3.884182
11492 3.799664
11496 3.902387
11500 4.058444
11504 4.083179
11508 3.922061
11512 3.727064
11516 3.725350
11520 3.913680
11524 4.031777
11528 3.950061
11532 3.760833
11536 3.717404
11540 3.900400
11544 4.079805
11548 4.060648
11552 3.855937
11556 3.775038
11560 3.956619
11564 4.181739
11568 4.165385
11572 3.906251
11576 3.731554
11580 3.799745
11584 4.006824
11588 4.116350
11592 3.960293
11596 3.710274
11600 3.632967
11604 3.787337
11608 3.975014
11612 4.013409
11616 3.911503
11620 3.831719
11624 3.848889
11628 3.923530
11632 3.972102
11636 3.980184
11640 3.984837
11644 4.004838
11648 4.000511
11652 3.973000
11656 3.957082
11660 3.953735
11664 3.927884
11668 3.893380
11672 3.892183
11676 3.926850
11680 3.953136
11684 3.883584
11688 3.778548
11692 3.765758
11696 3.850195
11700 4.001219
11704 4.025029
11708 3.896455
11712 3.806467
11716 3.843257
11720 4.020376
11724 4.148351
11728 4.043941
11732 3.842467
11736 3.794058
11740 3.958796
11744 4.089656
11748 4.011314
11752 3.821950
11756 3.688641
11760 3.825923
11764 4.035696
11768 4.047478
11772 3.864781
11776 3.687607
11780 3.727173
11784 3.958578
11788 4.086662
11792 3.987940
11796 3.814195
11800 3.777650
11804 3.919557
11808 4.086608
11812 4.098799
11816 3.983395
11820 3.895176
11824 3.910088
11828 3.986171
11832 3.981980
11836 3.889434
11840 3.841923
11844 3.846250
11848 3.860345
11852 3.853842
11856 3.810167
11860 3.823555
11864 3.886441
11868 3.900618
11872 3.909135
11876 3.914714
11880 3.935939
11884 3.960429
11888 3.927285
11892 3.905652
11896 3.939231
11900 4.021110
11904 4.056322
11908 3.940020
11912 3.838821
11916 3.853515
11920 3.970143
11924 4.084785
11928 4.015586
11932 3.816698
11936 3.709213
11940 3.812181
11944 4.013001
11948 4.026335
11952 3.855556
11956 3.733023
11960 3.815174
11964 4.037437
11968 4.167290
11972 4.042662
11976 3.832236
11980 3.794793
11984 3.981246
11988 4.143398
11992 4.070989
11996 3.864645
12000 3.776044
12004 3.876128
12008 3.999831
12012 4.005654
12016 3.874795
12020 3.757785
12024 3.821569
12028 3.964402
12032 4.028729
12036 3.978878
12040 3.857869
12044 3.812099
12048 3.897815
12052 4.032158
12056 4.091452
12060 3.993028
12064 3.855148
12068 3.867828
12072 3.991314
12076 4.110445
12080 4.101520
12084 3.920727
12088 3.746112
12092 3.743636
12096 3.905108
12100 4.091397
12104 4.038172
12108 3.790303
12112 3.672478
12116 3.772126
12120 3.999776
12124 4.132078
12128 4.015042
12132 3.828481
12136 3.788534
12140 3.932891
12144 4.138364
12148 4.113221
12152 3.916156
12156 3.816535
12160 3.865407
12164 4.017763
12168 4.031287
12172 3.857434
12176 3.756561
12180 3.811882
12184 3.974715
12188 4.032648
12192 3.861570
12196 3.728343
12200 3.809161
12204 4.024403
12208 4.163562
12212 4.018879
12216 3.731581
12220 3.662001
12224 3.930632
12228 4.241985
12232 4.183236
12236 3.872345
12240 3.719145
12244 3.838005
12248 4.038526
12252 4.126391
12256 3.985518
12260 3.809923
12264 3.785704
12268 3.857869
12272 3.919448
12276 3.931694
12280 3.914877
12284 3.910441
