0 3.805596
2 3.838821
4 3.820100
6 3.761459
8 3.698138
10 3.667607
12 3.691417
14 3.768099
16 3.870359
18 3.951367
20 3.967096
22 3.903693
24 3.786276
26 3.662029
28 3.578190
30 3.565700
32 3.633184
34 3.758439
36 3.890414
38 3.970361
40 3.964538
42 3.876046
44 3.742982
46 3.621484
48 3.559360
50 3.575306
52 3.654328
54 3.755092
56 3.831093
58 3.853325
60 3.819174
62 3.748506
64 3.679526
66 3.648749
68 3.671716
70 3.734574
72 3.802848
74 3.838631
76 3.820753
78 3.753432
80 3.665729
82 3.598816
84 3.589020
86 3.646436
88 3.750438
90 3.858794
92 3.928102
94 3.927394
96 3.855828
98 3.743636
100 3.638844
102 3.581918
104 3.596558
106 3.678491
108 3.799827
110 3.913244
112 3.971722
114 3.951531
116 3.869461
118 3.765867
120 3.682111
122 3.646192
124 3.666791
126 3.729703
128 3.801460
130 3.843529
132 3.834767
134 3.782874
136 3.717349
138 3.673512
140 3.674709
142 3.723200
144 3.794031
146 3.847801
148 3.852753
150 3.802167
152 3.710220
154 3.610191
156 3.542707
158 3.541292
160 3.614109
162 3.739118
164 3.861570
166 3.929381
168 3.918278
170 3.837107
172 3.719227
174 3.619933
176 3.583769
178 3.626028
180 3.728533
182 3.850114
184 3.938415
186 3.958823
188 3.905217
190 3.803283
192 3.698900
194 3.639933
196 3.645130
198 3.705131
200 3.788779
202 3.854849
204 3.862794
206 3.803746
208 3.707608
210 3.624477
212 3.593048
214 3.628776
216 3.717975
218 3.826848
220 3.910550
222 3.927421
224 3.864128
226 3.751799
228 3.640994
230 3.576177
232 3.580095
234 3.652260
236 3.764207
238 3.865080
240 3.902305
242 3.855910
244 3.750221
246 3.633511
248 3.554544
250 3.545727
252 3.614817
254 3.738220
256 3.864998
258 3.937027
260 3.922224
262 3.828916
264 3.703580
266 3.605483
268 3.577238
270 3.628531
272 3.739554
274 3.862168
276 3.948537
278 3.967504
280 3.910795
282 3.800752
284 3.691226
286 3.628014
288 3.627470
290 3.677974
292 3.752207
294 3.812535
296 3.829270
298 3.794113
300 3.732669
302 3.687390
304 3.690900
306 3.745023
308 3.826249
310 3.899775
312 3.931285
314 3.892319
316 3.784643
318 3.650192
320 3.543741
322 3.501236
324 3.537237
326 3.641756
328 3.781541
330 3.896917
332 3.928918
334 3.859039
336 3.725676
338 3.587551
340 3.493427
342 3.468093
344 3.516720
346 3.625157
348 3.756942
350 3.860998
352 3.901951
354 3.877543
356 3.814685
358 3.747227
360 3.702791
362 3.693294
364 3.711907
366 3.740044
368 3.761786
370 3.768480
372 3.758058
374 3.739146
376 3.730084
378 3.746329
380 3.788643
382 3.842331
384 3.878522
386 3.871448
388 3.808344
390 3.701839
392 3.590163
394 3.522135
396 3.525400
398 3.602082
400 3.734465
402 3.889625
404 4.015124
406 4.052158
408 3.970824
410 3.808725
412 3.633756
414 3.498542
416 3.424636
418 3.420936
420 3.483032
422 3.590136
424 3.700451
426 3.769976
428 3.785242
430 3.771228
432 3.755473
434 3.744942
436 3.736452
438 3.728016
440 3.716234
442 3.695172
444 3.667634
446 3.650654
448 3.664287
450 3.715934
452 3.797950
454 3.890659
456 3.962551
458 3.977273
460 3.921598
462 3.809841
464 3.674138
466 3.555414
468 3.488828
470 3.490869
472 3.560802
474 3.677920
476 3.803201
478 3.896672
480 3.935530
482 3.913435
484 3.845161
486 3.763527
488 3.695771
490 3.652069
492 3.633021
494 3.637157
496 3.663688
498 3.708261
500 3.761568
502 3.809324
504 3.839175
506 3.840481
508 3.806249
510 3.743935
512 3.673403
514 3.607769
516 3.554734
518 3.527196
520 3.542054
522 3.601810
524 3.688451
526 3.773051
528 3.835964
530 3.872101
532 3.875638
534 3.839284
536 3.773269
538 3.700750
540 3.641838
542 3.608068
544 3.604204
546 3.634572
548 3.693675
550 3.761486
552 3.815310
554 3.848508
556 3.861216
558 3.849080
560 3.811664
562 3.762656
564 3.717785
566 3.687471
568 3.674410
570 3.680179
572 3.707853
574 3.754819
576 3.801460
578 3.825787
580 3.819610
582 3.786793
584 3.736751
586 3.685784
588 3.648015
590 3.631633
592 3.639906
594 3.665702
596 3.694192
598 3.714166
600 3.720860
602 3.715826
604 3.705567
606 3.696043
608 3.690737
610 3.691145
612 3.696941
614 3.705349
616 3.711390
618 3.713431
620 3.716533
622 3.727771
624 3.749432
626 3.779663
628 3.813270
630 3.838603
632 3.839311
634 3.809161
636 3.760534
638 3.718710
640 3.702465
642 3.716261
644 3.755609
646 3.810684
648 3.863964
650 3.889353
652 3.867148
654 3.802984
656 3.727118
658 3.671825
660 3.654192
662 3.678818
664 3.739091
666 3.814766
668 3.870713
670 3.875067
672 3.821623
674 3.731962
676 3.638926
678 3.573537
680 3.556775
682 3.591878
684 3.660042
686 3.726275
688 3.761840
690 3.761595
692 3.738547
694 3.707472
696 3.682492
698 3.677702
700 3.697349
702 3.728996
704 3.751527
706 3.748370
708 3.718792
710 3.675852
712 3.642654
714 3.641674
716 3.687907
718 3.775555
720 3.875692
722 3.945027
724 3.951993
726 3.886278
728 3.770629
730 3.651824
732 3.578626
734 3.574870
736 3.643280
738 3.760860
740 3.884999
742 3.964728
744 3.969953
746 3.901326
748 3.793487
750 3.691907
752 3.633375
754 3.632205
756 3.683498
758 3.759092
760 3.817950
762 3.827882
764 3.789541
766 3.730438
768 3.684070
770 3.673566
772 3.705240
774 3.766412
776 3.825814
778 3.845134
780 3.803718
782 3.719417
784 3.632259
786 3.582707
788 3.596068
790 3.677947
792 3.803664
794 3.924102
796 3.978007
798 3.931449
800 3.799283
802 3.636776
804 3.502053
806 3.443086
808 3.482352
810 3.611579
812 3.783990
814 3.936537
816 4.013110
818 3.995940
820 3.905380
822 3.790466
824 3.701023
826 3.671090
828 3.702900
830 3.770711
832 3.834440
834 3.861543
836 3.836753
838 3.771037
840 3.699172
842 3.663199
844 3.684641
846 3.755853
848 3.842576
850 3.900673
852 3.894822
854 3.816943
856 3.693539
858 3.576911
860 3.516284
862 3.537700
864 3.637810
866 3.783691
868 3.918959
870 3.984647
872 3.947803
874 3.827202
876 3.680995
878 3.570462
880 3.534652
882 3.583877
884 3.698818
886 3.832073
888 3.922442
890 3.927340
892 3.849760
894 3.732288
896 3.631661
898 3.592367
900 3.629892
902 3.727472
904 3.842359
906 3.920972
908 3.927938
910 3.865733
912 3.768969
914 3.686220
916 3.659906
918 3.705594
920 3.802194
922 3.899502
924 3.946224
926 3.917054
928 3.820453
930 3.693077
932 3.587279
934 3.548503
936 3.596095
938 3.712832
940 3.847665
942 3.936374
944 3.937680
946 3.852182
948 3.721023
950 3.604368
952 3.552122
954 3.583660
956 3.685158
958 3.814249
960 3.915095
962 3.940075
964 3.873516
966 3.746193
968 3.621348
970 3.555224
972 3.572775
974 3.662872
976 3.785813
978 3.888836
980 3.927666
982 3.885652
984 3.783718
986 3.671797
988 3.601810
990 3.605592
992 3.681866
994 3.796915
996 3.896700
998 3.932455
1000 3.891040
1002 3.799882
1004 3.705540
1006 3.651661
1008 3.666246
1010 3.750438
1012 3.870849
1014 3.965028
1016 3.975912
1018 3.891312
1020 3.749078
1022 3.608477
1024 3.525727
1026 3.533155
1028 3.631225
1030 3.785459
1032 3.931857
1034 3.999967
1036 3.960157
1038 3.834277
1040 3.679335
1042 3.559768
1044 3.524257
1046 3.583388
1048 3.709186
1050 3.845706
1052 3.933898
1054 3.934306
1056 3.847012
1058 3.713104
1060 3.594898
1062 3.540285
1064 3.565945
1066 3.652069
1068 3.754302
1070 3.825188
1072 3.833052
1074 3.774901
1076 3.686056
1078 3.621756
1080 3.624286
1082 3.705131
1084 3.836971
1086 3.965218
1088 4.029600
1090 3.993599
1092 3.863665
1094 3.697648
1096 3.567387
1098 3.524284
1100 3.585265
1102 3.734465
1104 3.915911
1106 4.052621
1108 4.081247
1110 3.989001
1112 3.817487
1114 3.643797
1116 3.532176
1118 3.515931
1120 3.592585
1122 3.727744
1124 3.854332
1126 3.909652
1128 3.874223
1130 3.779391
1132 3.677539
1134 3.621429
1136 3.637484
1138 3.717948
1140 3.822984
1142 3.895883
1144 3.887176
1146 3.792344
1148 3.651906
1150 3.528856
1152 3.477018
1154 3.526353
1156 3.666709
1158 3.847311
1160 3.991667
1162 4.038090
1164 3.965000
1166 3.805868
1168 3.633810
1170 3.522978
1172 3.512828
1174 3.604830
1176 3.759581
1178 3.912183
1180 4.001491
1182 3.994225
1184 3.890849
1186 3.740914
1188 3.617048
1190 3.570299
1192 3.611687
1194 3.716533
1196 3.835828
1198 3.914795
1200 3.915965
1202 3.839093
1204 3.728941
1206 3.645158
1208 3.626627
1210 3.677430
1212 3.773867
1214 3.866495
1216 3.902360
1218 3.853733
1220 3.738411
1222 3.608068
1224 3.524421
1226 3.519740
1228 3.596476
1230 3.729975
1232 3.875992
1234 3.964864
1236 3.948211
1238 3.833760
1240 3.678138
1242 3.543088
1244 3.480610
1246 3.508774
1248 3.618327
1250 3.770684
1252 3.905516
1254 3.957844
1256 3.911884
1258 3.803011
1260 3.688070
1262 3.614164
1264 3.610409
1266 3.673212
1268 3.773187
1270 3.867883
1272 3.920482
1274 3.904727
1276 3.824535
1278 3.718302
1280 3.641266
1282 3.631470
1284 3.694220
1286 3.796535
1288 3.886686
1290 3.922904
1292 3.889543
1294 3.800262
1296 3.695689
1298 3.626082
1300 3.623606
1302 3.687771
1304 3.786031
1306 3.869924
1308 3.895339
1310 3.841787
1312 3.727935
1314 3.609810
1316 3.537863
1318 3.532693
1320 3.587333
1322 3.683253
1324 3.786385
1326 3.847338
1328 3.823474
1330 3.722873
1332 3.598953
1334 3.513182
1336 3.495413
1338 3.546407
1340 3.651035
1342 3.783337
1344 3.893162
1346 3.931040
1348 3.887965
1350 3.802439
1352 3.718656
1354 3.668995
1356 3.665539
1358 3.702410
1360 3.756860
1362 3.797351
1364 3.800480
1366 3.771745
1368 3.737976
1370 3.722982
1372 3.738248
1374 3.787255
1376 3.855583
1378 3.903666
1380 3.892237
1382 3.820535
1384 3.718819
1386 3.625293
1388 3.574870
1390 3.584476
1392 3.650627
1394 3.749540
1396 3.842658
1398 3.891149
1400 3.874958
1402 3.799337
1404 3.690737
1406 3.585809
1408 3.516094
1410 3.497536
1412 3.529264
1414 3.599959
1416 3.689866
1418 3.769976
1420 3.815583
1422 3.826603
1424 3.822630
1426 3.814140
1428 3.795637
1430 3.763201
1432 3.730710
1434 3.711036
1436 3.694818
1438 3.671743
1440 3.652314
1442 3.657892
1444 3.692859
1446 3.740588
1448 3.782766
1450 3.810766
1452 3.817515
1454 3.792426
1456 3.737867
1458 3.677131
1460 3.638681
1462 3.636042
1464 3.667199
1466 3.724424
1468 3.792643
1470 3.847039
1472 3.877026
1474 3.878278
1476 3.850658
1478 3.797623
1480 3.723635
1482 3.644069
1484 3.582898
1486 3.556421
1488 3.563659
1490 3.596803
1492 3.650464
1494 3.714002
1496 3.767772
1498 3.795773
1500 3.795963
1502 3.774303
1504 3.735064
1506 3.682954
1508 3.631552
1510 3.598653
1512 3.595633
1514 3.624096
1516 3.680097
1518 3.752615
1520 3.822168
1522 3.867203
1524 3.884536
1526 3.873271
1528 3.831420
1530 3.770003
1532 3.710955
1534 3.668559
1536 3.644368
1538 3.632749
1540 3.634164
1542 3.659852
1544 3.719091
1546 3.799800
1548 3.874087
1550 3.921462
1552 3.930442
1554 3.891584
1556 3.805950
1558 3.700614
1560 3.615198
1562 3.578136
1564 3.596259
1566 3.664205
1568 3.765704
1570 3.865896
1572 3.918224
1574 3.899013
1576 3.819310
1578 3.710955
1580 3.608096
1582 3.541428
1584 3.526407
1586 3.563387
1588 3.632341
1590 3.696669
1592 3.727989
1594 3.727662
1596 3.708152
1598 3.683716
1600 3.668396
1602 3.676124
1604 3.708370
1606 3.751010
1608 3.778956
1610 3.773623
1612 3.737023
1614 3.687335
1616 3.653403
1618 3.660205
1620 3.716179
1622 3.804208
1624 3.893244
1626 3.943558
1628 3.926496
1630 3.843365
1632 3.730574
1634 3.635225
1636 3.597483
1638 3.632504
1640 3.732996
1642 3.864672
1644 3.977790
1646 4.017001
1648 3.962007
1650 3.841787
1652 3.713948
1654 3.621919
1656 3.591034
1658 3.626871
1660 3.714383
1662 3.810603
1664 3.864754
1666 3.844182
1668 3.763473
1670 3.665920
1672 3.596449
1674 3.579197
1676 3.620749
1678 3.704206
1680 3.789296
1682 3.830467
1684 3.813487
1686 3.755445
1688 3.688478
1690 3.644368
1692 3.649484
1694 3.710737
1696 3.807909
1698 3.892972
1700 3.915367
1702 3.857352
1704 3.743255
1706 3.622327
1708 3.544639
1710 3.540339
1712 3.612368
1714 3.736125
1716 3.861787
1718 3.935802
1720 3.929544
1722 3.849787
1724 3.732669
1726 3.632477
1728 3.592803
1730 3.628885
1732 3.723635
1734 3.839365
1736 3.927585
1738 3.949816
1740 3.893788
1742 3.784371
1744 3.670546
1746 3.600531
1748 3.597347
1750 3.654355
1752 3.740425
1754 3.816535
1756 3.845515
1758 3.813270
1760 3.739554
1762 3.667525
1764 3.633321
1766 3.655743
1768 3.728833
1770 3.821732
1772 3.884182
1774 3.876046
1776 3.793541
1778 3.674736
1780 3.573183
1782 3.533591
1784 3.574870
1786 3.691879
1788 3.848835
1790 3.982143
1792 4.026117
1794 3.959966
1796 3.816072
1798 3.657838
1800 3.547251
1802 3.524774
1804 3.595796
1806 3.732669
1808 3.880972
1810 3.979939
1812 3.992593
1814 3.923612
1816 3.809841
1818 3.706029
1820 3.658627
1822 3.682301
1824 3.754438
1826 3.829188
1828 3.862794
1830 3.834386
1832 3.755717
1834 3.664015
1836 3.608068
1838 3.621348
1840 3.704560
1842 3.820644
1844 3.914850
1846 3.939666
1848 3.877325
1850 3.746112
1852 3.601021
1854 3.501862
1856 3.489427
1858 3.570408
1860 3.717567
1862 3.872808
1864 3.973654
1866 3.976211
1868 3.877951
1870 3.723363
1872 3.581428
1874 3.504583
1876 3.517346
1878 3.611497
1880 3.750166
1882 3.875502
1884 3.936728
1886 3.916020
1888 3.837324
1890 3.746819
1892 3.689757
1894 3.691199
1896 3.748724
1898 3.830331
1900 3.887176
1902 3.884618
1904 3.824671
1906 3.739853
1908 3.671879
1910 3.655443
1912 3.707417
1914 3.814657
1916 3.931285
1918 3.995586
1920 3.966524
1922 3.851774
1924 3.697077
1926 3.560965
1928 3.494434
1930 3.524040
1932 3.642001
1934 3.803174
1936 3.939258
1938 3.994688
1940 3.950986
1942 3.829297
1944 3.684070
1946 3.578734
1948 3.553292
1950 3.612177
1952 3.725241
1954 3.839937
1956 3.904591
1958 3.889978
1960 3.803201
1962 3.688233
1964 3.601565
1966 3.580476
1968 3.630137
1970 3.725077
1972 3.821759
1974 3.873679
1976 3.853053
1978 3.771065
1980 3.675199
1982 3.617946
1984 3.631987
1986 3.717975
1988 3.846086
1990 3.964891
1992 4.018389
1994 3.973409
1996 3.846930
1998 3.697757
2000 3.587578
2002 3.555387
2004 3.614300
2006 3.746057
2008 3.899938
2010 4.006062
2012 4.011287
2014 3.913081
2016 3.761132
2018 3.622681
2020 3.551877
2022 3.572938
2024 3.675253
2026 3.813215
2028 3.920782
2030 3.946932
2032 3.883665
2034 3.763745
2036 3.640858
2038 3.568095
2040 3.574626
2042 3.654110
2044 3.764724
2046 3.849297
2048 3.864046
2050 3.801705
2052 3.690437
2054 3.585238
2056 3.536638
2058 3.570544
2060 3.676151
2062 3.811256
2064 3.914142
2066 3.941299
2068 3.881897
2070 3.765731
2072 3.650545
2074 3.594490
2076 3.623742
2078 3.729594
2080 3.873407
2082 4.000484
2084 4.047315
2086 3.981735
2088 3.828998
2090 3.659961
2092 3.539577
2094 3.507549
2096 3.566653
2098 3.693104
2100 3.842467
2102 3.957436
2104 3.979422
2106 3.901625
2108 3.775282
2110 3.665348
2112 3.611932
2114 3.627824
2116 3.696424
2118 3.780561
2120 3.836182
2122 3.835447
2124 3.779228
2126 3.696124
2128 3.626763
2130 3.606762
2132 3.651171
2134 3.742819
2136 3.836345
2138 3.878686
2140 3.843910
2142 3.743418
2144 3.620177
2146 3.526271
2148 3.504257
2150 3.572040
2152 3.716560
2154 3.881570
2156 3.998579
2158 4.023042
2160 3.947857
2162 3.799990
2164 3.648940
2166 3.561646
2168 3.568530
2170 3.659226
2172 3.796235
2174 3.919993
2176 3.981191
2178 3.952891
2180 3.847093
2182 3.712397
2184 3.614572
2186 3.585673
2188 3.620531
2190 3.690192
2192 3.759745
2194 3.792317
2196 3.769241
2198 3.705376
2200 3.644477
2202 3.626028
2204 3.666192
2206 3.750819
2208 3.847719
2210 3.915421
2212 3.911639
2214 3.819664
2216 3.673974
2218 3.536176
2220 3.457834
2222 3.463930
2224 3.555305
2226 3.705594
2228 3.859774
2230 3.948673
2232 3.934197
2234 3.833161
2236 3.696778
2238 3.579007
2240 3.520992
2242 3.540557
2244 3.628014
2246 3.744887
2248 3.838767
2250 3.879774
2252 3.870250
2254 3.826467
2256 3.774194
2258 3.745350
2260 3.760017
2262 3.809215
2264 3.855610
2266 3.867638
2268 3.838739
2270 3.777704
2272 3.702791
2274 3.648940
2276 3.646328
2278 3.702356
2280 3.792507
2282 3.873271
2284 3.909462
2286 3.891611
2288 3.822712
2290 3.725513
2292 3.637674
2294 3.596150
2296 3.611279
2298 3.669621
2300 3.743663
2302 3.804317
2304 3.819283
2306 3.771282
2308 3.678002
2310 3.582544
2312 3.519659
2314 3.506869
2316 3.545020
2318 3.621511
2320 3.707635
2322 3.765922
2324 3.770765
2326 3.737622
2328 3.702900
2330 3.689675
2332 3.701485
2334 3.734193
2336 3.778330
2338 3.814521
2340 3.817515
2342 3.779419
2344 3.720207
2346 3.666655
2348 3.633865
2350 3.630872
2352 3.669158
2354 3.747636
2356 3.838631
2358 3.895230
2360 3.891094
2362 3.837052
2364 3.762575
2366 3.694220
2368 3.651688
2370 3.645538
2372 3.673457
2374 3.720860
2376 3.767799
2378 3.793677
2380 3.784589
2382 3.743826
2384 3.693975
2386 3.663335
2388 3.664614
2390 3.689077
2392 3.718084
2394 3.739635
2396 3.743554
2398 3.718547
2400 3.668641
2402 3.618790
2404 3.593864
2406 3.602272
2408 3.639171
2410 3.696016
2412 3.760098
2414 3.806956
2416 3.813868
2418 3.785868
2420 3.746629
2422 3.706574
2424 3.664641
2426 3.634164
2428 3.637865
2430 3.676451
2432 3.723826
2434 3.755990
2436 3.772425
2438 3.782493
2440 3.784425
2442 3.771337
2444 3.750629
2446 3.738601
2448 3.737241
2450 3.732533
2452 3.719662
2454 3.708859
2456 3.707336
2458 3.710764
2460 3.716261
2462 3.727336
2464 3.745023
2466 3.760670
2468 3.766058
2470 3.761350
2472 3.747989
2474 3.721567
2476 3.679471
2478 3.633103
2480 3.600939
2482 3.592966
2484 3.608912
2486 3.646899
2488 3.702710
2490 3.762629
2492 3.803473
2494 3.810875
2496 3.785786
2498 3.738738
2500 3.682709
2502 3.636368
2504 3.614817
2506 3.625021
2508 3.662382
2510 3.712234
2512 3.755853
2514 3.780507
2516 3.780126
2518 3.758738
2520 3.732016
2522 3.716914
2524 3.719744
2526 3.737595
2528 3.762248
2530 3.781215
2532 3.781432
2534 3.758466
2536 3.726084
2538 3.709458
2540 3.723499
2542 3.764371
2544 3.817678
2546 3.862413
2548 3.878876
2550 3.856400
2552 3.801460
2554 3.733567
2556 3.677049
2558 3.650709
2560 3.664342
2562 3.714873
2564 3.781595
2566 3.824998
2568 3.812236
2570 3.745268
2572 3.659199
2574 3.586680
2576 3.549673
2578 3.559224
2580 3.616422
2582 3.704261
2584 3.791147
2586 3.842059
2588 3.845352
2590 3.811446
2592 3.761241
2594 3.714928
2596 3.693539
2598 3.707798
2600 3.745159
2602 3.777160
2604 3.783283
2606 3.758820
2608 3.713540
2610 3.666110
2612 3.640423
2614 3.652940
2616 3.709921
2618 3.796997
2620 3.879584
2622 3.918006
2624 3.895638
2626 3.821515
2628 3.728533
2630 3.655498
2632 3.628912
2634 3.652151
2636 3.714764
2638 3.796126
2640 3.866794
2642 3.893135
2644 3.858658
2646 3.777378
2648 3.689322
2650 3.633239
2652 3.628885
2654 3.671444
2656 3.737132
2658 3.790113
2660 3.799936
2662 3.758656
2664 3.686818
2666 3.621511
2668 3.594517
2670 3.621783
2672 3.699526
2674 3.803882
2676 3.889516
2678 3.915557
2680 3.870631
2682 3.778711
2684 3.675906
2686 3.601157
2688 3.581673
2690 3.624776
2692 3.709730
2694 3.796290
2696 3.841270
2698 3.827528
2700 3.770956
2702 3.706927
2704 3.667416
2706 3.674437
2708 3.730356
2710 3.814276
2712 3.886985
2714 3.914795
2716 3.881189
2718 3.798521
2720 3.703989
2722 3.643552
2724 3.642654
2726 3.699880
2728 3.787990
2730 3.867012
2732 3.901081
2734 3.872917
2736 3.788480
2738 3.681730
2740 3.599279
2742 3.576177
2744 3.618137
2746 3.704560
2748 3.796616
2750 3.853080
2752 3.846903
2754 3.782847
2756 3.696179
2758 3.630001
2760 3.612912
2762 3.651416
2764 3.730792
2766 3.818249
2768 3.875121
2770 3.873679
2772 3.813623
2774 3.722873
2776 3.642273
2778 3.607960
2780 3.636504
2782 3.716642
2784 3.812562
2786 3.876590
2788 3.877189
2790 3.817351
2792 3.727771
2794 3.645375
2796 3.607116
2798 3.635470
2800 3.725649
2802 3.841270
2804 3.931993
2806 3.958905
2808 3.915530
2810 3.823447
2812 3.721213
2814 3.649947
2816 3.639579
2818 3.692533
2820 3.780725
2822 3.857542
2824 3.883312
2826 3.842957
2828 3.753160
2830 3.654981
2832 3.593429
2834 3.593755
2836 3.653838
2838 3.746139
2840 3.829351
2842 3.863801
2844 3.829243
2846 3.739037
2848 3.638627
2850 3.579687
2852 3.592259
2854 3.674519
2856 3.795392
2858 3.906741
2860 3.960891
2862 3.931857
2864 3.829624
2866 3.698710
2868 3.594218
2870 3.558108
2872 3.605728
2874 3.719744
2876 3.851066
2878 3.938578
2880 3.944456
2882 3.876754
2884 3.775119
2886 3.684396
2888 3.640776
2890 3.662736
2892 3.743608
2894 3.845760
2896 3.914605
2898 3.911339
2900 3.840318
2902 3.739064
2904 3.655716
2906 3.627878
2908 3.671852
2910 3.773731
2912 3.888455
2914 3.954034
2916 3.931585
2918 3.825297
2920 3.678192
2922 3.551197
2924 3.497345
2926 3.538217
2928 3.661131
2930 3.818630
2932 3.945218
2934 3.985790
2936 3.926197
2938 3.795446
2940 3.653865
2942 3.560584
2944 3.549183
2946 3.616395
2948 3.727989
2950 3.831692
2952 3.881135
2954 3.852780
2956 3.763010
2958 3.661348
2960 3.601810
2962 3.614817
2964 3.698546
2966 3.821106
2968 3.928945
2970 3.968837
2972 3.917952
2974 3.801405
2976 3.675689
2978 3.594789
2980 3.588830
2982 3.660804
2984 3.786929
2986 3.917979
2988 3.991749
2990 3.969191
2992 3.861026
2994 3.718411
2996 3.600041
2998 3.550870
3000 3.586626
3002 3.693186
3004 3.823338
3006 3.914169
3008 3.921843
3010 3.848644
3012 3.731282
3014 3.623851
3016 3.569564
3018 3.587442
3020 3.666791
3022 3.772861
3024 3.854359
3026 3.872781
3028 3.818712
3030 3.718302
3032 3.621484
3034 3.581156
3036 3.618844
3038 3.717213
3040 3.830630
3042 3.910877
3044 3.922442
3046 3.854821
3048 3.731146
3050 3.609810
3052 3.548884
3054 3.578571
3056 3.688560
3058 3.837977
3060 3.968402
3062 4.024566
3064 3.973681
3066 3.838440
3068 3.685566
3070 3.580449
3072 3.556367
3074 3.616449
3076 3.736071
3078 3.867774
3080 3.949190
3082 3.935367
3084 3.836535
3086 3.712370
3088 3.622409
3090 3.598245
3092 3.641729
3094 3.731581
3096 3.826658
3098 3.872726
3100 3.837869
3102 3.739581
3104 3.629212
3106 3.555169
3108 3.546489
3110 3.607279
3112 3.716506
3114 3.826277
3116 3.883203
3118 3.856726
3120 3.761486
3122 3.641838
3124 3.553292
3126 3.535577
3128 3.599551
3130 3.719499
3132 3.843229
3134 3.913217
3136 3.904428
3138 3.824100
3140 3.710737
3142 3.620259
3144 3.601157
3146 3.664233
3148 3.781296
3150 3.898659
3152 3.969572
3154 3.965871
3156 3.881924
3158 3.744942
3160 3.617592
3162 3.556312
3164 3.582163
3166 3.676070
3168 3.794983
3170 3.894332
3172 3.939966
3174 3.907448
3176 3.810303
3178 3.700261
3180 3.630763
3182 3.625239
3184 3.679879
3186 3.769595
3188 3.854005
3190 3.885489
3192 3.842304
3194 3.753813
3196 3.673158
3198 3.634327
3200 3.642817
3202 3.688233
3204 3.751146
3206 3.802113
3208 3.801814
3210 3.732016
3212 3.619143
3214 3.515332
3216 3.463358
3218 3.485508
3220 3.582762
3222 3.730955
3224 3.873570
3226 3.949490
3228 3.935775
3230 3.852889
3232 3.736833
3234 3.638083
3236 3.600912
3238 3.641239
3240 3.736860
3242 3.839746
3244 3.902251
3246 3.906523
3248 3.857107
3250 3.773786
3252 3.693730
3254 3.657239
3256 3.680070
3258 3.743255
3260 3.805242
3262 3.833760
3264 3.820589
3266 3.773106
3268 3.711662
3270 3.672804
3272 3.684070
3274 3.745921
3276 3.831392
3278 3.901870
3280 3.922469
3282 3.871039
3284 3.754711
3286 3.621620
3288 3.526244
3290 3.494461
3292 3.521482
3294 3.593129
3296 3.695825
3298 3.802222
3300 3.860645
3302 3.835583
3304 3.754575
3306 3.673131
3308 3.622926
3310 3.609375
3312 3.630001
3314 3.679934
3316 3.741486
3318 3.783174
3320 3.789623
3322 3.778248
3324 3.770248
3326 3.771799
3328 3.785215
3330 3.814059
3332 3.845814
3334 3.850957
3336 3.809514
3338 3.736697
3340 3.664777
3342 3.615742
3344 3.601483
3346 3.634382
3348 3.718710
3350 3.827800
3352 3.908999
3354 3.930061
3356 3.895312
3358 3.824317
3360 3.737567
3362 3.660233
3364 3.616205
3366 3.619524
3368 3.666001
3370 3.736914
3372 3.803827
3374 3.843447
3376 3.839746
3378 3.795147
3380 3.731336
3382 3.671389
3384 3.624667
3386 3.597946
3388 3.598980
3390 3.625701
3392 3.662001
3394 3.690927
3396 3.709512
3398 3.728479
3400 3.752126
3402 3.771935
3404 3.781759
3406 3.786031
3408 3.785677
3410 3.771582
3412 3.743119
3414 3.715853
3416 3.705213
3418 3.712451
3420 3.730901
3422 3.757432
3424 3.791582
3426 3.820780
3428 3.830440
3430 3.817161
3432 3.788806
3434 3.750983
3436 3.710492
3438 3.681485
3440 3.677838
3442 3.697077
3444 3.723472
3446 3.747309
3448 3.772779
3450 3.801514
3452 3.821215
3454 3.818440
3456 3.797732
3458 3.777459
3460 3.765622
3462 3.755663
3464 3.744751
3466 3.738084
3468 3.735744
3470 3.728533
3472 3.710166
3474 3.683553
3476 3.657348
3478 3.640396
3480 3.638436
3482 3.653267
3484 3.681049
3486 3.713268
3488 3.742629
3490 3.765105
3492 3.776942
3494 3.771718
3496 3.750547
3498 3.730465
3500 3.727581
3502 3.742629
3504 3.767228
3506 3.796371
3508 3.824209
3510 3.836290
3512 3.818467
3514 3.775038
3516 3.731826
3518 3.711281
3520 3.715853
3522 3.738411
3524 3.773650
3526 3.812753
3528 3.837324
3530 3.833079
3532 3.803582
3534 3.764833
3536 3.733948
3538 3.721894
3540 3.734629
3542 3.765241
3544 3.790602
3546 3.786004
3548 3.749976
3550 3.703798
3552 3.668940
3554 3.655525
3556 3.670192
3558 3.715064
3560 3.779010
3562 3.830984
3564 3.841052
3566 3.803147
3568 3.736669
3570 3.666355
3572 3.616885
3574 3.605674
3576 3.640423
3578 3.709567
3580 3.782439
3582 3.825460
3584 3.827175
3586 3.794494
3588 3.745459
3590 3.704397
3592 3.692832
3594 3.715472
3596 3.757486
3598 3.794793
3600 3.807936
3602 3.788752
3604 3.742874
3606 3.692342
3608 3.667444
3610 3.686247
3612 3.743173
3614 3.816562
3616 3.878522
3618 3.906196
3620 3.885788
3622 3.820072
3624 3.733676
3626 3.663852
3628 3.638681
3630 3.664478
3632 3.727744
3634 3.803365
3636 3.860481
3638 3.871965
3640 3.832454
3642 3.765187
3644 3.701458
3646 3.665729
3648 3.668723
3650 3.708778
3652 3.767854
3654 3.815174
3656 3.824127
3658 3.793296
3660 3.743200
3662 3.697431
3664 3.671253
3666 3.675444
3668 3.712424
3670 3.767636
3672 3.809514
3674 3.809732
3676 3.765595
3678 3.701050
3680 3.647253
3682 3.631144
3684 3.665974
3686 3.745159
3688 3.838195
3690 3.902877
3692 3.910605
3694 3.859202
3696 3.767718
3698 3.671689
3700 3.609919
3702 3.608368
3704 3.666573
3706 3.756996
3708 3.839365
3710 3.882931
3712 3.876944
3714 3.825651
3716 3.750847
3718 3.688777
3720 3.671253
3722 3.705540
3724 3.771174
3726 3.829243
3728 3.844508
3730 3.804235
3732 3.725377
3734 3.646627
3736 3.606354
3738 3.625402
3740 3.701485
3742 3.807147
3744 3.898958
3746 3.932319
3748 3.886441
3750 3.780453
3752 3.662301
3754 3.579741
3756 3.561156
3758 3.612504
3760 3.713812
3762 3.822249
3764 3.884182
3766 3.866958
3768 3.785459
3770 3.687825
3772 3.618871
3774 3.608286
3776 3.665103
3778 3.772752
3780 3.885679
3782 3.947912
3784 3.925435
3786 3.832318
3788 3.716152
3790 3.629593
3792 3.609701
3794 3.669348
3796 3.786929
3798 3.907367
3800 3.968565
3802 3.938905
3804 3.829624
3806 3.682573
3808 3.555169
3810 3.497046
3812 3.532121
3814 3.647362
3816 3.792262
3818 3.902142
3820 3.934387
3822 3.882686
3824 3.775092
3826 3.662927
3828 3.599252
3830 3.613130
3832 3.698165
3834 3.812562
3836 3.901380
3838 3.922714
3840 3.867203
3842 3.760507
3844 3.654273
3846 3.596667
3848 3.612096
3850 3.693186
3852 3.803419
3854 3.884645
3856 3.888482
3858 3.802058
3860 3.665348
3862 3.541156
3864 3.485182
3866 3.521808
3868 3.645566
3870 3.818875
3872 3.979776
3874 4.056975
3876 4.017981
3878 3.887448
3880 3.730139
3882 3.608640
3884 3.566381
3886 3.612830
3888 3.724071
3890 3.847882
3892 3.924047
3894 3.911503
3896 3.817623
3898 3.690356
3900 3.591796
3902 3.565782
3904 3.626463
3906 3.749976
3908 3.881080
3910 3.956619
3912 3.940483
3914 3.838712
3916 3.698165
3918 3.585428
3920 3.553346
3922 3.617402
3924 3.752180
3926 3.898632
3928 3.988048
3930 3.977055
3932 3.863012
3934 3.691934
3936 3.536829
3938 3.460310
3940 3.489209
3942 3.612313
3944 3.780044
3946 3.921707
3948 3.974062
3950 3.915612
3952 3.779419
3954 3.640123
3956 3.560285
3958 3.567469
3960 3.653947
3962 3.785187
3964 3.901870
3966 3.949272
3968 3.904781
3970 3.799419
3972 3.694029
3974 3.645593
3976 3.673757
3978 3.765486
3980 3.882631
3982 3.970415
3984 3.967966
3986 3.859638
3988 3.688396
3990 3.528312
3992 3.442160
3994 3.466487
3996 3.595034
3998 3.783827
4000 3.959259
4002 4.048975
4004 4.014525
4006 3.879720
4008 3.708016
4010 3.571306
4012 3.516665
4014 3.557945
4016 3.667906
4018 3.789813
4020 3.862985
4022 3.858495
4024 3.784942
4026 3.680560
4028 3.597075
4030 3.576068
4032 3.628450
4034 3.731581
4036 3.838413
4038 3.894768
4040 3.867148
4042 3.763119
4044 3.634980
4046 3.547414
4048 3.543142
4050 3.623416
4052 3.755799
4054 3.888427
4056 3.978334
4058 3.992810
4060 3.919612
4062 3.788888
4064 3.666518
4066 3.605130
4068 3.619933
4070 3.688424
4072 3.769105
4074 3.816372
4076 3.799473
4078 3.718002
4080 3.609837
4082 3.526162
4084 3.509835
4086 3.573619
4088 3.697594
4090 3.833569
4092 3.924428
4094 3.929734
4096 3.853134
4098 3.735010
4100 3.628014
4102 3.576231
4104 3.601919
4106 3.693675
4108 3.808263
4110 3.884346
4112 3.880264
4114 3.798875
4116 3.675362
4118 3.559496
4120 3.499903
4122 3.524094
4124 3.624477
4126 3.757268
4128 3.861107
4130 3.891502
4132 3.846059
4134 3.754030
4136 3.658627
4138 3.603796
4140 3.615878
4142 3.690437
4144 3.790439
4146 3.866577
4148 3.883148
4150 3.833950
4152 3.741078
4154 3.649076
4156 3.605565
4158 3.633919
4160 3.722329
4162 3.831637
4164 3.915067
4166 3.934932
4168 3.869842
4170 3.735771
4172 3.594599
4174 3.510652
4176 3.513101
4178 3.591007
4180 3.706138
4182 3.812861
4184 3.875312
4186 3.869842
4188 3.796126
4190 3.686900
4192 3.591714
4194 3.548829
4196 3.571687
4198 3.647661
4200 3.737921
4202 3.794330
4204 3.790983
4206 3.737758
4208 3.668668
4210 3.621865
4212 3.622164
4214 3.674219
4216 3.762058
4218 3.847257
4220 3.885216
4222 3.854794
4224 3.769323
4226 3.666328
4228 3.589782
4230 3.572204
4232 3.623035
4234 3.730166
4236 3.854658
4238 3.946034
4240 3.972565
4242 3.930360
4244 3.833025
4246 3.717241
4248 3.633593
4250 3.613946
4252 3.655852
4254 3.733622
4256 3.811882
4258 3.860753
4260 3.863284
4262 3.821460
4264 3.757622
4266 3.705159
4268 3.685730
4270 3.697104
4272 3.722873
4274 3.744234
4276 3.743119
4278 3.708778
4280 3.648994
4282 3.593646
4284 3.572802
4286 3.602109
4288 3.677539
4290 3.780752
4292 3.878223
4294 3.931421
4296 3.911475
4298 3.824889
4300 3.709322
4302 3.611198
4304 3.559006
4306 3.564802
4308 3.622463
4310 3.712070
4312 3.800018
4314 3.858196
4316 3.874332
4318 3.851991
4320 3.801269
4322 3.741486
4324 3.696669
4326 3.682301
4328 3.696614
4330 3.723771
4332 3.745758
4334 3.756371
4336 3.756670
4338 3.749105
4340 3.738901
4342 3.737241
4344 3.749159
4346 3.766874
4348 3.777078
4350 3.770330
4352 3.746602
4354 3.712560
4356 3.679308
4358 3.658981
4360 3.659117
4362 3.680587
4364 3.716968
4366 3.758030
4368 3.792072
4370 3.805705
4372 3.788181
4374 3.739880
4376 3.676804
4378 3.623198
4380 3.598735
4382 3.613102
4384 3.663961
4386 3.736778
4388 3.810412
4390 3.867230
4392 3.894251
4394 3.881108
4396 3.824263
4398 3.739853
4400 3.660913
4402 3.615851
4404 3.608504
4406 3.631715
4408 3.677076
4410 3.734465
4412 3.785215
4414 3.813242
4416 3.816970
4418 3.812099
4420 3.810929
4422 3.812236
4424 3.810086
4426 3.805569
4428 3.798847
4430 3.783174
4432 3.756371
4434 3.729295
4436 3.720343
4438 3.738520
4440 3.778357
4442 3.826658
4444 3.870658
4446 3.889951
4448 3.861787
4450 3.781051
4452 3.673457
4454 3.573102
4456 3.511767
4458 3.506107
4460 3.556612
4462 3.644749
4464 3.739255
4466 3.804562
4468 3.823474
4470 3.803065
4472 3.762384
4474 3.719662
4476 3.692152
4478 3.691526
4480 3.716043
4482 3.749758
4484 3.773568
4486 3.775827
4488 3.759228
4490 3.734520
4492 3.715417
4494 3.710927
4496 3.724016
4498 3.750248
4500 3.777378
4502 3.790439
4504 3.779718
4506 3.749350
4508 3.716234
4510 3.702655
4512 3.720996
4514 3.768071
4516 3.827692
4518 3.880835
4520 3.910387
4522 3.903258
4524 3.858141
4526 3.791446
4528 3.730629
4530 3.698274
4532 3.702764
4534 3.737050
4536 3.784344
4538 3.821406
4540 3.827066
4542 3.796371
4544 3.743472
4546 3.690737
4548 3.656804
4550 3.653348
4552 3.682764
4554 3.734574
4556 3.785650
4558 3.811909
4560 3.802766
4562 3.769786
4564 3.732479
4566 3.708968
4568 3.709757
4570 3.736397
4572 3.778221
4574 3.814113
4576 3.823610
4578 3.800725
4580 3.754602
4582 3.703472
4584 3.667253
4586 3.662790
4588 3.693648
4590 3.745758
4592 3.793079
4594 3.814603
4596 3.803609
4598 3.767799
4600 3.723608
4602 3.694628
4604 3.700614
4606 3.745622
4608 3.812372
4610 3.871393
4612 3.898632
4614 3.884237
4616 3.830739
4618 3.756425
4620 3.692233
4622 3.664967
4624 3.683961
4626 3.737404
4628 3.799446
4630 3.841597
4632 3.843175
4634 3.800262
4636 3.730819
4638 3.665974
4640 3.632341
4642 3.641130
4644 3.685757
4646 3.746329
4648 3.797215
4650 3.814957
4652 3.793677
4654 3.750493
4656 3.712751
4658 3.701975
4660 3.725540
4662 3.773976
4664 3.823664
4666 3.844318
4668 3.816072
4670 3.745459
4672 3.662410
4674 3.602055
4676 3.590299
4678 3.637838
4680 3.734574
4682 3.847529
4684 3.928428
4686 3.940755
4688 3.883801
4690 3.787772
4692 3.693512
4694 3.638409
4696 3.643743
4698 3.708424
4700 3.807800
4702 3.902305
4704 3.953572
4706 3.943911
4708 3.879747
4710 3.789051
4712 3.709757
4714 3.671879
4716 3.679825
4718 3.714002
4720 3.744098
4722 3.747853
4724 3.721050
4726 3.675825
4728 3.635742
4730 3.627062
4732 3.664287
4734 3.739717
4736 3.824807
4738 3.881325
4740 3.880699
4742 3.816181
4744 3.711036
4746 3.608504
4748 3.549618
4750 3.556720
4752 3.630953
4754 3.750357
4756 3.875638
4758 3.955912
4760 3.950252
4762 3.859311
4764 3.731499
4766 3.622409
4768 3.565809
4770 3.573972
4772 3.642708
4774 3.748887
4776 3.852019
4778 3.906088
4780 3.891638
4782 3.829107
4784 3.759527
4786 3.714819
4788 3.710737
4790 3.746574
4792 3.805324
4794 3.852263
4796 3.856264
4798 3.809786
4800 3.735146
4802 3.667172
4804 3.640776
4806 3.673267
4808 3.757541
4810 3.860073
4812 3.933952
4814 3.937272
4816 3.861461
4818 3.735037
4820 3.608531
4822 3.528992
4824 3.528257
4826 3.607633
4828 3.736370
4830 3.862631
4832 3.939694
4834 3.936047
4836 3.851012
4838 3.720914
4840 3.604340
4842 3.544856
4844 3.561619
4846 3.642328
4848 3.750847
4850 3.840889
4852 3.876781
4854 3.846712
4856 3.775146
4858 3.704315
4860 3.667416
4862 3.678111
4864 3.731717
4866 3.804399
4868 3.855855
4870 3.849678
4872 3.783364
4874 3.695009
4876 3.629511
4878 3.616694
4880 3.665702
4882 3.766439
4884 3.882958
4886 3.968783
4888 3.981436
4890 3.911231
4892 3.787310
4894 3.664559
4896 3.589537
4898 3.588503
4900 3.659552
4902 3.773078
4904 3.874795
4906 3.921217
4908 3.899149
4910 3.822168
4912 3.718792
4914 3.632695
4916 3.599796
4918 3.629348
4920 3.698492
4922 3.767554
4924 3.798113
4926 3.775201
4928 3.706574
4930 3.622001
4932 3.563333
4934 3.566870
4936 3.636695
4938 3.742465
4940 3.836943
4942 3.882686
4944 3.859774
4946 3.775691
4948 3.667852
4950 3.590218
4952 3.578163
4954 3.635008
4956 3.732860
4958 3.830141
4960 3.891040
4962 3.893353
4964 3.832372
4966 3.734601
4968 3.647307
4970 3.611579
4972 3.640396
4974 3.717676
4976 3.808453
4978 3.873352
4980 3.882359
4982 3.829542
4984 3.739962
4986 3.656042
4988 3.616722
4990 3.639498
4992 3.715064
4994 3.808399
4996 3.875039
4998 3.883148
5000 3.830685
5002 3.737323
5004 3.639171
5006 3.576041
5008 3.574626
5010 3.631715
5012 3.717649
5014 3.791256
5016 3.825460
5018 3.810358
5020 3.748996
5022 3.663117
5024 3.598925
5026 3.595061
5028 3.656205
5030 3.751146
5032 3.833814
5034 3.866767
5036 3.843665
5038 3.779936
5040 3.706737
5042 3.658083
5044 3.657185
5046 3.699118
5048 3.757731
5050 3.800399
5052 3.799446
5054 3.739309
5056 3.632967
5058 3.527468
5060 3.477753
5062 3.511958
5064 3.623579
5066 3.780480
5068 3.933598
5070 4.026607
5072 4.018770
5074 3.913027
5076 3.760779
5078 3.627525
5080 3.559605
5082 3.570870
5084 3.649647
5086 3.762439
5088 3.857869
5090 3.887148
5092 3.835420
5094 3.731554
5096 3.623143
5098 3.550734
5100 3.536530
5102 3.582027
5104 3.663498
5106 3.737731
5108 3.768180
5110 3.745540
5112 3.686247
5114 3.624178
5116 3.595850
5118 3.624776
5120 3.709322
5122 3.817950
5124 3.900536
5126 3.920619
5128 3.874169
5130 3.780752
5132 3.672505
5134 3.591143
5136 3.572721
5138 3.627008
5140 3.729676
5142 3.832617
5144 3.885516
5146 3.860753
5148 3.769486
5150 3.655307
5152 3.571796
5154 3.556938
5156 3.621865
5158 3.746221
5160 3.883339
5162 3.979259
5164 3.998851
5166 3.940184
5168 3.832345
5170 3.717676
5172 3.636314
5174 3.615007
5176 3.659661
5178 3.745622
5180 3.821814
5182 3.838358
5184 3.781704
5186 3.678818
5188 3.574979
5190 3.512556
5192 3.517155
5194 3.587959
5196 3.697893
5198 3.799201
5200 3.846141
5202 3.822603
5204 3.746765
5206 3.657131
5208 3.593701
5210 3.583034
5212 3.629919
5214 3.716016
5216 3.808290
5218 3.871774
5220 3.879230
5222 3.822249
5224 3.726628
5226 3.646409
5228 3.626545
5230 3.676940
5232 3.767881
5234 3.851665
5236 3.889734
5238 3.867039
5240 3.788126
5242 3.683308
5244 3.595606
5246 3.565700
5248 3.607823
5250 3.705240
5252 3.818059
5254 3.908863
5256 3.945980
5258 3.914006
5260 3.827664
5262 3.728697
5264 3.654790
5266 3.628667
5268 3.650164
5270 3.700614
5272 3.749459
5274 3.766711
5276 3.736969
5278 3.674410
5280 3.617211
5282 3.600095
5284 3.630599
5286 3.692614
5288 3.759935
5290 3.809297
5292 3.824154
5294 3.801514
5296 3.751364
5298 3.696696
5300 3.666410
5302 3.680151
5304 3.735608
5306 3.810385
5308 3.872128
5310 3.894604
5312 3.867475
5314 3.795637
5316 3.700179
5318 3.613647
5320 3.564585
5322 3.566761
5324 3.615361
5326 3.692832
5328 3.775609
5330 3.839392
5332 3.863583
5334 3.846495
5336 3.803936
5338 3.758765
5340 3.725894
5342 3.712261
5344 3.716805
5346 3.733758
5348 3.751799
5350 3.758493
5352 3.751609
5354 3.742846
5356 3.744915
5358 3.759119
5360 3.778983
5362 3.796126
5364 3.800099
5366 3.777187
5368 3.720724
5370 3.645756
5372 3.584041
5374 3.556476
5376 3.570734
5378 3.623960
5380 3.707499
5382 3.802548
5384 3.882169
5386 3.914741
5388 3.888237
5390 3.819555
5392 3.741431
5394 3.678519
5396 3.648831
5398 3.658654
5400 3.701403
5402 3.758901
5404 3.811120
5406 3.840100
5408 3.838903
5410 3.813814
5412 3.781813
5414 3.757813
5416 3.748479
5418 3.749296
5420 3.752044
5422 3.754819
5424 3.757541
5426 3.758575
5428 3.758956
5430 3.764670
5432 3.779500
5434 3.798412
5436 3.807011
5438 3.793351
5440 3.758112
5442 3.710356
5444 3.660750
5446 3.624803
5448 3.619307
5450 3.650736
5452 3.710955
5454 3.781051
5456 3.838304
5458 3.866359
5460 3.856617
5462 3.811746
5464 3.744534
5466 3.675580
5468 3.625511
5470 3.608313
5472 3.624858
5474 3.664750
5476 3.713268
5478 3.759772
5480 3.798058
5482 3.821896
5484 3.826494
5486 3.816426
5488 3.804943
5490 3.799637
5492 3.794086
5494 3.777949
5496 3.751772
5498 3.727418
5500 3.714492
5502 3.716669
5504 3.734139
5506 3.768180
5508 3.812453
5510 3.851257
5512 3.868781
5514 3.861379
5516 3.832998
5518 3.789568
5520 3.740370
5522 3.701703
5524 3.685049
5526 3.690655
5528 3.710601
5530 3.738738
5532 3.771473
5534 3.798875
5536 3.804208
5538 3.782167
5540 3.748534
5542 3.724533
5544 3.716451
5546 3.719091
5548 3.728179
5550 3.743744
5552 3.762684
5554 3.773922
5556 3.768969
5558 3.752615
5560 3.735744
5562 3.725839
5564 3.724288
5566 3.730492
5568 3.740806
5570 3.748044
5572 3.745159
5574 3.731799
5576 3.716343
5578 3.709485
5580 3.719635
5582 3.748615
5584 3.790085
5586 3.828862
5588 3.848073
5590 3.838576
5592 3.804399
5594 3.756915
5596 3.713159
5598 3.690301
5600 3.698682
5602 3.735853
5604 3.786330
5606 3.829488
5608 3.847202
5610 3.831175
5612 3.786004
5614 3.732234
5616 3.695553
5618 3.691362
5620 3.716860
5622 3.755473
5624 3.787500
5626 3.798929
5628 3.784942
5630 3.751091
5632 3.713730
5634 3.692124
5636 3.696886
5638 3.725975
5640 3.767146
5642 3.802548
5644 3.815610
5646 3.797895
5648 3.756588
5650 3.710274
5652 3.675553
5654 3.662790
5656 3.675825
5658 3.710819
5660 3.753323
5662 3.783364
5664 3.785732
5666 3.763990
5668 3.736044
5670 3.720533
5672 3.728560
5674 3.762738
5676 3.815746
5678 3.869325
5680 3.901434
5682 3.897924
5684 3.859257
5686 3.798439
5688 3.735010
5690 3.691063
5692 3.682927
5694 3.712043
5696 3.761241
5698 3.804616
5700 3.820317
5702 3.800045
5704 3.749976
5706 3.690383
5708 3.647987
5710 3.642981
5712 3.678818
5714 3.741812
5716 3.809433
5718 3.856699
5720 3.862930
5722 3.821433
5724 3.750030
5726 3.682519
5728 3.646164
5730 3.649402
5732 3.684968
5734 3.735744
5736 3.778956
5738 3.789677
5740 3.755990
5742 3.693240
5744 3.638681
5746 3.622681
5748 3.654273
5750 3.720968
5752 3.798167
5754 3.852400
5756 3.858114
5758 3.810467
5760 3.731907
5762 3.659552
5764 3.629892
5766 3.659389
5768 3.741948
5770 3.850903
5772 3.947939
5774 3.991885
5776 3.965028
5778 3.878604
5780 3.766058
5782 3.666083
5784 3.613075
5786 3.618354
5788 3.670600
5790 3.740778
5792 3.794847
5794 3.805188
5796 3.772344
5798 3.723962
5800 3.694737
5802 3.705186
5804 3.752098
5806 3.815120
5808 3.868318
5810 3.887230
5812 3.852209
5814 3.764534
5816 3.656750
5818 3.577755
5820 3.562054
5822 3.614490
5824 3.712805
5826 3.819964
5828 3.892999
5830 3.897081
5832 3.822957
5834 3.703281
5836 3.591660
5838 3.530135
5840 3.535305
5842 3.601701
5844 3.705839
5846 3.809759
5848 3.868509
5850 3.857978
5852 3.795936
5854 3.728125
5856 3.688505
5858 3.689675
5860 3.729458
5862 3.797188
5864 3.863964
5866 3.892591
5868 3.860617
5870 3.786711
5872 3.715417
5874 3.686410
5876 3.708751
5878 3.766412
5880 3.830386
5882 3.868645
5884 3.852073
5886 3.773976
5888 3.660205
5890 3.560176
5892 3.515876
5894 3.550707
5896 3.656777
5898 3.798194
5900 3.919176
5902 3.973926
5904 3.939694
5906 3.829705
5908 3.684723
5910 3.557210
5912 3.486406
5914 3.493155
5916 3.566408
5918 3.669049
5920 3.755473
5922 3.793160
5924 3.774167
5926 3.723037
5928 3.674872
5930 3.656233
5932 3.677539
5934 3.731962
5936 3.800154
5938 3.855202
5940 3.867583
5942 3.824372
5944 3.749813
5946 3.690737
5948 3.682736
5950 3.737050
5952 3.837107
5954 3.936211
5956 3.984701
5958 3.953789
5960 3.850331
5962 3.709703
5964 3.584803
5966 3.519849
5968 3.538081
5970 3.632150
5972 3.765214
5974 3.875611
5976 3.915394
5978 3.874332
5980 3.779473
5982 3.671036
5984 3.594435
5986 3.582599
5988 3.641348
5990 3.738139
5992 3.818984
5994 3.839229
5996 3.793786
5998 3.705376
6000 3.612912
6002 3.558190
6004 3.571251
6006 3.649185
6008 3.749840
6010 3.814793
6012 3.810712
6014 3.741649
6016 3.634654
6018 3.531740
6020 3.482052
6022 3.519223
6024 3.639035
6026 3.792643
6028 3.912999
6030 3.961626
6032 3.933925
6034 3.839093
6036 3.711336
6038 3.608449
6040 3.582517
6042 3.645620
6044 3.759609
6046 3.863339
6048 3.913380
6050 3.896264
6052 3.822984
6054 3.725486
6056 3.648641
6058 3.628640
6060 3.675308
6062 3.765813
6064 3.852808
6066 3.889080
6068 3.854903
6070 3.767282
6072 3.663063
6074 3.580830
6076 3.550217
6078 3.585401
6080 3.676396
6082 3.784915
6084 3.854440
6086 3.842386
6088 3.755527
6090 3.639171
6092 3.543877
6094 3.505345
6096 3.539332
6098 3.634763
6100 3.757241
6102 3.856781
6104 3.886713
6106 3.831011
6108 3.713757
6110 3.587905
6112 3.512366
6114 3.517808
6116 3.594354
6118 3.704451
6120 3.804426
6122 3.860019
6124 3.852944
6126 3.790330
6128 3.710846
6130 3.665076
6132 3.682655
6134 3.756534
6136 3.854032
6138 3.932537
6140 3.956102
6142 3.905761
6144 3.795745
6146 3.677457
6148 3.605837
6150 3.604313
6152 3.663825
6154 3.759581
6156 3.856998
6158 3.911612
6160 3.886278
6162 3.784779
6164 3.660097
6166 3.575279
6168 3.554326
6170 3.585238
6172 3.645892
6174 3.714873
6176 3.760098
6178 3.751010
6180 3.690601
6182 3.618871
6184 3.580177
6186 3.596694
6188 3.661784
6190 3.749568
6192 3.826385
6194 3.862005
6196 3.837379
6198 3.765350
6200 3.681131
6202 3.621973
6204 3.608858
6206 3.647253
6208 3.725622
6210 3.817079
6212 3.883012
6214 3.895883
6216 3.852971
6218 3.776507
6220 3.699961
6222 3.654409
6224 3.654028
6226 3.696968
6228 3.765568
6230 3.826766
6232 3.847746
6234 3.823229
6236 3.773895
6238 3.729404
6240 3.710465
6242 3.717594
6244 3.738846
6246 3.763990
6248 3.782874
6250 3.777541
6252 3.739091
6254 3.682546
6256 3.639606
6258 3.633021
6260 3.662763
6262 3.712234
6264 3.765051
6266 3.803746
6268 3.810412
6270 3.777704
6272 3.725159
6274 3.682845
6276 3.668831
6278 3.682192
6280 3.716397
6282 3.766684
6284 3.818222
6286 3.844726
6288 3.831828
6290 3.791392
6292 3.746221
6294 3.707009
6296 3.677947
6298 3.666110
6300 3.676070
6302 3.698410
6304 3.717567
6306 3.729241
6308 3.742248
6310 3.761840
6312 3.781378
6314 3.793705
6316 3.800453
6318 3.803909
6320 3.796915
6322 3.775174
6324 3.749595
6326 3.738656
6328 3.748234
6330 3.765677
6332 3.778929
6334 3.787636
6336 3.791419
6338 3.780888
6340 3.752643
6342 3.718846
6344 3.691607
6346 3.674437
6348 3.661838
6350 3.655988
6352 3.667580
6354 3.699009
6356 3.736288
6358 3.763745
6360 3.778466
6362 3.786874
6364 3.791745
6366 3.788779
6368 3.775228
6370 3.755445
6372 3.737703
6374 3.726764
6376 3.722111
6378 3.720860
6380 3.723853
6382 3.733948
6384 3.747364
6386 3.755990
6388 3.755173
6390 3.746792
6392 3.736642
6394 3.729350
6396 3.726220
6398 3.731526
6400 3.751799
6402 3.786439
6404 3.825515
6406 3.854604
6408 3.864509
6410 3.851610
6412 3.819229
6414 3.778248
6416 3.747472
6418 3.738710
6420 3.748833
6422 3.766711
6424 3.784806
6426 3.798575
6428 3.798031
6430 3.774629
6432 3.737486
6434 3.705458
6436 3.687526
6438 3.678383
6440 3.671226
6442 3.669621
6444 3.679253
6446 3.694982
6448 3.704451
6450 3.707145
6452 3.717077
6454 3.744833
6456 3.785949
6458 3.822467
6460 3.837569
6462 3.823936
6464 3.782847
6466 3.728642
6468 3.685104
6470 3.670192
6472 3.686301
6474 3.725839
6476 3.776289
6478 3.819066
6480 3.833678
6482 3.809378
6484 3.758820
6486 3.710900
6488 3.687771
6490 3.694056
6492 3.723417
6494 3.765405
6496 3.806875
6498 3.834195
6500 3.838086
6502 3.821896
6504 3.797813
6506 3.779745
6508 3.774248
6510 3.780453
6512 3.787473
6514 3.779963
6516 3.752234
6518 3.714166
6520 3.683498
6522 3.674736
6524 3.691934
6526 3.728996
6528 3.775990
6530 3.819011
6532 3.837488
6534 3.815202
6536 3.755690
6538 3.685131
6540 3.635008
6542 3.626409
6544 3.661403
6546 3.727499
6548 3.805133
6550 3.871121
6552 3.901489
6554 3.882958
6556 3.824426
6558 3.755037
6560 3.703771
6562 3.682301
6564 3.684777
6566 3.700614
6568 3.721077
6570 3.738683
6572 3.747146
6574 3.746520
6576 3.747146
6578 3.760996
6580 3.788861
6582 3.819310
6584 3.840644
6586 3.845433
6588 3.826304
6590 3.780997
6592 3.722873
6594 3.678764
6596 3.673104
6598 3.711553
6600 3.779636
6602 3.851066
6604 3.895829
6606 3.889598
6608 3.826712
6610 3.730329
6612 3.640477
6614 3.589973
6616 3.592095
6618 3.643062
6620 3.728615
6622 3.819964
6624 3.879829
6626 3.883557
6628 3.836236
6630 3.766847
6632 3.704750
6634 3.668206
6636 3.664124
6638 3.690301
6640 3.731989
6642 3.764833
6644 3.770874
6646 3.753377
6648 3.730846
6650 3.722383
6652 3.738411
6654 3.777949
6656 3.828290
6658 3.864291
6660 3.859121
6662 3.806603
6664 3.727799
6666 3.656015
6668 3.619824
6670 3.636831
6672 3.711608
6674 3.826032
6676 3.937326
6678 3.993899
6680 3.966143
6682 3.867094
6684 3.745295
6686 3.649185
6688 3.607252
6690 3.628803
6692 3.704288
6694 3.801460
6696 3.877733
6698 3.898387
6700 3.855257
6702 3.769677
6704 3.682682
6706 3.629565
6708 3.626708
6710 3.669512
6712 3.734411
6714 3.786793
6716 3.800725
6718 3.771037
6720 3.716669
6722 3.669049
6724 3.657430
6726 3.694492
6728 3.769650
6730 3.847610
6732 3.885162
6734 3.856427
6736 3.776126
6738 3.684424
6740 3.617293
6742 3.598272
6744 3.643171
6746 3.750166
6748 3.885761
6750 3.988320
6752 4.001055
6754 3.915802
6756 3.780044
6758 3.653185
6760 3.577809
6762 3.572421
6764 3.636395
6766 3.746765
6768 3.857624
6770 3.917272
6772 3.902142
6774 3.827936
6776 3.735472
6778 3.668342
6780 3.654545
6782 3.695499
6784 3.766929
6786 3.831937
6788 3.860617
6790 3.841324
6792 3.779691
6794 3.702356
6796 3.647987
6798 3.649457
6800 3.709975
6802 3.798603
6804 3.865461
6806 3.878033
6808 3.832345
6810 3.745404
6812 3.646736
6814 3.577864
6816 3.572666
6818 3.641865
6820 3.760507
6822 3.876808
6824 3.933517
6826 3.905081
6828 3.803582
6830 3.673866
6832 3.571660
6834 3.543088
6836 3.599497
6838 3.718601
6840 3.857025
6842 3.968130
6844 4.006525
6846 3.954279
6848 3.834957
6850 3.706274
6852 3.625239
6854 3.618191
6856 3.670274
6858 3.746520
6860 3.813514
6862 3.845270
6864 3.824753
6866 3.760452
6868 3.691172
6870 3.667253
6872 3.714628
6874 3.812753
6876 3.909026
6878 3.952483
6880 3.921108
6882 3.825678
6884 3.702438
6886 3.597864
6888 3.555278
6890 3.595905
6892 3.707200
6894 3.839719
6896 3.931503
6898 3.936619
6900 3.845733
6902 3.690410
6904 3.540557
6906 3.462487
6908 3.485699
6910 3.595633
6912 3.749404
6914 3.889924
6916 3.969409
6918 3.960919
6920 3.869652
6922 3.741948
6924 3.646736
6926 3.624041
6928 3.666818
6930 3.740397
6932 3.812970
6934 3.860509
6936 3.862794
6938 3.811610
6940 3.733540
6942 3.677811
6944 3.680287
6946 3.736397
6948 3.809133
6950 3.856753
6952 3.854332
6954 3.796970
6956 3.702764
6958 3.612994
6960 3.574517
6962 3.613592
6964 3.723962
6966 3.866549
6968 3.984837
6970 4.029464
6972 3.976211
6974 3.839665
6976 3.675471
6978 3.549455
6980 3.499495
6982 3.527985
6984 3.618762
6986 3.740969
6988 3.847583
6990 3.889897
6992 3.848427
6994 3.750602
6996 3.651960
6998 3.598381
7000 3.604939
7002 3.662001
7004 3.744915
7006 3.817950
7008 3.845325
7010 3.815093
7012 3.752343
7014 3.703009
7016 3.701104
7018 3.747962
7020 3.818113
7022 3.876618
7024 3.893625
7026 3.852753
7028 3.758112
7030 3.639742
7032 3.546707
7034 3.520067
7036 3.575687
7038 3.701893
7040 3.856617
7042 3.971667
7044 3.991831
7046 3.914904
7048 3.785541
7050 3.662083
7052 3.586680
7054 3.573183
7056 3.621756
7058 3.723064
7060 3.843093
7062 3.923775
7064 3.926006
7066 3.861216
7068 3.773514
7070 3.703989
7072 3.671906
7074 3.676804
7076 3.708016
7078 3.741241
7080 3.745921
7082 3.709159
7084 3.646981
7086 3.591333
7088 3.571551
7090 3.603551
7092 3.685757
7094 3.794303
7096 3.878686
7098 3.891774
7100 3.833678
7102 3.745676
7104 3.668532
7106 3.623171
7108 3.618681
7110 3.666192
7112 3.765051
7114 3.878822
7116 3.942524
7118 3.917680
7120 3.826086
7122 3.722764
7124 3.646926
7126 3.614844
7128 3.633076
7130 3.701512
7132 3.799011
7134 3.881869
7136 3.911231
7138 3.885162
7140 3.832127
7142 3.782085
7144 3.749595
7146 3.740724
7148 3.754656
7150 3.779391
7152 3.793051
7154 3.778765
7156 3.741431
7158 3.700995
7160 3.675417
7162 3.674791
7164 3.700914
7166 3.742901
7168 3.778765
7170 3.787092
7172 3.759636
7174 3.706383
7176 3.649702
7178 3.609892
7180 3.600993
7182 3.631525
7184 3.696723
7186 3.774521
7188 3.834358
7190 3.857243
7192 3.842957
7194 3.804154
7196 3.755364
7198 3.710492
7200 3.685022
7202 3.690165
7204 3.722111
7206 3.762466
7208 3.791528
7210 3.801841
7212 3.795691
7214 3.777296
7216 3.754221
7218 3.741540
7220 3.748289
7222 3.769051
7224 3.789215
7226 3.798847
7228 3.797296
7230 3.788181
7232 3.777051
7234 3.769241
7236 3.770194
7238 3.779310
7240 3.786113
7242 3.780371
7244 3.762248
7246 3.738574
7248 3.713132
7250 3.690492
7252 3.680369
7254 3.692152
7256 3.726683
7258 3.768452
7260 3.795854
7262 3.799528
7264 3.782684
7266 3.753051
7268 3.719200
7270 3.692315
7272 3.681730
7274 3.689730
7276 3.709785
7278 3.732098
7280 3.751200
7282 3.765350
7284 3.773949
7286 3.777432
7288 3.777949
7290 3.777323
7292 3.773296
7294 3.762792
7296 3.748697
7298 3.736397
7300 3.727907
7302 3.725921
7304 3.737323
7306 3.766085
7308 3.805297
7310 3.838032
7312 3.845107
7314 3.820943
7316 3.779772
7318 3.740289
7320 3.715934
7322 3.714574
7324 3.735336
7326 3.770493
7328 3.805922
7330 3.826304
7332 3.823038
7334 3.800262
7336 3.768997
7338 3.740724
7340 3.724098
7342 3.720914
7344 3.723581
7346 3.721377
7348 3.708642
7350 3.691607
7352 3.681022
7354 3.681566
7356 3.695308
7358 3.725077
7360 3.766901
7362 3.801786
7364 3.803120
7366 3.763065
7368 3.702682
7370 3.652069
7372 3.626627
7374 3.626763
7376 3.653484
7378 3.709812
7380 3.785242
7382 3.849379
7384 3.871339
7386 3.847556
7388 3.803746
7390 3.767146
7392 3.748207
7394 3.746983
7396 3.762983
7398 3.790221
7400 3.814467
7402 3.823038
7404 3.813923
7406 3.795990
7408 3.777976
7410 3.765922
7412 3.765296
7414 3.777405
7416 3.791446
7418 3.789378
7420 3.765405
7422 3.734220
7424 3.712832
7426 3.705376
7428 3.710193
7430 3.731363
7432 3.772779
7434 3.820154
7436 3.843365
7438 3.822168
7440 3.768561
7442 3.713431
7444 3.676940
7446 3.661348
7448 3.668015
7450 3.700832
7452 3.752996
7454 3.799419
7456 3.812753
7458 3.785215
7460 3.734057
7462 3.682682
7464 3.647987
7466 3.639416
7468 3.659797
7470 3.701458
7472 3.747717
7474 3.779800
7476 3.791446
7478 3.787391
7480 3.778602
7482 3.776589
7484 3.792480
7486 3.828535
7488 3.868563
7490 3.884836
7492 3.861189
7494 3.807093
7496 3.746411
7498 3.696832
7500 3.669104
7502 3.674328
7504 3.717322
7506 3.784072
7508 3.840372
7510 3.853325
7512 3.818249
7514 3.761078
7516 3.709268
7518 3.678546
7520 3.679825
7522 3.717159
7524 3.776888
7526 3.828018
7528 3.840835
7530 3.808671
7532 3.747690
7534 3.682328
7536 3.635797
7538 3.627144
7540 3.661457
7542 3.720615
7544 3.770194
7546 3.783745
7548 3.760996
7550 3.716914
7552 3.666219
7554 3.628613
7556 3.629783
7558 3.680614
7560 3.761078
7562 3.830903
7564 3.855502
7566 3.830821
7568 3.779255
7570 3.725812
7572 3.690573
7574 3.694383
7576 3.749432
7578 3.839501
7580 3.920183
7582 3.945272
7584 3.898659
7586 3.803691
7588 3.701893
7590 3.632232
7592 3.620368
7594 3.670872
7596 3.762384
7598 3.854576
7600 3.904863
7602 3.887802
7604 3.809215
7606 3.707825
7608 3.633865
7610 3.625647
7612 3.684941
7614 3.772561
7616 3.840427
7618 3.863774
7620 3.836018
7622 3.760670
7624 3.657267
7626 3.564884
7628 3.528529
7630 3.571306
7632 3.668206
7634 3.757405
7636 3.792997
7638 3.772398
7640 3.718383
7642 3.656886
7644 3.612531
7646 3.609293
7648 3.662491
7650 3.757323
7652 3.848536
7654 3.891448
7656 3.872291
7658 3.807419
7660 3.727853
7662 3.667172
7664 3.654001
7666 3.701104
7668 3.794330
7670 3.895584
7672 3.960837
7674 3.958361
7676 3.880454
7678 3.751200
7680 3.623960
7682 3.557237
7684 3.577837
7686 3.667144
7688 3.775310
7690 3.856046
7692 3.889951
7694 3.874985
7696 3.814521
7698 3.728751
7700 3.658464
7702 3.641157
7704 3.683281
7706 3.758330
7708 3.826004
7710 3.853434
7712 3.826113
7714 3.751336
7716 3.659743
7718 3.593211
7720 3.580394
7722 3.622273
7724 3.696723
7726 3.769514
7728 3.805079
7730 3.779636
7732 3.700505
7734 3.610844
7736 3.562870
7738 3.581564
7740 3.660341
7742 3.774983
7744 3.894033
7746 3.976375
7748 3.981490
7750 3.898632
7752 3.768207
7754 3.655443
7756 3.606789
7758 3.630599
7760 3.710057
7762 3.815202
7764 3.907094
7766 3.944184
7768 3.905190
7770 3.811691
7772 3.715526
7774 3.660396
7776 3.664314
7778 3.718356
7780 3.794657
7782 3.855366
7784 3.871257
7786 3.835202
7788 3.767092
7790 3.701376
7792 3.668587
7794 3.680859
7796 3.733839
7798 3.803936
7800 3.850767
7802 3.838848
7804 3.766466
7806 3.668478
7808 3.591769
7810 3.567850
7812 3.602000
7814 3.680832
7816 3.779337
7818 3.861597
7820 3.889434
7822 3.843556
7824 3.744098
7826 3.641538
7828 3.584585
7830 3.593755
7832 3.661376
7834 3.763445
7836 3.865162
7838 3.928700
7840 3.927857
7842 3.866141
7844 3.775799
7846 3.698301
7848 3.661103
7850 3.673158
7852 3.724016
7854 3.787473
7856 3.830494
7858 3.832236
7860 3.797215
7862 3.750928
7864 3.719880
7866 3.721404
7868 3.757323
7870 3.812127
7872 3.854413
7874 3.856808
7876 3.811392
7878 3.735336
7880 3.660233
7882 3.615633
7884 3.616531
7886 3.665294
7888 3.746520
7890 3.823637
7892 3.853842
7894 3.821025
7896 3.742928
7898 3.655117
7900 3.591197
7902 3.574217
7904 3.612558
7906 3.697050
7908 3.796507
7910 3.872209
7912 3.897434
7914 3.871039
7916 3.808861
7918 3.737377
7920 3.685049
7922 3.673512
7924 3.702818
7926 3.752806
7928 3.797596
7930 3.821759
7932 3.822984
7934 3.806059
7936 3.780507
7938 3.761051
7940 3.763146
7942 3.787827
7944 3.817651
7946 3.828073
7948 3.806331
7950 3.759146
7952 3.706682
7954 3.667634
7956 3.659117
7958 3.692424
7960 3.764752
7962 3.849542
7964 3.910251
7966 3.915829
7968 3.860345
7970 3.764099
7972 3.663825
7974 3.592993
7976 3.575333
7978 3.614980
7980 3.693022
7982 3.775609
7984 3.832399
7986 3.844318
7988 3.810249
7990 3.745785
7992 3.681321
7994 3.644994
7996 3.649729
7998 3.686818
8000 3.735690
8002 3.777514
8004 3.801433
8006 3.800126
8008 3.775201
8010 3.743391
8012 3.729975
8014 3.748588
8016 3.787990
8018 3.819174
8020 3.819664
8022 3.790412
8024 3.744942
8026 3.700125
8028 3.673838
8030 3.684532
8032 3.739581
8034 3.825596
8036 3.909816
8038 3.957680
8040 3.950088
8042 3.889407
8044 3.796752
8046 3.706356
8048 3.649675
8050 3.641838
8052 3.678900
8054 3.743146
8056 3.810249
8058 3.853597
8060 3.851556
8062 3.803392
8064 3.732615
8066 3.672287
8068 3.643117
8070 3.646464
8072 3.673811
8074 3.713703
8076 3.751554
8078 3.771037
8080 3.765187
8082 3.744942
8084 3.731173
8086 3.737540
8088 3.761758
8090 3.791419
8092 3.812943
8094 3.815038
8096 3.792453
8098 3.749459
8100 3.701784
8102 3.670192
8104 3.670192
8106 3.704696
8108 3.764969
8110 3.831365
8112 3.876781
8114 3.879012
8116 3.834658
8118 3.763854
8120 3.700397
8122 3.669158
8124 3.678138
8126 3.725050
8128 3.799882
8130 3.879829
8132 3.933979
8134 3.936401
8136 3.885244
8138 3.806031
8140 3.732343
8142 3.683145
8144 3.663171
8146 3.669865
8148 3.693567
8150 3.719853
8152 3.735309
8154 3.735908
8156 3.727690
8158 3.720941
8160 3.723935
8162 3.739608
8164 3.762847
8166 3.781106
8168 3.780888
8170 3.760371
8172 3.731581
8174 3.709649
8176 3.702764
8178 3.713567
8180 3.743581
8182 3.789024
8184 3.830413
8186 3.842141
8188 3.814059
8190 3.761513
8192 3.708941
8194 3.672178
8196 3.658192
8198 3.673212
8200 3.722356
8202 3.794494
8204 3.855284
8206 3.876237
8208 3.856454
8210 3.813650
8212 3.762520
8214 3.715744
8216 3.685730
8218 3.685213
8220 3.716043
8222 3.763500
8224 3.805024
8226 3.830059
8228 3.838848
8230 3.831447
8232 3.808399
8234 3.775174
8236 3.740642
8238 3.711390
8240 3.690165
8242 3.678655
8244 3.678083
8246 3.684859
8248 3.693431
8250 3.703363
8252 3.722900
8254 3.757813
8256 3.798603
8258 3.824154
8260 3.822521
8262 3.798276
8264 3.762167
8266 3.720234
8268 3.676886
8270 3.643688
8272 3.637266
8274 3.665566
8276 3.717703
8278 3.772452
8280 3.809868
8282 3.820644
8284 3.801977
8286 3.761078
8288 3.714547
8290 3.683498
8292 3.681349
8294 3.708805
8296 3.757813
8298 3.814385
8300 3.861733
8302 3.883747
8304 3.872618
8306 3.840835
8308 3.806167
8310 3.775228
8312 3.745105
8314 3.721431
8316 3.713921
8318 3.722737
8320 3.734275
8322 3.735690
8324 3.730356
8326 3.733295
8328 3.746275
8330 3.753649
8332 3.744153
8334 3.723227
8336 3.700805
8338 3.680015
8340 3.658682
8342 3.640804
8344 3.638491
8346 3.661729
8348 3.708995
8350 3.770929
8352 3.832889
8354 3.872863
8356 3.874141
8358 3.834113
8360 3.766248
8362 3.687254
8364 3.617266
8366 3.575632
8368 3.579034
8370 3.627933
8372 3.705866
8374 3.785269
8376 3.846576
8378 3.881162
8380 3.885597
8382 3.856481
8384 3.801052
8386 3.745323
8388 3.716070
8390 3.721567
8392 3.750112
8394 3.782902
8396 3.808480
8398 3.824508
8400 3.830957
8402 3.826848
8404 3.813705
8406 3.796208
8408 3.775310
8410 3.749622
8412 3.718683
8414 3.685267
8416 3.655253
8418 3.637239
8420 3.641593
8422 3.675008
8424 3.729921
8426 3.788643
8428 3.834331
8430 3.854114
8432 3.835801
8434 3.774140
8436 3.681104
8438 3.586517
8440 3.530570
8442 3.536856
8444 3.597810
8446 3.687281
8448 3.779146
8450 3.848998
8452 3.875366
8454 3.843148
8456 3.766085
8458 3.684750
8460 3.636613
8462 3.630872
8464 3.656695
8466 3.701567
8468 3.750928
8470 3.784044
8472 3.787500
8474 3.768398
8476 3.750792
8478 3.754166
8480 3.780507
8482 3.817106
8484 3.842141
8486 3.834984
8488 3.785160
8490 3.706138
8492 3.634300
8494 3.606898
8496 3.633103
8498 3.695988
8500 3.775038
8502 3.853651
8504 3.903693
8506 3.892808
8508 3.811827
8510 3.696097
8512 3.602898
8514 3.572557
8516 3.607742
8518 3.687934
8520 3.785378
8522 3.865298
8524 3.886523
8526 3.828535
8528 3.715227
8530 3.602708
8532 3.538870
8534 3.540285
8536 3.595497
8538 3.676451
8540 3.747908
8542 3.780834
8544 3.766384
8546 3.724397
8548 3.687607
8550 3.680260
8552 3.711444
8554 3.775201
8556 3.850141
8558 3.900645
8560 3.893189
8562 3.825896
8564 3.735091
8566 3.667770
8568 3.648396
8570 3.677485
8572 3.746329
8574 3.839964
8576 3.926795
8578 3.961544
8580 3.919095
8582 3.819419
8584 3.711798
8586 3.638518
8588 3.613075
8590 3.629729
8592 3.677838
8594 3.741731
8596 3.792671
8598 3.799691
8600 3.756234
8602 3.689703
8604 3.636477
8606 3.620858
8608 3.649049
8610 3.709975
8612 3.774629
8614 3.806793
8616 3.779800
8618 3.700206
8620 3.604531
8622 3.533945
8624 3.512094
8626 3.552829
8628 3.651797
8630 3.775663
8632 3.865053
8634 3.879039
8636 3.822032
8638 3.738438
8640 3.671280
8642 3.645593
8644 3.672287
8646 3.751935
8648 3.859094
8650 3.941408
8652 3.946850
8654 3.870577
8656 3.755064
8658 3.654219
8660 3.603959
8662 3.622028
8664 3.702301
8666 3.810684
8668 3.898741
8670 3.927693
8672 3.882876
8674 3.781269
8676 3.667716
8678 3.595116
8680 3.601075
8682 3.687117
8684 3.811310
8686 3.908346
8688 3.935013
8690 3.888509
8692 3.794222
8694 3.683798
8696 3.597429
8698 3.572966
8700 3.622490
8702 3.715526
8704 3.799990
8706 3.829542
8708 3.790793
8710 3.704451
8712 3.611715
8714 3.548339
8716 3.544122
8718 3.608313
8720 3.717785
8722 3.821460
8724 3.878631
8726 3.868073
8728 3.798684
8730 3.706302
8732 3.640804
8734 3.634736
8736 3.697431
8738 3.805079
8740 3.908156
8742 3.955531
8744 3.925081
8746 3.822957
8748 3.686247
8750 3.570707
8752 3.527468
8754 3.572639
8756 3.687662
8758 3.824644
8760 3.928401
8762 3.958361
8764 3.908346
8766 3.803555
8768 3.694111
8770 3.633647
8772 3.650763
8774 3.730275
8776 3.824453
8778 3.882686
8780 3.879883
8782 3.821052
8784 3.729867
8786 3.645947
8788 3.608994
8790 3.637674
8792 3.715227
8794 3.798548
8796 3.841379
8798 3.822249
8800 3.747255
8802 3.647198
8804 3.561863
8806 3.532666
8808 3.579279
8810 3.689784
8812 3.822549
8814 3.931966
8816 3.972619
8818 3.923312
8820 3.805732
8822 3.682274
8824 3.609429
8826 3.615715
8828 3.688968
8830 3.791147
8832 3.878985
8834 3.924020
8836 3.908482
8838 3.836644
8840 3.742057
8842 3.674328
8844 3.663335
8846 3.709104
8848 3.784126
8850 3.850359
8852 3.876890
8854 3.853461
8856 3.790684
8858 3.717132
8860 3.668233
8862 3.668859
8864 3.718220
8866 3.794330
8868 3.862168
8870 3.885761
8872 3.846114
8874 3.754765
8876 3.653076
8878 3.586381
8880 3.580013
8882 3.631443
8884 3.719771
8886 3.812671
8888 3.873842
8890 3.872672
8892 3.805161
8894 3.702846
8896 3.620586
8898 3.598572
8900 3.642355
8902 3.728969
8904 3.823773
8906 3.890223
8908 3.902251
8910 3.855665
8912 3.774602
8914 3.698927
8916 3.665185
8918 3.687281
8920 3.752643
8922 3.829134
8924 3.880727
8926 3.881516
8928 3.829732
8930 3.749214
8932 3.679743
8934 3.651960
8936 3.679036
8938 3.752670
8940 3.842903
8942 3.906523
8944 3.911802
8946 3.856318
8948 3.769568
8950 3.694274
8952 3.661185
8954 3.676641
8956 3.730411
8958 3.801677
8960 3.859230
8962 3.869924
8964 3.821487
8966 3.734901
8968 3.651498
8970 3.607443
8972 3.618572
8974 3.677049
8976 3.757840
8978 3.826794
8980 3.853570
8982 3.828154
8984 3.766248
8986 3.699036
8988 3.656069
8990 3.655199
8992 3.698628
8994 3.769677
8996 3.837188
8998 3.869733
9000 3.854141
9002 3.802902
9004 3.741758
9006 3.695852
9008 3.682519
9010 3.709349
9012 3.769323
9014 3.834794
9016 3.868781
9018 3.851774
9020 3.794820
9022 3.729649
9024 3.687063
9026 3.685185
9028 3.726003
9030 3.796480
9032 3.868373
9034 3.905298
9036 3.884944
9038 3.813705
9040 3.724234
9042 3.654328
9044 3.630545
9046 3.659716
9048 3.728479
9050 3.806684
9052 3.859964
9054 3.865026
9056 3.821569
9058 3.748615
9060 3.675362
9062 3.629538
9064 3.629674
9066 3.674818
9068 3.741105
9070 3.794929
9072 3.816154
9074 3.805922
9076 3.778466
9078 3.747881
9080 3.725295
9082 3.720696
9084 3.739554
9086 3.772153
9088 3.792398
9090 3.780507
9092 3.741568
9094 3.699934
9096 3.679444
9098 3.692152
9100 3.737350
9102 3.805133
9104 3.872699
9106 3.913299
9108 3.908455
9110 3.859338
9112 3.784017
9114 3.711390
9116 3.667661
9118 3.667607
9120 3.708560
9122 3.772208
9124 3.831610
9126 3.866468
9128 3.868291
9130 3.837923
9132 3.784235
9134 3.726574
9136 3.687063
9138 3.678437
9140 3.695335
9142 3.721050
9144 3.739962
9146 3.748180
9148 3.749241
9150 3.747091
9152 3.745132
9154 3.748561
9156 3.761105
9158 3.779337
9160 3.790466
9162 3.781242
9164 3.749949
9166 3.708642
9168 3.675444
9170 3.665240
9172 3.684124
9174 3.727227
9176 3.779691
9178 3.822168
9180 3.837950
9182 3.820617
9184 3.777024
9186 3.725023
9188 3.686410
9190 3.677158
9192 3.698900
9194 3.738248
9196 3.782820
9198 3.826712
9200 3.864563
9202 3.886713
9204 3.883856
9206 3.857134
9208 3.817787
9210 3.778738
9212 3.744724
9214 3.716125
9216 3.695635
9218 3.688097
9220 3.694519
9222 3.710737
9224 3.730547
9226 3.750030
9228 3.766303
9230 3.775174
9232 3.772099
9234 3.754357
9236 3.726302
9238 3.697403
9240 3.678138
9242 3.673784
9244 3.684668
9246 3.706193
9248 3.731799
9250 3.757949
9252 3.784017
9254 3.802385
9256 3.800426
9258 3.776153
9260 3.744534
9262 3.721077
9264 3.709975
9266 3.703472
9268 3.696614
9270 3.698274
9272 3.718519
9274 3.749595
9276 3.776806
9278 3.794603
9280 3.806222
9282 3.812725
9284 3.809351
9286 3.794222
9288 3.775827
9290 3.765976
9292 3.768833
9294 3.782766
9296 3.806412
9298 3.832399
9300 3.845515
9302 3.833950
9304 3.798113
9306 3.750057
9308 3.700397
9310 3.655335
9312 3.623905
9314 3.624286
9316 3.660695
9318 3.711961
9320 3.747663
9322 3.756343
9324 3.750874
9326 3.747744
9328 3.750030
9330 3.752452
9332 3.753268
9334 3.756588
9336 3.759337
9338 3.749268
9340 3.719472
9342 3.679417
9344 3.652096
9346 3.651770
9348 3.678219
9350 3.721758
9352 3.765595
9354 3.784670
9356 3.765867
9358 3.717567
9360 3.666818
9362 3.638953
9364 3.646681
9366 3.690954
9368 3.765160
9370 3.849134
9372 3.908754
9374 3.909761
9376 3.851828
9378 3.767963
9380 3.695499
9382 3.655688
9384 3.659144
9386 3.705131
9388 3.779636
9390 3.851556
9392 3.884400
9394 3.859992
9396 3.793188
9398 3.715417
9400 3.652369
9402 3.618218
9404 3.618300
9406 3.642246
9408 3.667552
9410 3.676832
9412 3.671580
9414 3.667063
9416 3.678274
9418 3.712479
9420 3.768861
9422 3.834413
9424 3.881325
9426 3.878441
9428 3.814113
9430 3.710438
9432 3.607823
9434 3.541972
9436 3.535196
9438 3.595361
9440 3.708261
9442 3.836671
9444 3.927639
9446 3.943775
9448 3.885897
9450 3.785514
9452 3.680233
9454 3.606925
9456 3.596367
9458 3.657076
9460 3.762112
9462 3.860645
9464 3.908863
9466 3.900509
9468 3.858277
9470 3.801324
9472 3.745921
9474 3.712968
9476 3.717186
9478 3.749051
9480 3.777813
9482 3.775799
9484 3.738629
9486 3.685294
9488 3.644314
9490 3.638817
9492 3.678764
9494 3.752479
9496 3.825460
9498 3.852889
9500 3.808752
9502 3.705349
9504 3.582381
9506 3.484284
9508 3.447576
9510 3.494706
9512 3.623007
9514 3.795854
9516 3.949707
9518 4.023695
9520 3.992157
9522 3.874223
9524 3.714928
9526 3.571224
9528 3.494270
9530 3.509454
9532 3.600476
9534 3.721023
9536 3.817106
9538 3.855284
9540 3.836263
9542 3.788153
9544 3.743527
9546 3.729214
9548 3.755581
9550 3.809623
9552 3.857053
9554 3.861760
9556 3.808616
9558 3.716288
9560 3.624858
9562 3.576939
9564 3.598191
9566 3.689811
9568 3.821651
9570 3.943231
9572 4.002307
9574 3.969681
9576 3.847039
9578 3.677566
9580 3.531795
9582 3.472610
9584 3.520067
9586 3.653430
9588 3.817705
9590 3.947721
9592 3.994552
9594 3.947014
9596 3.821841
9598 3.672178
9600 3.564176
9602 3.539414
9604 3.594327
9606 3.690982
9608 3.778140
9610 3.816780
9612 3.795038
9614 3.730030
9616 3.662491
9618 3.634790
9620 3.666382
9622 3.744996
9624 3.835501
9626 3.892536
9628 3.880237
9630 3.792235
9632 3.666573
9634 3.562353
9636 3.533210
9638 3.599551
9640 3.741350
9642 3.902496
9644 4.023097
9646 4.049192
9648 3.961925
9650 3.795201
9652 3.624803
9654 3.513645
9656 3.497372
9658 3.575088
9660 3.712506
9662 3.851447
9664 3.936755
9666 3.931938
9668 3.845216
9670 3.725486
9672 3.632776
9674 3.601810
9676 3.640042
9678 3.725867
9680 3.816562
9682 3.863937
9684 3.843692
9686 3.765296
9688 3.669022
9690 3.602218
9692 3.595143
9694 3.647470
9696 3.735663
9698 3.823828
9700 3.874713
9702 3.862821
9704 3.787174
9706 3.683716
9708 3.611687
9710 3.613102
9712 3.687390
9714 3.800290
9716 3.902741
9718 3.953544
9720 3.931830
9722 3.840399
9724 3.710138
9726 3.599633
9728 3.559632
9730 3.605946
9732 3.716234
9734 3.845297
9736 3.938360
9738 3.952565
9740 3.880264
9742 3.760017
9744 3.648804
9746 3.594000
9748 3.612422
9750 3.692016
9752 3.797024
9754 3.883475
9756 3.909462
9758 3.863366
9760 3.773895
9762 3.688560
9764 3.638790
9766 3.639443
9768 3.689485
9770 3.770221
9772 3.841515
9774 3.862386
9776 3.817623
9778 3.730656
9780 3.646028
9782 3.603225
9784 3.618273
9786 3.685430
9788 3.777840
9790 3.854413
9792 3.876672
9794 3.834603
9796 3.751037
9798 3.669185
9800 3.631144
9802 3.659389
9804 3.747227
9806 3.860100
9808 3.947367
9810 3.968483
9812 3.911748
9814 3.795881
9816 3.664777
9818 3.569510
9820 3.546679
9822 3.603007
9824 3.712751
9826 3.823555
9828 3.888427
9830 3.891965
9832 3.846413
9834 3.775935
9836 3.713621
9838 3.686791
9840 3.706057
9842 3.760017
9844 3.819365
9846 3.848672
9848 3.830249
9850 3.775663
9852 3.716424
9854 3.681730
9856 3.688152
9858 3.734520
9860 3.803256
9862 3.861570
9864 3.872645
9866 3.818902
9868 3.718900
9870 3.615552
9872 3.550489
9874 3.545999
9876 3.607198
9878 3.717758
9880 3.838467
9882 3.918632
9884 3.926306
9886 3.866985
9888 3.774874
9890 3.689186
9892 3.639933
9894 3.643906
9896 3.699716
9898 3.781432
9900 3.846685
9902 3.863910
9904 3.833161
9906 3.779255
9908 3.729703
9910 3.702111
9912 3.703771
9914 3.731935
9916 3.771854
9918 3.799473
9920 3.795800
9922 3.758928
9924 3.707771
9926 3.673457
9928 3.682192
9930 3.741268
9932 3.832100
9934 3.916972
9936 3.959286
9938 3.940945
9940 3.863856
9942 3.749568
9944 3.636804
9946 3.566734
9948 3.564421
9950 3.625674
9952 3.720914
9954 3.809324
9956 3.859393
9958 3.857107
9960 3.807882
9962 3.735418
9964 3.674138
9966 3.650164
9968 3.668015
9970 3.712234
9972 3.759772
9974 3.790820
9976 3.796398
9978 3.778765
9980 3.751500
9982 3.733132
9984 3.737431
9986 3.765813
9988 3.804290
9990 3.831637
9992 3.828426
9994 3.787691
9996 3.723200
9998 3.661212
10000 3.627171
10002 3.635797
10004 3.686383
10006 3.763582
10008 3.839801
10010 3.884591
10012 3.878550
10014 3.826658
10016 3.755309
10018 3.696478
10020 3.675144
10022 3.700914
10024 3.761350
10026 3.828018
10028 3.870985
10030 3.874931
10032 3.841733
10034 3.785759
10036 3.726982
10038 3.685022
10040 3.672451
10042 3.688587
10044 3.718846
10046 3.745023
10048 3.755391
10050 3.747608
10052 3.727935
10054 3.711091
10056 3.710791
10058 3.730248
10060 3.761405
10062 3.792698
10064 3.814875
10066 3.819066
10068 3.798902
10070 3.760670
10072 3.723281
10074 3.706029
10076 3.713513
10078 3.736914
10080 3.765078
10082 3.789432
10084 3.799555
10086 3.788181
10088 3.761541
10090 3.736316
10092 3.725839
10094 3.731363
10096 3.744397
10098 3.757296
10100 3.766466
10102 3.767065
10104 3.755636
10106 3.738874
10108 3.729758
10110 3.735554
10112 3.754683
10114 3.780398
10116 3.805759
10118 3.820916
10120 3.817134
10122 3.794847
10124 3.763119
10126 3.730629
10128 3.701186
10130 3.678083
10132 3.669022
10134 3.680287
10136 3.706819
10138 3.734438
10140 3.753785
10142 3.764425
10144 3.768398
10146 3.767364
10148 3.761214
10150 3.751554
10152 3.742384
10154 3.734928
10156 3.726193
10158 3.715009
10160 3.706546
10162 3.709621
10164 3.728669
10166 3.758983
10168 3.788480
10170 3.806603
10172 3.810059
10174 3.798929
10176 3.774140
10178 3.741676
10180 3.714138
10182 3.702710
10184 3.710438
10186 3.730384
10188 3.753296
10190 3.774820
10192 3.793378
10194 3.804997
10196 3.808072
10198 3.807963
10200 3.807120
10202 3.797433
10204 3.772452
10206 3.739418
10208 3.712179
10210 3.697158
10212 3.693920
10214 3.704261
10216 3.733894
10218 3.778874
10220 3.819555
10222 3.834794
10224 3.819555
10226 3.785623
10228 3.742901
10230 3.696778
10232 3.660097
10234 3.650709
10236 3.674627
10238 3.718247
10240 3.760343
10242 3.786412
10244 3.791446
10246 3.776861
10248 3.750656
10250 3.726247
10252 3.713785
10254 3.714111
10256 3.718628
10258 3.718819
10260 3.714084
10262 3.708097
10264 3.706057
10266 3.717050
10268 3.748942
10270 3.797215
10272 3.843093
10274 3.865842
10276 3.855474
10278 3.814875
10280 3.753296
10282 3.685811
10284 3.634763
10286 3.621239
10288 3.652940
10290 3.719417
10292 3.797024
10294 3.853787
10296 3.867393
10298 3.836835
10300 3.779745
10302 3.719417
10304 3.677213
10306 3.667090
10308 3.690546
10310 3.734846
10312 3.776208
10314 3.792970
10316 3.782548
10318 3.758602
10320 3.739690
10322 3.737703
10324 3.752833
10326 3.776044
10328 3.792453
10330 3.788099
10332 3.758711
10334 3.711308
10336 3.659797
10338 3.624613
10340 3.628123
10342 3.678301
10344 3.758983
10346 3.836290
10348 3.876509
10350 3.865515
10352 3.816644
10354 3.753296
10356 3.695880
10358 3.663008
10360 3.668478
10362 3.710519
10364 3.769595
10366 3.818875
10368 3.837569
10370 3.815446
10372 3.759581
10374 3.696097
10376 3.657022
10378 3.659144
10380 3.696315
10382 3.749867
10384 3.796915
10386 3.818957
10388 3.804671
10390 3.761677
10392 3.717159
10394 3.702927
10396 3.731091
10398 3.786004
10400 3.839719
10402 3.870114
10404 3.866060
10406 3.825106
10408 3.756670
10410 3.683825
10412 3.637919
10414 3.639144
10416 3.682029
10418 3.737513
10420 3.775038
10422 3.778793
10424 3.748724
10426 3.698193
10428 3.649375
10430 3.626599
10432 3.645756
10434 3.706492
10436 3.787800
10438 3.853706
10440 3.872890
10442 3.838984
10444 3.771963
10446 3.705648
10448 3.669757
10450 3.680315
10452 3.736724
10454 3.820943
10456 3.900101
10458 3.934632
10460 3.899720
10462 3.804453
10464 3.688696
10466 3.601565
10468 3.574081
10470 3.608830
10472 3.687199
10474 3.777350
10476 3.845488
10478 3.867937
10480 3.839556
10482 3.779201
10484 3.721513
10486 3.698492
10488 3.722764
10490 3.781051
10492 3.842984
10494 3.873380
10496 3.848753
10498 3.772235
10500 3.677349
10502 3.607361
10504 3.591469
10506 3.636858
10508 3.726928
10510 3.824807
10512 3.883584
10514 3.865706
10516 3.772670
10518 3.653185
10520 3.568095
10522 3.550788
10524 3.603497
10526 3.709839
10528 3.837134
10530 3.941626
10532 3.981681
10534 3.938850
10536 3.837869
10538 3.731499
10540 3.665457
10542 3.658382
10544 3.703880
10546 3.776453
10548 3.839012
10550 3.858141
10552 3.821868
10554 3.748071
10556 3.675471
10558 3.641511
10560 3.664260
10562 3.736642
10564 3.826576
10566 3.886550
10568 3.879448
10570 3.806086
10572 3.704832
10574 3.622817
10576 3.592259
10578 3.628885
10580 3.730955
10582 3.868454
10584 3.984157
10586 4.021546
10588 3.957599
10590 3.815446
10592 3.653403
10594 3.530788
10596 3.480828
10598 3.508665
10600 3.600830
10602 3.724207
10604 3.828971
10606 3.871366
10608 3.839529
10610 3.763309
10612 3.691471
10614 3.661158
10616 3.681920
10618 3.738928
10620 3.803011
10622 3.842603
10624 3.835338
10626 3.780425
10628 3.705785
10630 3.654437
10632 3.660559
10634 3.731744
10636 3.841597
10638 3.938578
10640 3.973545
10642 3.924319
10644 3.806412
10646 3.665539
10648 3.556340
10650 3.521128
10652 3.579279
10654 3.718383
10656 3.887965
10658 4.012321
10660 4.037437
10662 3.963776
10664 3.830249
10666 3.690410
10668 3.595143
10670 3.575197
10672 3.631089
10674 3.731989
10676 3.828698
10678 3.875965
10680 3.855121
10682 3.780153
10684 3.687662
10686 3.621021
10688 3.610136
10690 3.654899
10692 3.723608
10694 3.771908
10696 3.773514
10698 3.728316
10700 3.656614
10702 3.593810
10704 3.580449
10706 3.642191
10708 3.767908
10710 3.906986
10712 3.998878
10714 4.006389
10716 3.928510
10718 3.793487
10720 3.650763
10722 3.553373
10724 3.538679
10726 3.613266
10728 3.747445
10730 3.884836
10732 3.969000
10734 3.965925
10736 3.880400
10738 3.754030
10740 3.644450
10742 3.596014
10744 3.623143
10746 3.707417
10748 3.806576
10750 3.872754
10752 3.874876
10754 3.813106
10756 3.719662
10758 3.644015
10760 3.626137
10762 3.675634
10764 3.766303
10766 3.853107
10768 3.895693
10770 3.874033
10772 3.790766
10774 3.672451
10776 3.567986
10778 3.528720
10780 3.578272
10782 3.696886
10784 3.826113
10786 3.902768
10788 3.896863
10790 3.821814
10792 3.712805
10794 3.616232
10796 3.575387
10798 3.610817
10800 3.708642
10802 3.824426
10804 3.903747
10806 3.915285
10808 3.856699
10810 3.753921
10812 3.654573
10814 3.606354
10816 3.629565
10818 3.712370
10820 3.818930
10822 3.902795
10824 3.925027
10826 3.871828
10828 3.766330
10830 3.660042
10832 3.603687
10834 3.618817
10836 3.693594
10838 3.794439
10840 3.878550
10842 3.904781
10844 3.854495
10846 3.751418
10848 3.645593
10850 3.584394
10852 3.591551
10854 3.660097
10856 3.760779
10858 3.852046
10860 3.891720
10862 3.859366
10864 3.768670
10866 3.663171
10868 3.593129
10870 3.591687
10872 3.661294
10874 3.773813
10876 3.877298
10878 3.917299
10880 3.874713
10882 3.774248
10884 3.661811
10886 3.582109
10888 3.562789
10890 3.609538
10892 3.709023
10894 3.828181
10896 3.918904
10898 3.940809
10900 3.888074
10902 3.794929
10904 3.711118
10906 3.675063
10908 3.694791
10910 3.751636
10912 3.813868
10914 3.850549
10916 3.844916
10918 3.800235
10920 3.737948
10922 3.692288
10924 3.690655
10926 3.737486
10928 3.810249
10930 3.868427
10932 3.872019
10934 3.807011
10936 3.698029
10938 3.589946
10940 3.523577
10942 3.519087
10944 3.578326
10946 3.688777
10948 3.822521
10950 3.929925
10952 3.955966
10954 3.886631
10956 3.765840
10958 3.654681
10960 3.588993
10962 3.578000
10964 3.616776
10966 3.694818
10968 3.786738
10970 3.849352
10972 3.854250
10974 3.815746
10976 3.767201
10978 3.730438
10980 3.711091
10982 3.709812
10984 3.726438
10986 3.753051
10988 3.770221
10990 3.764044
10992 3.743119
10994 3.730302
10996 3.742710
10998 3.782820
11000 3.841107
11002 3.897761
11004 3.926415
11006 3.902033
11008 3.820943
11010 3.709213
11012 3.610790
11014 3.559414
11016 3.568884
11018 3.632804
11020 3.729023
11022 3.824181
11024 3.888700
11026 3.901462
11028 3.853951
11030 3.761541
11032 3.666981
11034 3.607715
11036 3.599660
11038 3.636151
11040 3.694628
11042 3.747527
11044 3.782031
11046 3.799174
11048 3.808263
11050 3.818140
11052 3.829324
11054 3.834957
11056 3.827664
11058 3.801950
11060 3.754411
11062 3.690029
11064 3.626708
11066 3.591769
11068 3.601919
11070 3.653294
11072 3.727635
11074 3.805705
11076 3.869162
11078 3.899775
11080 3.885380
11082 3.831909
11084 3.763309
11086 3.709132
11088 3.687254
11090 3.701567
11092 3.745268
11094 3.800643
11096 3.842984
11098 3.856862
11100 3.846631
11102 3.826902
11104 3.802058
11106 3.768289
11108 3.728288
11110 3.693975
11112 3.673593
11114 3.665321
11116 3.665702
11118 3.676696
11120 3.701866
11122 3.739935
11124 3.783065
11126 3.821270
11128 3.844889
11130 3.844780
11132 3.817678
11134 3.771772
11136 3.722111
11138 3.684886
11140 3.673457
11142 3.694111
11144 3.740180
11146 3.791909
11148 3.825841
11150 3.830794
11152 3.811691
11154 3.779119
11156 3.742329
11158 3.710111
11160 3.690220
11162 3.688696
11164 3.703526
11166 3.724914
11168 3.745295
11170 3.766303
11172 3.792072
11174 3.822576
11176 3.853189
11178 3.876400
11180 3.883421
11182 3.868835
11184 3.834250
11186 3.788208
11188 3.740969
11190 3.704206
11192 3.690274
11194 3.704723
11196 3.739173
11198 3.773350
11200 3.790031
11202 3.784997
11204 3.765105
11206 3.739118
11208 3.713975
11210 3.699118
11212 3.705131
11214 3.733649
11216 3.772507
11218 3.802739
11220 3.810929
11222 3.796317
11224 3.769350
11226 3.744778
11228 3.733214
11230 3.737431
11232 3.753241
11234 3.771010
11236 3.781269
11238 3.778303
11240 3.760289
11242 3.733894
11244 3.713023
11246 3.709785
11248 3.725567
11250 3.752071
11252 3.776942
11254 3.789596
11256 3.785269
11258 3.768534
11260 3.751554
11262 3.747418
11264 3.761650
11266 3.792235
11268 3.831583
11270 3.865515
11272 3.875094
11274 3.847338
11276 3.791446
11278 3.733785
11280 3.695281
11282 3.684233
11284 3.700642
11286 3.741159
11288 3.792997
11290 3.831583
11292 3.830576
11294 3.784616
11296 3.718084
11298 3.663008
11300 3.641212
11302 3.659688
11304 3.712261
11306 3.778793
11308 3.832426
11310 3.851447
11312 3.831801
11314 3.786140
11316 3.736914
11318 3.706383
11320 3.706982
11322 3.734356
11324 3.765024
11326 3.772833
11328 3.749622
11330 3.709975
11332 3.674301
11334 3.657947
11336 3.672777
11338 3.723472
11340 3.799446
11342 3.871311
11344 3.902659
11346 3.877162
11348 3.806793
11350 3.723526
11352 3.661974
11354 3.647226
11356 3.686138
11358 3.767772
11360 3.862713
11362 3.933979
11364 3.950687
11366 3.906822
11368 3.823066
11370 3.736561
11372 3.679879
11374 3.668777
11376 3.698383
11378 3.746847
11380 3.785215
11382 3.792017
11384 3.764697
11386 3.720506
11388 3.687009
11390 3.686056
11392 3.722656
11394 3.782058
11396 3.836535
11398 3.856645
11400 3.826059
11402 3.752915
11404 3.669022
11406 3.607633
11408 3.592558
11410 3.634219
11412 3.726302
11414 3.836290
11416 3.916428
11418 3.928673
11420 3.867121
11422 3.760806
11424 3.655062
11426 3.587252
11428 3.579905
11430 3.637511
11432 3.740969
11434 3.845134
11436 3.905679
11438 3.903394
11440 3.850876
11442 3.777378
11444 3.717050
11446 3.694682
11448 3.715445
11450 3.761377
11452 3.801215
11454 3.807283
11456 3.775038
11458 3.721458
11460 3.673349
11462 3.659171
11464 3.699852
11466 3.790412
11468 3.890523
11470 3.945843
11472 3.926170
11474 3.839066
11476 3.717458
11478 3.602925
11480 3.534625
11482 3.538843
11484 3.621647
11486 3.757051
11488 3.890115
11490 3.964674
11492 3.952456
11494 3.861134
11496 3.732697
11498 3.621130
11500 3.567578
11502 3.586408
11504 3.663362
11506 3.762330
11508 3.841216
11510 3.867203
11512 3.832644
11514 3.763799
11516 3.705376
11518 3.691961
11520 3.730765
11522 3.801841
11524 3.864917
11526 3.884754
11528 3.847202
11530 3.763690
11532 3.665294
11534 3.595034
11536 3.585891
11538 3.649675
11540 3.767391
11542 3.892700
11544 3.962089
11546 3.941707
11548 3.844862
11550 3.718846
11552 3.614626
11554 3.575007
11556 3.615688
11558 3.720588
11560 3.844835
11562 3.933734
11564 3.945898
11566 3.878686
11568 3.760860
11570 3.641974
11572 3.569483
11574 3.573047
11576 3.646899
11578 3.752751
11580 3.837188
11582 3.861407
11584 3.814113
11586 3.716832
11588 3.617837
11590 3.569591
11592 3.597782
11594 3.688995
11596 3.797977
11598 3.871720
11600 3.877434
11602 3.812372
11604 3.706057
11606 3.610136
11608 3.572884
11610 3.615089
11612 3.719336
11614 3.836508
11616 3.919204
11618 3.936374
11620 3.878958
11622 3.767391
11624 3.652722
11626 3.584313
11628 3.588150
11630 3.658437
11632 3.765432
11634 3.862685
11636 3.904836
11638 3.868128
11640 3.776616
11642 3.684587
11644 3.642219
11646 3.667035
11648 3.745051
11650 3.842141
11652 3.917516
11654 3.930088
11656 3.861407
11658 3.733105
11660 3.599823
11662 3.515114
11664 3.511441
11666 3.587932
11668 3.710819
11670 3.826984
11672 3.888700
11674 3.872019
11676 3.785215
11678 3.667933
11680 3.579605
11682 3.565700
11684 3.635416
11686 3.754711
11688 3.862168
11690 3.907938
11692 3.882359
11694 3.799609
11696 3.690111
11698 3.604232
11700 3.588313
11702 3.655770
11704 3.777350
11706 3.894060
11708 3.947177
11710 3.909652
11712 3.791936
11714 3.641348
11716 3.524203
11718 3.490706
11720 3.553074
11722 3.687471
11724 3.840100
11726 3.947966
11728 3.962578
11730 3.883067
11732 3.756398
11734 3.648613
11736 3.606980
11738 3.643117
11740 3.736452
11742 3.842522
11744 3.903747
11746 3.879420
11748 3.777323
11750 3.645375
11752 3.539904
11754 3.500883
11756 3.541917
11758 3.646926
11760 3.770684
11762 3.850168
11764 3.841270
11766 3.752452
11768 3.636395
11770 3.550516
11772 3.534053
11774 3.600177
11776 3.731200
11778 3.876727
11780 3.974279
11782 3.984538
11784 3.908890
11786 3.780861
11788 3.647987
11790 3.556421
11792 3.538244
11794 3.598408
11796 3.713567
11798 3.832889
11800 3.898659
11802 3.878223
11804 3.785514
11806 3.674437
11808 3.603742
11810 3.604068
11812 3.669947
11814 3.770384
11816 3.859284
11818 3.896101
11820 3.863692
11822 3.778439
11824 3.682873
11826 3.626327
11828 3.638681
11830 3.718574
11832 3.830903
11834 3.923693
11836 3.949381
11838 3.891013
11840 3.769296
11842 3.630790
11844 3.522625
11846 3.483168
11848 3.526951
11850 3.636423
11852 3.760262
11854 3.842331
11856 3.850168
11858 3.794902
11860 3.713268
11862 3.641756
11864 3.603660
11866 3.615715
11868 3.680560
11870 3.774575
11872 3.850195
11874 3.868128
11876 3.819800
11878 3.730112
11880 3.641185
11882 3.593020
11884 3.604694
11886 3.674110
11888 3.773731
11890 3.855583
11892 3.877080
11894 3.831801
11896 3.747908
11898 3.671308
11900 3.642600
11902 3.679362
11904 3.767908
11906 3.866549
11908 3.929898
11910 3.932374
11912 3.878087
11914 3.789405
11916 3.698084
11918 3.636912
11920 3.627633
11922 3.669784
11924 3.740316
11926 3.805106
11928 3.833869
11930 3.811637
11932 3.748370
11934 3.672804
11936 3.618899
11938 3.605647
11940 3.631742
11942 3.682002
11944 3.737268
11946 3.773350
11948 3.770575
11950 3.729105
11952 3.674927
11954 3.640069
11956 3.647090
11958 3.700125
11960 3.783582
11962 3.866087
11964 3.913816
11966 3.902142
11968 3.833624
11970 3.735962
11972 3.650491
11974 3.606028
11976 3.614980
11978 3.668478
11980 3.741023
11982 3.798330
11984 3.818712
11986 3.803473
11988 3.772235
11990 3.746874
11992 3.742901
11994 3.762738
11996 3.797269
11998 3.827828
12000 3.835528
12002 3.811746
12004 3.763391
12006 3.709567
12008 3.672206
12010 3.664831
12012 3.688941
12014 3.735499
12016 3.786602
12018 3.819909
12020 3.817787
12022 3.779419
12024 3.723227
12026 3.676396
12028 3.657103
12030 3.666763
12032 3.696288
12034 3.735581
12036 3.773323
12038 3.793841
12040 3.784099
12042 3.750792
12044 3.715472
12046 3.696369
12048 3.696288
12050 3.705159
12052 3.714710
12054 3.726139
12056 3.741404
12058 3.754139
12060 3.758003
12062 3.758683
12064 3.765160
12066 3.777432
12068 3.786630
12070 3.786738
12072 3.779310
12074 3.766412
12076 3.749432
12078 3.732479
12080 3.724071
12082 3.730873
12084 3.753377
12086 3.788072
12088 3.828263
12090 3.861760
12092 3.872672
12094 3.852726
12096 3.806902
12098 3.750629
12100 3.699608
12102 3.665430
12104 3.652695
12106 3.662083
12108 3.687689
12110 3.718792
12112 3.746003
12114 3.764942
12116 3.774575
12118 3.777868
12120 3.778575
12122 3.776616
12124 3.764942
12126 3.737459
12128 3.698138
12130 3.662546
12132 3.645783
12134 3.651198
12136 3.674627
12138 3.709295
12140 3.748343
12142 3.781840
12144 3.799936
12146 3.798385
12148 3.781949
12150 3.761323
12152 3.748588
12154 3.748452
12156 3.758602
12158 3.773486
12160 3.790058
12162 3.807120
12164 3.821297
12166 3.826549
12168 3.819855
12170 3.806739
12172 3.796290
12174 3.788670
12176 3.777051
12178 3.758275
12180 3.737867
12182 3.723581
12184 3.719417
12186 3.727227
12188 3.747146
12190 3.774112
12192 3.795337
12194 3.798575
12196 3.781868
12198 3.750384
12200 3.712669
12202 3.678682
12204 3.660423
12206 3.668777
12208 3.703771
12210 3.751336
12212 3.792453
12214 3.815310
12216 3.816698
12218 3.797160
12220 3.765214
12222 3.736343
12224 3.722030
12226 3.720805
12228 3.721513
12230 3.717377
12232 3.712043
12234 3.711662
12236 3.717785
12238 3.731744
12240 3.757432
12242 3.794330
12244 3.830930
12246 3.851828
12248 3.850304
12250 3.829297
12252 3.795065
12254 3.755609
12256 3.723173
12258 3.710927
12260 3.725050
12262 3.758874
12264 3.796398
12266 3.820127
12268 3.818004
12270 3.788698
12272 3.743908
12274 3.703689
12276 3.686301
12278 3.698818
12280 3.734574
12282 3.777704
12284 3.808317
12286 3.812099
