0 3.807283
2 4.009981
4 4.216787
6 4.327837
8 4.306558
10 4.199535
12 4.059696
14 3.910931
16 3.787691
18 3.731989
20 3.773541
22 3.916537
24 4.114663
26 4.271564
28 4.307293
30 4.226039
32 4.088458
34 3.940238
36 3.808426
38 3.726275
40 3.721839
42 3.805269
44 3.957898
46 4.119479
48 4.207889
50 4.179208
52 4.064893
54 3.933081
56 3.822685
58 3.746710
60 3.718138
62 3.750466
64 3.851719
66 4.003151
68 4.142038
70 4.195372
72 4.143044
74 4.034770
76 3.934632
78 3.869733
80 3.841678
82 3.850712
84 3.902877
86 4.006117
88 4.133085
90 4.212161
92 4.189494
94 4.090472
96 3.994198
98 3.946741
100 3.941544
102 3.956646
104 3.980919
106 4.023178
108 4.085737
110 4.127507
112 4.106608
114 4.024620
116 3.931530
118 3.878985
120 3.878441
122 3.902795
124 3.922197
126 3.932483
128 3.952918
130 3.988620
132 4.014797
134 4.011613
136 3.986769
138 3.967395
140 3.973109
142 3.994062
144 4.003913
146 3.983014
148 3.939830
150 3.908591
152 3.913544
154 3.946360
156 3.983558
158 4.011613
160 4.036158
162 4.061846
164 4.073138
166 4.045519
168 3.972919
170 3.888836
172 3.844916
174 3.867502
176 3.942850
178 4.033464
180 4.112350
182 4.177032
184 4.217440
186 4.200869
188 4.104404
190 3.956265
192 3.825243
194 3.772316
196 3.814358
198 3.922877
200 4.042961
202 4.136677
204 4.199889
206 4.217440
208 4.151317
210 4.004892
212 3.832236
214 3.701812
216 3.662301
218 3.726275
220 3.866549
222 4.021165
224 4.128595
226 4.157276
228 4.126065
230 4.031913
232 3.890196
234 3.755990
236 3.690084
238 3.721975
240 3.840182
242 3.999722
244 4.137847
246 4.211835
248 4.212025
250 4.139970
252 4.008457
254 3.858685
256 3.756289
258 3.750928
260 3.843202
262 3.992756
264 4.136350
266 4.216978
268 4.226121
270 4.178283
272 4.073138
274 3.939639
276 3.824209
278 3.775663
280 3.813950
282 3.916863
284 4.036512
286 4.127235
288 4.167752
290 4.153548
292 4.092622
294 4.001518
296 3.906659
298 3.838250
300 3.820562
302 3.856536
304 3.922877
306 3.990987
308 4.041111
310 4.059016
312 4.047179
314 4.017328
316 3.983232
318 3.953626
320 3.930768
322 3.919829
324 3.925299
326 3.941299
328 3.958551
330 3.968919
332 3.977082
334 3.998307
336 4.037247
338 4.082554
340 4.106010
342 4.087071
344 4.040512
346 3.994198
348 3.955912
350 3.923775
352 3.907530
354 3.933517
356 4.014579
358 4.124187
360 4.209767
362 4.221413
364 4.151099
366 4.029845
368 3.894360
370 3.781623
372 3.722003
374 3.735418
376 3.832236
378 3.990960
380 4.148541
382 4.232733
384 4.207182
386 4.087207
388 3.921163
390 3.766493
392 3.667634
394 3.648831
396 3.719581
398 3.873897
400 4.064703
402 4.212379
404 4.261686
406 4.211454
408 4.075615
410 3.900319
412 3.751962
414 3.676641
416 3.696533
418 3.815991
420 4.010307
422 4.203889
424 4.308816
426 4.287129
428 4.165712
430 4.004511
432 3.862849
434 3.781269
436 3.778521
438 3.854168
440 3.992321
442 4.151426
444 4.260298
446 4.264788
448 4.162990
450 4.010688
452 3.870740
454 3.782058
456 3.764479
458 3.821188
460 3.938333
462 4.083996
464 4.204461
466 4.241169
468 4.172596
470 4.029246
472 3.867801
474 3.740479
476 3.677566
478 3.692478
480 3.784371
482 3.932020
484 4.088812
486 4.188243
488 4.199508
490 4.132296
492 4.015695
494 3.895203
496 3.809950
498 3.770466
500 3.778194
502 3.838767
504 3.949190
506 4.077329
508 4.175154
510 4.211780
512 4.173249
514 4.085030
516 4.009464
518 3.973953
520 3.957027
522 3.934959
524 3.913244
526 3.918333
528 3.960157
530 4.019668
532 4.062608
534 4.067125
536 4.051288
538 4.044866
540 4.037165
542 3.996076
544 3.921353
546 3.851964
548 3.824617
550 3.845161
552 3.896672
554 3.957218
556 4.017219
558 4.078662
560 4.127180
562 4.124568
564 4.048893
566 3.926904
568 3.813351
570 3.752207
572 3.759663
574 3.827583
576 3.935802
578 4.062172
580 4.178746
582 4.239373
584 4.202882
586 4.082336
588 3.927993
590 3.800970
592 3.748153
594 3.784997
596 3.898523
598 4.056866
600 4.217114
602 4.312517
604 4.283945
606 4.190283
608 4.031206
610 3.843855
612 3.713159
614 3.681866
616 3.753459
618 3.898604
620 4.071696
622 4.222202
624 4.287646
626 4.219944
628 4.041492
630 3.830249
632 3.661103
634 3.580830
636 3.611470
638 3.741295
640 3.923966
642 4.101030
644 4.216542
646 4.239890
648 4.158555
650 3.996348
652 3.824072
654 3.702546
656 3.672750
658 3.747881
660 3.903203
662 4.080730
664 4.217767
666 4.278476
668 4.248788
670 4.130963
672 3.970225
674 3.829624
676 3.760017
678 3.788643
680 3.905543
682 4.063097
684 4.194420
686 4.253305
688 4.237305
690 4.169494
692 4.060131
694 3.931612
696 3.826766
698 3.784072
700 3.817134
702 3.908020
704 4.020430
706 4.109874
708 4.140514
710 4.124867
712 4.079968
714 4.003640
716 3.910931
718 3.831175
720 3.789051
722 3.791990
724 3.829841
726 3.880699
728 3.922986
730 3.952701
732 3.983205
734 4.012539
736 4.025791
738 4.026226
740 4.013545
742 3.983667
744 3.936945
746 3.887965
748 3.860645
750 3.865053
752 3.902387
754 3.972347
756 4.058199
758 4.134718
760 4.177930
762 4.165086
764 4.099071
766 4.003940
768 3.916319
770 3.868182
772 3.870985
774 3.925598
776 4.019042
778 4.117139
780 4.180079
782 4.175780
784 4.097057
786 3.971776
788 3.837460
790 3.736778
792 3.707499
794 3.761214
796 3.883856
798 4.036185
800 4.159371
802 4.200052
804 4.140868
806 4.015831
808 3.873679
810 3.747744
812 3.672287
814 3.678219
816 3.775310
818 3.942687
820 4.125275
822 4.251727
824 4.268135
826 4.170800
828 4.008566
830 3.842222
832 3.715553
834 3.667498
836 3.722275
838 3.874305
840 4.082526
842 4.272734
844 4.363266
846 4.316980
848 4.160705
850 3.963857
852 3.789759
854 3.689294
856 3.699662
858 3.821977
860 4.017818
862 4.217903
864 4.332137
866 4.341933
868 4.227209
870 4.048376
872 3.873570
874 3.739527
876 3.676587
878 3.709159
880 3.833079
882 4.007505
884 4.165059
886 4.238992
888 4.199862
890 4.073274
892 3.922034
894 3.801269
896 3.735989
898 3.732424
900 3.786956
902 3.887366
904 4.009981
906 4.126065
908 4.196080
910 4.188760
912 4.117466
914 4.020865
916 3.935748
918 3.882876
920 3.872155
922 3.903911
924 3.968293
926 4.045111
928 4.107751
930 4.136378
932 4.128922
934 4.097248
936 4.060948
938 4.031260
940 4.007069
942 3.979586
944 3.947612
946 3.923231
948 3.914659
950 3.923639
952 3.946986
954 3.980266
956 4.017301
958 4.052730
960 4.069492
962 4.048648
964 3.988429
966 3.906414
968 3.833107
970 3.796262
972 3.806875
974 3.859284
976 3.938741
978 4.029437
980 4.107833
982 4.133956
984 4.089547
986 4.001083
988 3.903339
990 3.823909
992 3.780099
994 3.787718
996 3.858658
998 3.978470
1000 4.108840
1002 4.193848
1004 4.183970
1006 4.085111
1008 3.953871
1010 3.847801
1012 3.799147
1014 3.815583
1016 3.893761
1018 4.020620
1020 4.155725
1022 4.239373
1024 4.231373
1026 4.136133
1028 3.982933
1030 3.831773
1032 3.738220
1034 3.730030
1036 3.803691
1038 3.937408
1040 4.094282
1042 4.219835
1044 4.263373
1046 4.200950
1048 4.042988
1050 3.842032
1052 3.673430
1054 3.598272
1056 3.638763
1058 3.781487
1060 3.984701
1062 4.182501
1064 4.307238
1066 4.334939
1068 4.259618
1070 4.087996
1072 3.876291
1074 3.704968
1076 3.634980
1078 3.686900
1080 3.846984
1082 4.067016
1084 4.265768
1086 4.378586
1088 4.376219
1090 4.262312
1092 4.072621
1094 3.867039
1096 3.711091
1098 3.649729
1100 3.700206
1102 3.855583
1104 4.066417
1106 4.233495
1108 4.289823
1110 4.247917
1112 4.152732
1114 4.041845
1116 3.941816
1118 3.869488
1120 3.833107
1122 3.839909
1124 3.896945
1126 3.991477
1128 4.077710
1130 4.117874
1132 4.111887
1134 4.075370
1136 4.022961
1138 3.968511
1140 3.922170
1142 3.888917
1144 3.873325
1146 3.882033
1148 3.916156
1150 3.963313
1152 4.010743
1154 4.053818
1156 4.081574
1158 4.081683
1160 4.056186
1162 4.014226
1164 3.960810
1166 3.900292
1168 3.859937
1170 3.871230
1172 3.932374
1174 4.019097
1176 4.105466
1178 4.162256
1180 4.166474
1182 4.120595
1184 4.046009
1186 3.963368
1188 3.896564
1190 3.878577
1192 3.922360
1194 4.009164
1196 4.108540
1198 4.190664
1200 4.218175
1202 4.161603
1204 4.032430
1206 3.879992
1208 3.758275
1210 3.699988
1212 3.717866
1214 3.805759
1216 3.943694
1218 4.102853
1220 4.228570
1222 4.243563
1224 4.121547
1226 3.925000
1228 3.744942
1230 3.643144
1232 3.638899
1234 3.722383
1236 3.871121
1238 4.060866
1240 4.251319
1242 4.368573
1244 4.344382
1246 4.184868
1248 3.962905
1250 3.761650
1252 3.642763
1254 3.635579
1256 3.738357
1258 3.923993
1260 4.142745
1262 4.319374
1264 4.373253
1266 4.288979
1268 4.114663
1270 3.911040
1272 3.740615
1274 3.655607
1276 3.679798
1278 3.807637
1280 4.003640
1282 4.201331
1284 4.324136
1286 4.336844
1288 4.240815
1290 4.071315
1292 3.877625
1294 3.720968
1296 3.652749
1298 3.689049
1300 3.811446
1302 3.975150
1304 4.120377
1306 4.198665
1308 4.190474
1310 4.112404
1312 3.999967
1314 3.886387
1316 3.804861
1318 3.778439
1320 3.811201
1322 3.891094
1324 3.987069
1326 4.063723
1328 4.099588
1330 4.091261
1332 4.056648
1334 4.017301
1336 3.986116
1338 3.962007
1340 3.943367
1342 3.948020
1344 3.986960
1346 4.035396
1348 4.059179
1350 4.054335
1352 4.034607
1354 4.011967
1356 3.997681
1358 3.995069
1360 3.993246
1362 3.984620
1364 3.976728
1366 3.972130
1368 3.970225
1370 3.978796
1372 3.996239
1374 4.009328
1376 4.009872
1378 3.999586
1380 3.981708
1382 3.954497
1384 3.915584
1386 3.871856
1388 3.844263
1390 3.857243
1392 3.916074
1394 3.994960
1396 4.059125
1398 4.091724
1400 4.088241
1402 4.043315
1404 3.958306
1406 3.854468
1408 3.773106
1410 3.752289
1412 3.808453
1414 3.929245
1416 4.072513
1418 4.192188
1420 4.258122
1422 4.242448
1424 4.128078
1426 3.948238
1428 3.780834
1430 3.692533
1432 3.709730
1434 3.826222
1436 4.010988
1438 4.211155
1440 4.362994
1442 4.395893
1444 4.301143
1446 4.108785
1448 3.889298
1450 3.710873
1452 3.619089
1454 3.636504
1456 3.760888
1458 3.962225
1460 4.179263
1462 4.330096
1464 4.341824
1466 4.221713
1468 4.029927
1470 3.820426
1472 3.643743
1474 3.549509
1476 3.568666
1478 3.702002
1480 3.910469
1482 4.118309
1484 4.246148
1486 4.262965
1488 4.195780
1490 4.077329
1492 3.938197
1494 3.820970
1496 3.764398
1498 3.785187
1500 3.874087
1502 3.995477
1504 4.103969
1506 4.167943
1508 4.175045
1510 4.131099
1512 4.052920
1514 3.969055
1516 3.911911
1518 3.897189
1520 3.921054
1522 3.971422
1524 4.029138
1526 4.071996
1528 4.086662
1530 4.071560
1532 4.036049
1534 3.994416
1536 3.960592
1538 3.940564
1540 3.932592
1542 3.940782
1544 3.967776
1546 3.992756
1548 3.997191
1550 3.987042
1552 3.971368
1554 3.949544
1556 3.921353
1558 3.893652
1560 3.874876
1562 3.872019
1564 3.894387
1566 3.934932
1568 3.971150
1570 4.004212
1572 4.046498
1574 4.083397
1576 4.081873
1578 4.030879
1580 3.950769
1582 3.870250
1584 3.818766
1586 3.820644
1588 3.873733
1590 3.962497
1592 4.077329
1594 4.196460
1596 4.271890
1598 4.262884
1600 4.170174
1602 4.026199
1604 3.876155
1606 3.769432
1608 3.743064
1610 3.802358
1612 3.927612
1614 4.084730
1616 4.227509
1618 4.306912
1620 4.293333
1622 4.184134
1624 4.002552
1626 3.803310
1628 3.654083
1630 3.600803
1632 3.655498
1634 3.801950
1636 4.000021
1638 4.191236
1640 4.314177
1642 4.325062
1644 4.214230
1646 4.022389
1648 3.823256
1650 3.681621
1652 3.633184
1654 3.683689
1656 3.816399
1658 3.998280
1660 4.178909
1662 4.297578
1664 4.308109
1666 4.209903
1668 4.052485
1670 3.895312
1672 3.781487
1674 3.739010
1676 3.779990
1678 3.898033
1680 4.063778
1682 4.217005
1684 4.284190
1686 4.235999
1688 4.111697
1690 3.969409
1692 3.851311
1694 3.783255
1696 3.784398
1698 3.854195
1700 3.968837
1702 4.090146
1704 4.167671
1706 4.156705
1708 4.064921
1710 3.943095
1712 3.832998
1714 3.753432
1716 3.721649
1718 3.755663
1720 3.846223
1722 3.959585
1724 4.055342
1726 4.096459
1728 4.066553
1730 3.988620
1732 3.900917
1734 3.826277
1736 3.782303
1738 3.792943
1740 3.866413
1742 3.975858
1744 4.080458
1746 4.150256
1748 4.168895
1750 4.136677
1752 4.076866
1754 4.012484
1756 3.948918
1758 3.896754
1760 3.883230
1762 3.922442
1764 3.998198
1766 4.080023
1768 4.142119
1770 4.168678
1772 4.158283
1774 4.121520
1776 4.063832
1778 3.984538
1780 3.897271
1782 3.831909
1784 3.811147
1786 3.837597
1788 3.903720
1790 3.995885
1792 4.093193
1794 4.172161
1796 4.208597
1798 4.178991
1800 4.075751
1802 3.924265
1804 3.777541
1806 3.684886
1808 3.672723
1810 3.749241
1812 3.898060
1814 4.078254
1816 4.240897
1818 4.337143
1820 4.325796
1822 4.200978
1824 4.018770
1826 3.832508
1828 3.692968
1830 3.643770
1832 3.705512
1834 3.863094
1836 4.067506
1838 4.254611
1840 4.362613
1842 4.348817
1844 4.219427
1846 4.027532
1848 3.838957
1850 3.711907
1852 3.690519
1854 3.785242
1856 3.955558
1858 4.132867
1860 4.254557
1862 4.282231
1864 4.211617
1866 4.073601
1868 3.921054
1870 3.798929
1872 3.736533
1874 3.751010
1876 3.835746
1878 3.953925
1880 4.057873
1882 4.110853
1884 4.089275
1886 3.991477
1888 3.858903
1890 3.753377
1892 3.712234
1894 3.739336
1896 3.819283
1898 3.926306
1900 4.032185
1902 4.112867
1904 4.139262
1906 4.089384
1908 3.980701
1910 3.866658
1912 3.799092
1914 3.798494
1916 3.854386
1918 3.940837
1920 4.032430
1922 4.114228
1924 4.163780
1926 4.148786
1928 4.074798
1930 3.980048
1932 3.905244
1934 3.871856
1936 3.877216
1938 3.909680
1940 3.962252
1942 4.027342
1944 4.083642
1946 4.103915
1948 4.086009
1950 4.050607
1952 4.009981
1954 3.962143
1956 3.905952
1958 3.855366
1960 3.834712
1962 3.856400
1964 3.910795
1966 3.976157
1968 4.033029
1970 4.077465
1972 4.111479
1974 4.116323
1976 4.069547
1978 3.976075
1980 3.866903
1982 3.778738
1984 3.739282
1986 3.755037
1988 3.817569
1990 3.918550
1992 4.047315
1994 4.169385
1996 4.231291
1998 4.210039
2000 4.124622
2002 3.995531
2004 3.846223
2006 3.733268
2008 3.704478
2010 3.772153
2012 3.918850
2014 4.102663
2016 4.259210
2018 4.326858
2020 4.289796
2022 4.171236
2024 4.017763
2026 3.874441
2028 3.775010
2030 3.746275
2032 3.798603
2034 3.920047
2036 4.071070
2038 4.188705
2040 4.222175
2042 4.166256
2044 4.051805
2046 3.923204
2048 3.813188
2050 3.745404
2052 3.739363
2054 3.802113
2056 3.920346
2058 4.050716
2060 4.133330
2062 4.138364
2064 4.076839
2066 3.979314
2068 3.881543
2070 3.814902
2072 3.799990
2074 3.841433
2076 3.933653
2078 4.053465
2080 4.148296
2082 4.172923
2084 4.126255
2086 4.029110
2088 3.911122
2090 3.813977
2092 3.777976
2094 3.815310
2096 3.911285
2098 4.046145
2100 4.188868
2102 4.279374
2104 4.267319
2106 4.156813
2108 3.995858
2110 3.844100
2112 3.752343
2114 3.746248
2116 3.815174
2118 3.929598
2120 4.066036
2122 4.208107
2124 4.306939
2126 4.297632
2128 4.179181
2130 4.009926
2132 3.849624
2134 3.738846
2136 3.696124
2138 3.720234
2140 3.803419
2142 3.936809
2144 4.086282
2146 4.181712
2148 4.182038
2150 4.115371
2152 4.029138
2154 3.946007
2156 3.872373
2158 3.819066
2160 3.804045
2162 3.842250
2164 3.933163
2166 4.045737
2168 4.130663
2170 4.167671
2172 4.171453
2174 4.152759
2176 4.105411
2178 4.027723
2180 3.943122
2182 3.886495
2184 3.881706
2186 3.930687
2188 4.008375
2190 4.082662
2192 4.140868
2194 4.174120
2196 4.165358
2198 4.109003
2200 4.016947
2202 3.913489
2204 3.829270
2206 3.793677
2208 3.818930
2210 3.889788
2212 3.982579
2214 4.077601
2216 4.142446
2218 4.149521
2220 4.097003
2222 3.995314
2224 3.874005
2226 3.777650
2228 3.741350
2230 3.770112
2232 3.845461
2234 3.949000
2236 4.057383
2238 4.130691
2240 4.142419
2242 4.089873
2244 3.983232
2246 3.857597
2248 3.765568
2250 3.748697
2252 3.816861
2254 3.949762
2256 4.107588
2258 4.234992
2260 4.276707
2262 4.219509
2264 4.091370
2266 3.934387
2268 3.800970
2270 3.739445
2272 3.775935
2274 3.904972
2276 4.083370
2278 4.235863
2280 4.296925
2282 4.258475
2284 4.149521
2286 3.993627
2288 3.826004
2290 3.702165
2292 3.667335
2294 3.736261
2296 3.887856
2298 4.062989
2300 4.190256
2302 4.234420
2304 4.199427
2306 4.095207
2308 3.934932
2310 3.762357
2312 3.638899
2314 3.609375
2316 3.687771
2318 3.849923
2320 4.036539
2322 4.187018
2324 4.272761
2326 4.285741
2328 4.219536
2330 4.084486
2332 3.923367
2334 3.786330
2336 3.711880
2338 3.724288
2340 3.822549
2342 3.978116
2344 4.144677
2346 4.268135
2348 4.307973
2350 4.262258
2352 4.160596
2354 4.032430
2356 3.896972
2358 3.785051
2360 3.739499
2362 3.782085
2364 3.899965
2366 4.048240
2368 4.169412
2370 4.231726
2372 4.236951
2374 4.186175
2376 4.075533
2378 3.925979
2380 3.785922
2382 3.701376
2384 3.690301
2386 3.747608
2388 3.851257
2390 3.971150
2392 4.080295
2394 4.152786
2396 4.154664
2398 4.068921
2400 3.932102
2402 3.808916
2404 3.741323
2406 3.737513
2408 3.788398
2410 3.879039
2412 3.991232
2414 4.101738
2416 4.174419
2418 4.169603
2420 4.077057
2422 3.941000
2424 3.831420
2426 3.788208
2428 3.818059
2430 3.908128
2432 4.028240
2434 4.143670
2436 4.222230
2438 4.228815
2440 4.138745
2442 3.973654
2444 3.810276
2446 3.713513
2448 3.700125
2450 3.761350
2452 3.877788
2454 4.022008
2456 4.163535
2458 4.257822
2460 4.248679
2462 4.116078
2464 3.911203
2466 3.724560
2468 3.619769
2470 3.613429
2472 3.694410
2474 3.836372
2476 4.006851
2478 4.168814
2480 4.271047
2482 4.265142
2484 4.143888
2486 3.955721
2488 3.776670
2490 3.668804
2492 3.661076
2494 3.750955
2496 3.906360
2498 4.077438
2500 4.215073
2502 4.293524
2504 4.291782
2506 4.197767
2508 4.036648
2510 3.865733
2512 3.743636
2514 3.708995
2516 3.769160
2518 3.896183
2520 4.046580
2522 4.187753
2524 4.286340
2526 4.296979
2528 4.194202
2530 4.021818
2532 3.855883
2534 3.744915
2536 3.704941
2538 3.729703
2540 3.801106
2542 3.906224
2544 4.037111
2546 4.156541
2548 4.206420
2550 4.157684
2552 4.044185
2554 3.919503
2556 3.813977
2558 3.738465
2560 3.698873
2562 3.705023
2564 3.766738
2566 3.878033
2568 4.005790
2570 4.100323
2572 4.132731
2574 4.111289
2576 4.054499
2578 3.979531
2580 3.907040
2582 3.856808
2584 3.841787
2586 3.871774
2588 3.949163
2590 4.051723
2592 4.133112
2594 4.160841
2596 4.136214
2598 4.076322
2600 3.995749
2602 3.909326
2604 3.845134
2606 3.832236
2608 3.879339
2610 3.972810
2612 4.075696
2614 4.138283
2616 4.129384
2618 4.053764
2620 3.945354
2622 3.838114
2624 3.758847
2626 3.733839
2628 3.775745
2630 3.876509
2632 4.015369
2634 4.152106
2636 4.231890
2638 4.209685
2640 4.082390
2642 3.897951
2644 3.718574
2646 3.601565
2648 3.586381
2650 3.675879
2652 3.841188
2654 4.043941
2656 4.233876
2658 4.343212
2660 4.321987
2662 4.187726
2664 3.995123
2666 3.801732
2668 3.657892
2670 3.604395
2672 3.657648
2674 3.807337
2676 4.018661
2678 4.221604
2680 4.332844
2682 4.316327
2684 4.207808
2686 4.059968
2688 3.904890
2690 3.781078
2692 3.731635
2694 3.776289
2696 3.902822
2698 4.069791
2700 4.209522
2702 4.264407
2704 4.229930
2706 4.141194
2708 4.027178
2710 3.905462
2712 3.804290
2714 3.755391
2716 3.774493
2718 3.855991
2720 3.974633
2722 4.088295
2724 4.155317
2726 4.157984
2728 4.105602
2730 4.013818
2732 3.903693
2734 3.809433
2736 3.761622
2738 3.777487
2740 3.856998
2742 3.980728
2744 4.109765
2746 4.198365
2748 4.222121
2750 4.189630
2752 4.121167
2754 4.028457
2756 3.921462
2758 3.829896
2760 3.787174
2762 3.811474
2764 3.896455
2766 4.009028
2768 4.103425
2770 4.151943
2772 4.152623
2774 4.109819
2776 4.021682
2778 3.904346
2780 3.802766
2782 3.754003
2784 3.775418
2786 3.862223
2788 3.985327
2790 4.100976
2792 4.170338
2794 4.171889
2796 4.111833
2798 4.011015
2800 3.895829
2802 3.796535
2804 3.744942
2806 3.765514
2808 3.857787
2810 3.989028
2812 4.102146
2814 4.152242
2816 4.132650
2818 4.054471
2820 3.937517
2822 3.816970
2824 3.738710
2826 3.738357
2828 3.821868
2830 3.963177
2832 4.110745
2834 4.216379
2836 4.258639
2838 4.223862
2840 4.106091
2842 3.937190
2844 3.782548
2846 3.704424
2848 3.732941
2850 3.856590
2852 4.028566
2854 4.193821
2856 4.315402
2858 4.353525
2860 4.271183
2862 4.088812
2864 3.878522
2866 3.715608
2868 3.645021
2870 3.679553
2872 3.805378
2874 3.984075
2876 4.155589
2878 4.252951
2880 4.256870
2882 4.176868
2884 4.039315
2886 3.881543
2888 3.741159
2890 3.654736
2892 3.650328
2894 3.735826
2896 3.884536
2898 4.036321
2900 4.130554
2902 4.150065
2904 4.116405
2906 4.043124
2908 3.940864
2910 3.839256
2912 3.778521
2914 3.784670
2916 3.856372
2918 3.962851
2920 4.058852
2922 4.115996
2924 4.137031
2926 4.129357
2928 4.083969
2930 4.004702
2932 3.920591
2934 3.864345
2936 3.851828
2938 3.884536
2940 3.954225
2942 4.033845
2944 4.094771
2946 4.130391
2948 4.136214
2950 4.103044
2952 4.037002
2954 3.958796
2956 3.890768
2958 3.853787
2960 3.860536
2962 3.904101
2964 3.961898
2966 4.016131
2968 4.057710
2970 4.073519
2972 4.054798
2974 4.002906
2976 3.928455
2978 3.852427
2980 3.801133
2982 3.795963
2984 3.840046
2986 3.916346
2988 4.002879
2990 4.076594
2992 4.110418
2994 4.085683
2996 4.009681
2998 3.918850
3000 3.853325
3002 3.832045
3004 3.861325
3006 3.940864
3008 4.057927
3010 4.182365
3012 4.266367
3014 4.262040
3016 4.158337
3018 3.988593
3020 3.818358
3022 3.710193
3024 3.690111
3026 3.765786
3028 3.921108
3030 4.104023
3032 4.243972
3034 4.290285
3036 4.233495
3038 4.084540
3040 3.872590
3042 3.681240
3044 3.576775
3046 3.579115
3048 3.683607
3050 3.861733
3052 4.058852
3054 4.215563
3056 4.292598
3058 4.270285
3060 4.137058
3062 3.920700
3064 3.720261
3066 3.608613
3068 3.606109
3070 3.700152
3072 3.856019
3074 4.032866
3076 4.189005
3078 4.271890
3080 4.240543
3082 4.110228
3084 3.950660
3086 3.828617
3088 3.771854
3090 3.783473
3092 3.854685
3094 3.960510
3096 4.070200
3098 4.163752
3100 4.197576
3102 4.158446
3104 4.077628
3106 3.993654
3108 3.930415
3110 3.896591
3112 3.901135
3114 3.944320
3116 4.004348
3118 4.054254
3120 4.079043
3122 4.074771
3124 4.047424
3126 4.008402
3128 3.966878
3130 3.927258
3132 3.895693
3134 3.883012
3136 3.891530
3138 3.909435
3140 3.932156
3142 3.961980
3144 3.991559
3146 4.010906
3148 4.013872
3150 3.998389
3152 3.967286
3154 3.930687
3156 3.902931
3158 3.892591
3160 3.904727
3162 3.945789
3164 4.009246
3166 4.072349
3168 4.114146
3170 4.125901
3172 4.105574
3174 4.052458
3176 3.975640
3178 3.903475
3180 3.868672
3182 3.888890
3184 3.962388
3186 4.059886
3188 4.136704
3190 4.171861
3192 4.165004
3194 4.104812
3196 3.985382
3198 3.839474
3200 3.730873
3202 3.711526
3204 3.793895
3206 3.951259
3208 4.123588
3210 4.245686
3212 4.289660
3214 4.241985
3216 4.107125
3218 3.932292
3220 3.762711
3222 3.637321
3224 3.588966
3226 3.643470
3228 3.806385
3230 4.033274
3232 4.229196
3234 4.320300
3236 4.289415
3238 4.159752
3240 3.972565
3242 3.774629
3244 3.627225
3246 3.581619
3248 3.656967
3250 3.835828
3252 4.051805
3254 4.215617
3256 4.286884
3258 4.270884
3260 4.181385
3262 4.032457
3264 3.869488
3266 3.760262
3268 3.742683
3270 3.815419
3272 3.948238
3274 4.093193
3276 4.204052
3278 4.245414
3280 4.200080
3282 4.082064
3284 3.932945
3286 3.802548
3288 3.728805
3290 3.727690
3292 3.796208
3294 3.914659
3296 4.041410
3298 4.124758
3300 4.134935
3302 4.076295
3304 3.978715
3306 3.872672
3308 3.782684
3310 3.733105
3312 3.739309
3314 3.802358
3316 3.905843
3318 4.013001
3320 4.083560
3322 4.097656
3324 4.063097
3326 3.997681
3328 3.914822
3330 3.840780
3332 3.808154
3334 3.829678
3336 3.895530
3338 3.977327
3340 4.048730
3342 4.099370
3344 4.126255
3346 4.122962
3348 4.077737
3350 3.992457
3352 3.901326
3354 3.843719
3356 3.836726
3358 3.878060
3360 3.951612
3362 4.033627
3364 4.098010
3366 4.127915
3368 4.113983
3370 4.046090
3372 3.936619
3374 3.828671
3376 3.765133
3378 3.766711
3380 3.831637
3382 3.939803
3384 4.058526
3386 4.155099
3388 4.208161
3390 4.199154
3392 4.112541
3394 3.961272
3396 3.797052
3398 3.677076
3400 3.637348
3402 3.691281
3404 3.827610
3406 4.008865
3408 4.184161
3410 4.304653
3412 4.325687
3414 4.222719
3416 4.031369
3418 3.834304
3420 3.697703
3422 3.653811
3424 3.711961
3426 3.861298
3428 4.066390
3430 4.265686
3432 4.391240
3434 4.417417
3436 4.310476
3438 4.105139
3440 3.883094
3442 3.706873
3444 3.619987
3446 3.648994
3448 3.791065
3450 3.998606
3452 4.186855
3454 4.285932
3456 4.272135
3458 4.153847
3460 3.966116
3462 3.773895
3464 3.642600
3466 3.608640
3468 3.678056
3470 3.824834
3472 3.993599
3474 4.126582
3476 4.198773
3478 4.186855
3480 4.085928
3482 3.937217
3484 3.802793
3486 3.729567
3488 3.735826
3490 3.810684
3492 3.923204
3494 4.039777
3496 4.130146
3498 4.158555
3500 4.107561
3502 4.004076
3504 3.896645
3506 3.822413
3508 3.798684
3510 3.830304
3512 3.907775
3514 4.006389
3516 4.096894
3518 4.151153
3520 4.149657
3522 4.098363
3524 4.020784
3526 3.942415
3528 3.882523
3530 3.856726
3532 3.874250
3534 3.923448
3536 3.977028
3538 4.017682
3540 4.041383
3542 4.044294
3544 4.023314
3546 3.980592
3548 3.922170
3550 3.863475
3552 3.826712
3554 3.823855
3556 3.847746
3558 3.886387
3560 3.943476
3562 4.018634
3564 4.092078
3566 4.141956
3568 4.151534
3570 4.105139
3572 4.002443
3574 3.873924
3576 3.771636
3578 3.735635
3580 3.777623
3582 3.886033
3584 4.031178
3586 4.175780
3588 4.279482
3590 4.301034
3592 4.215536
3594 4.059750
3596 3.874876
3598 3.725540
3600 3.660015
3602 3.691961
3604 3.815664
3606 4.011369
3608 4.231427
3610 4.389525
3612 4.399784
3614 4.250312
3616 4.011314
3618 3.771663
3620 3.599905
3622 3.537727
3624 3.600177
3626 3.773650
3628 4.011613
3630 4.230638
3632 4.340082
3634 4.311347
3636 4.178719
3638 4.002579
3640 3.835583
3642 3.718329
3644 3.682573
3646 3.741350
3648 3.876781
3650 4.037872
3652 4.155997
3654 4.187317
3656 4.137412
3658 4.035668
3660 3.918741
3662 3.823773
3664 3.783636
3666 3.816072
3668 3.913380
3670 4.041111
3672 4.148650
3674 4.193930
3676 4.165222
3678 4.079343
3680 3.970361
3682 3.880591
3684 3.841950
3686 3.864400
3688 3.931911
3690 4.014416
3692 4.096567
3694 4.162909
3696 4.173712
3698 4.111370
3700 3.998742
3702 3.882169
3704 3.805297
3706 3.785813
3708 3.816100
3710 3.873978
3712 3.939394
3714 4.000947
3716 4.041927
3718 4.047342
3720 4.019369
3722 3.971068
3724 3.921489
3726 3.883012
3728 3.853298
3730 3.835392
3732 3.839964
3734 3.867284
3736 3.903720
3738 3.937898
3740 3.975096
3742 4.018362
3744 4.047832
3746 4.042308
3748 4.004783
3750 3.950225
3752 3.899475
3754 3.869543
3756 3.865624
3758 3.889380
3760 3.944619
3762 4.029682
3764 4.122282
3766 4.177249
3768 4.165004
3770 4.093901
3772 3.984892
3774 3.858713
3776 3.758792
3778 3.732234
3780 3.795392
3782 3.927530
3784 4.083832
3786 4.214230
3788 4.277795
3790 4.249876
3792 4.123752
3794 3.935748
3796 3.757513
3798 3.649348
3800 3.639225
3802 3.725132
3804 3.881597
3806 4.064812
3808 4.220162
3810 4.293442
3812 4.258203
3814 4.120160
3816 3.918931
3818 3.728969
3820 3.606789
3822 3.583469
3824 3.668097
3826 3.847229
3828 4.072894
3830 4.257822
3832 4.321959
3834 4.251781
3836 4.090635
3838 3.901380
3840 3.737649
3842 3.648151
3844 3.667035
3846 3.799419
3848 4.011450
3850 4.221468
3852 4.334830
3854 4.312871
3856 4.175753
3858 3.989409
3860 3.808807
3862 3.678981
3864 3.638545
3866 3.708016
3868 3.872073
3870 4.065982
3872 4.206828
3874 4.245604
3876 4.170283
3878 4.010906
3880 3.829896
3882 3.687662
3884 3.623225
3886 3.650709
3888 3.761786
3890 3.926142
3892 4.095533
3894 4.220080
3896 4.253223
3898 4.177793
3900 4.032866
3902 3.880101
3904 3.767092
3906 3.719662
3908 3.741894
3910 3.821134
3912 3.937027
3914 4.064948
3916 4.162365
3918 4.182120
3920 4.124541
3922 4.031723
3924 3.941245
3926 3.874686
3928 3.844753
3930 3.858903
3932 3.917489
3934 4.005083
3936 4.090690
3938 4.143344
3940 4.152732
3942 4.129793
3944 4.083560
3946 4.012539
3948 3.926088
3950 3.854059
3952 3.823964
3954 3.842331
3956 3.896101
3958 3.966660
3960 4.042526
3962 4.111017
3964 4.146745
3966 4.121303
3968 4.026988
3970 3.899775
3972 3.785732
3974 3.708152
3976 3.679634
3978 3.709785
3980 3.799365
3982 3.937217
3984 4.088377
3986 4.203726
3988 4.251155
3990 4.215209
3992 4.094118
3994 3.913598
3996 3.740969
3998 3.647416
4000 3.660233
4002 3.762439
4004 3.914088
4006 4.070662
4008 4.201114
4010 4.272761
4012 4.237495
4014 4.115207
4016 3.937707
4018 3.768643
4020 3.676587
4022 3.680859
4024 3.769187
4026 3.912455
4028 4.069955
4030 4.198012
4032 4.249142
4034 4.188542
4036 4.039532
4038 3.872699
4040 3.753296
4042 3.712914
4044 3.754466
4046 3.864754
4048 4.011124
4050 4.136868
4052 4.187263
4054 4.148514
4056 4.044566
4058 3.917544
4060 3.806439
4062 3.742329
4064 3.745976
4066 3.821623
4068 3.953435
4070 4.097656
4072 4.195154
4074 4.213359
4076 4.145494
4078 4.015287
4080 3.869407
4082 3.756343
4084 3.711254
4086 3.747772
4088 3.858141
4090 4.007858
4092 4.140051
4094 4.214230
4096 4.215291
4098 4.140976
4100 4.014879
4102 3.886550
4104 3.805133
4106 3.793269
4108 3.842685
4110 3.928102
4112 4.018688
4114 4.087642
4116 4.117357
4118 4.097601
4120 4.029845
4122 3.936809
4124 3.853597
4126 3.808916
4128 3.814031
4130 3.862577
4132 3.934687
4134 4.004294
4136 4.050226
4138 4.066336
4140 4.057927
4142 4.031369
4144 3.993817
4146 3.952374
4148 3.915203
4150 3.894985
4152 3.900455
4154 3.926932
4156 3.958497
4158 3.987341
4160 4.020294
4162 4.059968
4164 4.092295
4166 4.093846
4168 4.049682
4170 3.969980
4172 3.883339
4174 3.818385
4176 3.796154
4178 3.824889
4180 3.903258
4182 4.019940
4184 4.143099
4186 4.224570
4188 4.227563
4190 4.150310
4192 4.024974
4194 3.879502
4196 3.751989
4198 3.682002
4200 3.693050
4202 3.785051
4204 3.934551
4206 4.097629
4208 4.217304
4210 4.244244
4212 4.162011
4214 4.001464
4216 3.819719
4218 3.674246
4220 3.606572
4222 3.634491
4224 3.748017
4226 3.914986
4228 4.083179
4230 4.192678
4232 4.199644
4234 4.099778
4236 3.934333
4238 3.765214
4240 3.652722
4242 3.635008
4244 3.718138
4246 3.879094
4248 4.067315
4250 4.215889
4252 4.271836
4254 4.216461
4256 4.076649
4258 3.907448
4260 3.763037
4262 3.689485
4264 3.709540
4266 3.816453
4268 3.979586
4270 4.146800
4272 4.258312
4274 4.275782
4276 4.189984
4278 4.039070
4280 3.882196
4282 3.762901
4284 3.708043
4286 3.728125
4288 3.818821
4290 3.959340
4292 4.103098
4294 4.192542
4296 4.190120
4298 4.099615
4300 3.963640
4302 3.834440
4304 3.750874
4306 3.731064
4308 3.773595
4310 3.866196
4312 3.988919
4314 4.107425
4316 4.173984
4318 4.164786
4320 4.097003
4322 4.001409
4324 3.903856
4326 3.828671
4328 3.798358
4330 3.822712
4332 3.896809
4334 3.994307
4336 4.074227
4338 4.112132
4340 4.104949
4342 4.057601
4344 3.984484
4346 3.903067
4348 3.835665
4350 3.804888
4352 3.821868
4354 3.886795
4356 3.982797
4358 4.085846
4360 4.175100
4362 4.220515
4364 4.201005
4366 4.128187
4368 4.024784
4370 3.910142
4372 3.805378
4374 3.737268
4376 3.729867
4378 3.788752
4380 3.903312
4382 4.043532
4384 4.158174
4386 4.204896
4388 4.171127
4390 4.058961
4392 3.896210
4394 3.739853
4396 3.648913
4398 3.648994
4400 3.730765
4402 3.868536
4404 4.027124
4406 4.163970
4408 4.241495
4410 4.232080
4412 4.127888
4414 3.969381
4416 3.825351
4418 3.745595
4420 3.746819
4422 3.823528
4424 3.953000
4426 4.090989
4428 4.182528
4430 4.197821
4432 4.137004
4434 4.018716
4436 3.882985
4438 3.771854
4440 3.717703
4442 3.738574
4444 3.834576
4446 3.981327
4448 4.123289
4450 4.200161
4452 4.188379
4454 4.089003
4456 3.936156
4458 3.785868
4460 3.687526
4462 3.671036
4464 3.743554
4466 3.886958
4468 4.055669
4470 4.193386
4472 4.256679
4474 4.223182
4476 4.098363
4478 3.924156
4480 3.761187
4482 3.662382
4484 3.656940
4486 3.749105
4488 3.909462
4490 4.080186
4492 4.205658
4494 4.258666
4496 4.227318
4498 4.110935
4500 3.950252
4502 3.804780
4504 3.719826
4506 3.714574
4508 3.786221
4510 3.912047
4512 4.051886
4514 4.157711
4516 4.195753
4518 4.155779
4520 4.060512
4522 3.947612
4524 3.848263
4526 3.789215
4528 3.787228
4530 3.841814
4532 3.939721
4534 4.048131
4536 4.119806
4538 4.130772
4540 4.095207
4542 4.036049
4544 3.962551
4546 3.883257
4548 3.823447
4550 3.804780
4552 3.828862
4554 3.881325
4556 3.938986
4558 3.986443
4560 4.023723
4562 4.052594
4564 4.059533
4566 4.025927
4568 3.967177
4570 3.926006
4572 3.915829
4574 3.916891
4576 3.917734
4578 3.927231
4580 3.957245
4582 4.005028
4584 4.047070
4586 4.054607
4588 4.024212
4590 3.984593
4592 3.956293
4594 3.926170
4596 3.888972
4598 3.870713
4600 3.888291
4602 3.938796
4604 4.006824
4606 4.064376
4608 4.089574
4610 4.073982
4612 4.021110
4614 3.945626
4616 3.877325
4618 3.851855
4620 3.875747
4622 3.929952
4624 3.998117
4626 4.070336
4628 4.124650
4630 4.130037
4632 4.065655
4634 3.945735
4636 3.818739
4638 3.734112
4640 3.714519
4642 3.753432
4644 3.838767
4646 3.965028
4648 4.101928
4650 4.183726
4652 4.170637
4654 4.076431
4656 3.940320
4658 3.810004
4660 3.719309
4662 3.689920
4664 3.731744
4666 3.844154
4668 4.006307
4670 4.159208
4672 4.235699
4674 4.213440
4676 4.107180
4678 3.953680
4680 3.803229
4682 3.706682
4684 3.695226
4686 3.769214
4688 3.906033
4690 4.065955
4692 4.194991
4694 4.253332
4696 4.225495
4698 4.112622
4700 3.953272
4702 3.807011
4704 3.718383
4706 3.706084
4708 3.767201
4710 3.884591
4712 4.026770
4714 4.149575
4716 4.208814
4718 4.172242
4720 4.053056
4722 3.908020
4724 3.785868
4726 3.707662
4728 3.687362
4730 3.736914
4732 3.852236
4734 4.005028
4736 4.142691
4738 4.204896
4740 4.173304
4742 4.093411
4744 4.011396
4746 3.926741
4748 3.828671
4750 3.750901
4752 3.738955
4754 3.803501
4756 3.918442
4758 4.033600
4760 4.107615
4762 4.134555
4764 4.129439
4766 4.088486
4768 3.993953
4770 3.874822
4772 3.797569
4774 3.788072
4776 3.829841
4778 3.903203
4780 3.991586
4782 4.075397
4784 4.127207
4786 4.122500
4788 4.053084
4790 3.941081
4792 3.838114
4794 3.780099
4796 3.772561
4798 3.808154
4800 3.883774
4802 3.977245
4804 4.048158
4806 4.069084
4808 4.038389
4810 3.967531
4812 3.876237
4814 3.794276
4816 3.751064
4818 3.766248
4820 3.843828
4822 3.962796
4824 4.080295
4826 4.158147
4828 4.180787
4830 4.146500
4832 4.054281
4834 3.921353
4836 3.795990
4838 3.729186
4840 3.746139
4842 3.842141
4844 3.988674
4846 4.145058
4848 4.265033
4850 4.301360
4852 4.232243
4854 4.076132
4856 3.886142
4858 3.726846
4860 3.647171
4862 3.673784
4864 3.801786
4866 3.991940
4868 4.184433
4870 4.315374
4872 4.345960
4874 4.270829
4876 4.115343
4878 3.924755
4880 3.749758
4882 3.645158
4884 3.646573
4886 3.753677
4888 3.929544
4890 4.106472
4892 4.220434
4894 4.247618
4896 4.194474
4898 4.071125
4900 3.896781
4902 3.723989
4904 3.623225
4906 3.631252
4908 3.740234
4910 3.911475
4912 4.082064
4914 4.201957
4916 4.256298
4918 4.236053
4920 4.128160
4922 3.958470
4924 3.790738
4926 3.682355
4928 3.658491
4930 3.720179
4932 3.850876
4934 4.013600
4936 4.157385
4938 4.235645
4940 4.224407
4942 4.134010
4944 4.005001
4946 3.879502
4948 3.787800
4950 3.750275
4952 3.777514
4954 3.864536
4956 3.983069
4958 4.086771
4960 4.137521
4962 4.124241
4964 4.061111
4966 3.970334
4968 3.878931
4970 3.819746
4972 3.813242
4974 3.857352
4976 3.927911
4978 3.993763
4980 4.036457
4982 4.048975
4984 4.030199
4986 3.981735
4988 3.914442
4990 3.854821
4992 3.835501
4994 3.873978
4996 3.955476
4998 4.044022
5000 4.108813
5002 4.137031
5004 4.121030
5006 4.051914
5008 3.937081
5010 3.811936
5012 3.721186
5014 3.699281
5016 3.755990
5018 3.872699
5020 4.013437
5022 4.140078
5024 4.219536
5026 4.225223
5028 4.148051
5030 4.008049
5032 3.850059
5034 3.725404
5036 3.667852
5038 3.689131
5040 3.785024
5042 3.931530
5044 4.091697
5046 4.227291
5048 4.298830
5050 4.272380
5052 4.147670
5054 3.967504
5056 3.792671
5058 3.669212
5060 3.623334
5062 3.664777
5064 3.779119
5066 3.933925
5068 4.089547
5070 4.202828
5072 4.235291
5074 4.179236
5076 4.065302
5078 3.937462
5080 3.830712
5082 3.773024
5084 3.780915
5086 3.848862
5088 3.953925
5090 4.065057
5092 4.148650
5094 4.178827
5096 4.153657
5098 4.085601
5100 3.989355
5102 3.888346
5104 3.817324
5106 3.801977
5108 3.842984
5110 3.919095
5112 4.005137
5114 4.079615
5116 4.120813
5118 4.112894
5120 4.055805
5122 3.972048
5124 3.892264
5126 3.842794
5128 3.838603
5130 3.877842
5132 3.947041
5134 4.029274
5136 4.099071
5138 4.124704
5140 4.087669
5142 4.003532
5144 3.912455
5146 3.846903
5148 3.814521
5150 3.808317
5152 3.829215
5154 3.888536
5156 3.982416
5158 4.074390
5160 4.116296
5162 4.092322
5164 4.022961
5166 3.931340
5168 3.838386
5170 3.770439
5172 3.748452
5174 3.779990
5176 3.856672
5178 3.953191
5180 4.030525
5182 4.055778
5184 4.031804
5186 3.972619
5188 3.886114
5190 3.796943
5192 3.745622
5194 3.759200
5196 3.835011
5198 3.948946
5200 4.068785
5202 4.154718
5204 4.176705
5206 4.132296
5208 4.032729
5210 3.903802
5212 3.786521
5214 3.719717
5216 3.720152
5218 3.783174
5220 3.897162
5222 4.038362
5224 4.157412
5226 4.207808
5228 4.180079
5230 4.084785
5232 3.940755
5234 3.792725
5236 3.698546
5238 3.693431
5240 3.777650
5242 3.925163
5244 4.088241
5246 4.212651
5248 4.270829
5250 4.260026
5252 4.182256
5254 4.055941
5256 3.917108
5258 3.802004
5260 3.738683
5262 3.743880
5264 3.816644
5266 3.932972
5268 4.053356
5270 4.138636
5272 4.161793
5274 4.121765
5276 4.044648
5278 3.956674
5280 3.867230
5282 3.792480
5284 3.769187
5286 3.820317
5288 3.924156
5290 4.028757
5292 4.088758
5294 4.098826
5296 4.086608
5298 4.070689
5300 4.040621
5302 3.979504
5304 3.905571
5306 3.864481
5308 3.882495
5310 3.942714
5312 4.002688
5314 4.034417
5316 4.045410
5318 4.048049
5320 4.034008
5322 3.989246
5324 3.922278
5326 3.866495
5328 3.852590
5330 3.886795
5332 3.950497
5334 4.017573
5336 4.071560
5338 4.099778
5340 4.090336
5342 4.045818
5344 3.982280
5346 3.915748
5348 3.862413
5350 3.842930
5352 3.872645
5354 3.945816
5356 4.038308
5358 4.116840
5360 4.146555
5362 4.114119
5364 4.037247
5366 3.941027
5368 3.844535
5370 3.773378
5372 3.757704
5374 3.810385
5376 3.918169
5378 4.050009
5380 4.163208
5382 4.214964
5384 4.182147
5386 4.073982
5388 3.925680
5390 3.786140
5392 3.705186
5394 3.710410
5396 3.797786
5398 3.940782
5400 4.097792
5402 4.218284
5404 4.263210
5406 4.215427
5408 4.088758
5410 3.921952
5412 3.771337
5414 3.687063
5416 3.691090
5418 3.784371
5420 3.949272
5422 4.133384
5424 4.251346
5426 4.260244
5428 4.190039
5430 4.056594
5432 3.883529
5434 3.722329
5436 3.625837
5438 3.620177
5440 3.704995
5442 3.858087
5444 4.027614
5446 4.149630
5448 4.197005
5450 4.174120
5452 4.086282
5454 3.956429
5456 3.838440
5458 3.779010
5460 3.790466
5462 3.858114
5464 3.950143
5466 4.032349
5468 4.088268
5470 4.111479
5472 4.091669
5474 4.026335
5476 3.934333
5478 3.851311
5480 3.808208
5482 3.814004
5484 3.859855
5486 3.926115
5488 3.988048
5490 4.025410
5492 4.029600
5494 4.006226
5496 3.971640
5498 3.937217
5500 3.905952
5502 3.884999
5504 3.890196
5506 3.926360
5508 3.975939
5510 4.012784
5512 4.020158
5514 4.005600
5516 3.990252
5518 3.985763
5520 3.978878
5522 3.952293
5524 3.914986
5526 3.894360
5528 3.903285
5530 3.931285
5532 3.958197
5534 3.976402
5536 3.994117
5538 4.014988
5540 4.023967
5542 3.997572
5544 3.940973
5546 3.888836
5548 3.869434
5550 3.886060
5552 3.926578
5554 3.979749
5556 4.042961
5558 4.112160
5560 4.170011
5562 4.184052
5564 4.126282
5566 4.009981
5568 3.883339
5570 3.794086
5572 3.767718
5574 3.805759
5576 3.890033
5578 3.999314
5580 4.115098
5582 4.203535
5584 4.217876
5586 4.135534
5588 3.984320
5590 3.826168
5592 3.718601
5594 3.691825
5596 3.746847
5598 3.863502
5600 4.010498
5602 4.149358
5604 4.237305
5606 4.244924
5608 4.166120
5610 4.025954
5612 3.872835
5614 3.752207
5616 3.695499
5618 3.719254
5620 3.821460
5622 3.971368
5624 4.109683
5626 4.182311
5628 4.176242
5630 4.109493
5632 4.008920
5634 3.902713
5636 3.817623
5638 3.775636
5640 3.788017
5642 3.850930
5644 3.941272
5646 4.020620
5648 4.058798
5650 4.047913
5652 3.997763
5654 3.930687
5656 3.872373
5658 3.841243
5660 3.847202
5662 3.890278
5664 3.959694
5666 4.032049
5668 4.079288
5670 4.087969
5672 4.060295
5674 4.005627
5676 3.943558
5678 3.893761
5680 3.862958
5682 3.854223
5684 3.871883
5686 3.917789
5688 3.979531
5690 4.025682
5692 4.030335
5694 3.994280
5696 3.936864
5698 3.884699
5700 3.852971
5702 3.833760
5704 3.821896
5706 3.832018
5708 3.884182
5710 3.971041
5712 4.053573
5714 4.100622
5716 4.110010
5718 4.087343
5720 4.031859
5722 3.952102
5724 3.875774
5726 3.813133
5728 3.770276
5730 3.766058
5732 3.810222
5734 3.888046
5736 3.975313
5738 4.053655
5740 4.106091
5742 4.110772
5744 4.050907
5746 3.940592
5748 3.828753
5750 3.761922
5752 3.756343
5754 3.801650
5756 3.879339
5758 3.975286
5760 4.071043
5762 4.131861
5764 4.122201
5766 4.042934
5768 3.931993
5770 3.822957
5772 3.745132
5774 3.729186
5776 3.784806
5778 3.904401
5780 4.066091
5782 4.222529
5784 4.308490
5786 4.277523
5788 4.137385
5790 3.947041
5792 3.776425
5794 3.674900
5796 3.664886
5798 3.745758
5800 3.899339
5802 4.084812
5804 4.233686
5806 4.292490
5808 4.254856
5810 4.123561
5812 3.945326
5814 3.793514
5816 3.710628
5818 3.711227
5820 3.792888
5822 3.936075
5824 4.100431
5826 4.233686
5828 4.288353
5830 4.233849
5832 4.082771
5834 3.896047
5836 3.748044
5838 3.685158
5840 3.718383
5842 3.830930
5844 3.982198
5846 4.118092
5848 4.186528
5850 4.186120
5852 4.099452
5854 3.944565
5856 3.783772
5858 3.674138
5860 3.645892
5862 3.705757
5864 3.837923
5866 3.996321
5868 4.117928
5870 4.152106
5872 4.085057
5874 3.948755
5876 3.803011
5878 3.704805
5880 3.682355
5882 3.736343
5884 3.850359
5886 3.993681
5888 4.125493
5890 4.198338
5892 4.206447
5894 4.129303
5896 3.982797
5898 3.824562
5900 3.713132
5902 3.678600
5904 3.725077
5906 3.838603
5908 3.984729
5910 4.116214
5912 4.190746
5914 4.188460
5916 4.118337
5918 4.012267
5920 3.907122
5922 3.829515
5924 3.794575
5926 3.807201
5928 3.857107
5930 3.928210
5932 4.008049
5934 4.071642
5936 4.098608
5938 4.089846
5940 4.062744
5942 4.030253
5944 3.990552
5946 3.937109
5948 3.874822
5950 3.823664
5952 3.807201
5954 3.836345
5956 3.899013
5958 3.968755
5960 4.025355
5962 4.060322
5964 4.064512
5966 4.027831
5968 3.958714
5970 3.886740
5972 3.835937
5974 3.817242
5976 3.838304
5978 3.903067
5980 4.000484
5982 4.105030
5984 4.186175
5986 4.214610
5988 4.168977
5990 4.052811
5992 3.906441
5994 3.783419
5996 3.720451
5998 3.737295
6000 3.834794
6002 3.984919
6004 4.131588
6006 4.212624
6008 4.194746
6010 4.096132
6012 3.961789
6014 3.832508
6016 3.746738
6018 3.726003
6020 3.772561
6022 3.874141
6024 4.002743
6026 4.116024
6028 4.172215
6030 4.145330
6032 4.042063
6034 3.901516
6036 3.776017
6038 3.711172
6040 3.726384
6042 3.811011
6044 3.935394
6046 4.062254
6048 4.150555
6050 4.166991
6052 4.106608
6054 3.995559
6056 3.878114
6058 3.797623
6060 3.778221
6062 3.819501
6064 3.902713
6066 4.001464
6068 4.090227
6070 4.133684
6072 4.112840
6074 4.040594
6076 3.943775
6078 3.854277
6080 3.801269
6082 3.802222
6084 3.853624
6086 3.934279
6088 4.014960
6090 4.068431
6092 4.080812
6094 4.054471
6096 4.001328
6098 3.938061
6100 3.880291
6102 3.841352
6104 3.832454
6106 3.857488
6108 3.909380
6110 3.970415
6112 4.020430
6114 4.047614
6116 4.048049
6118 4.023069
6120 3.978878
6122 3.924102
6124 3.869570
6126 3.831773
6128 3.828753
6130 3.864917
6132 3.925653
6134 3.993082
6136 4.056893
6138 4.107833
6140 4.133793
6142 4.126391
6144 4.084241
6146 4.011477
6148 3.930768
6150 3.858196
6152 3.810848
6154 3.804970
6156 3.844998
6158 3.922469
6160 4.020103
6162 4.111724
6164 4.164542
6166 4.153902
6168 4.073002
6170 3.939884
6172 3.801378
6174 3.708751
6176 3.690900
6178 3.751037
6180 3.872427
6182 4.020185
6184 4.142527
6186 4.192215
6188 4.170338
6190 4.096867
6192 3.980810
6194 3.843964
6196 3.735472
6198 3.697948
6200 3.745595
6202 3.861624
6204 4.004811
6206 4.122337
6208 4.169086
6210 4.128541
6212 4.019233
6214 3.881189
6216 3.761459
6218 3.701893
6220 3.725105
6222 3.826195
6224 3.967721
6226 4.090363
6228 4.148242
6230 4.138582
6232 4.069764
6234 3.949735
6236 3.824236
6238 3.745758
6240 3.741459
6242 3.811773
6244 3.938524
6246 4.082853
6248 4.190855
6250 4.217277
6252 4.149004
6254 4.010171
6256 3.846413
6258 3.713513
6260 3.654056
6262 3.678709
6264 3.772588
6266 3.907748
6268 4.042662
6270 4.132867
6272 4.161467
6274 4.120323
6276 4.015831
6278 3.893679
6280 3.794031
6282 3.744125
6284 3.754030
6286 3.820481
6288 3.929462
6290 4.051669
6292 4.141004
6294 4.161657
6296 4.117847
6298 4.037056
6300 3.949980
6302 3.885026
6304 3.857515
6306 3.871992
6308 3.925870
6310 4.000647
6312 4.068077
6314 4.106418
6316 4.111724
6318 4.093003
6320 4.054499
6322 3.999015
6324 3.935830
6326 3.882414
6328 3.858577
6330 3.872590
6332 3.915258
6334 3.969626
6336 4.019586
6338 4.054771
6340 4.067424
6342 4.042934
6344 3.978334
6346 3.895121
6348 3.827011
6350 3.796235
6352 3.804453
6354 3.847529
6356 3.920183
6358 4.007124
6360 4.083560
6362 4.129929
6364 4.130827
6366 4.078608
6368 3.984647
6370 3.885135
6372 3.817106
6374 3.789895
6376 3.804589
6378 3.866495
6380 3.967177
6382 4.072186
6384 4.136323
6386 4.126908
6388 4.051260
6390 3.952565
6392 3.882006
6394 3.861706
6396 3.875829
6398 3.913163
6400 3.974334
6402 4.051315
6404 4.119860
6406 4.142936
6408 4.098962
6410 4.003994
6412 3.901625
6414 3.835420
6416 3.817841
6418 3.840780
6420 3.895638
6422 3.970796
6424 4.042199
6426 4.077601
6428 4.060077
6430 3.999314
6432 3.922360
6434 3.858631
6436 3.828481
6438 3.836508
6440 3.880074
6442 3.952483
6444 4.036430
6446 4.104622
6448 4.131888
6450 4.109003
6452 4.044267
6454 3.957898
6456 3.875257
6458 3.820236
6460 3.805759
6462 3.837651
6464 3.910414
6466 4.002035
6468 4.081139
6470 4.120486
6472 4.109983
6474 4.055805
6476 3.975858
6478 3.900047
6480 3.852944
6482 3.835692
6484 3.841787
6486 3.871720
6488 3.930496
6490 4.008375
6492 4.070798
6494 4.089329
6496 4.064921
6498 4.016675
6500 3.958851
6502 3.900428
6504 3.852944
6506 3.827719
6508 3.832290
6510 3.871502
6512 3.933762
6514 3.982606
6516 3.997627
6518 3.992783
6520 3.980456
6522 3.951667
6524 3.902877
6526 3.852917
6528 3.828345
6530 3.846821
6532 3.910088
6534 3.990307
6536 4.041900
6538 4.046390
6540 4.022389
6542 3.994035
6544 3.968674
6546 3.942415
6548 3.912972
6550 3.889897
6552 3.893598
6554 3.937544
6556 4.002879
6558 4.050526
6560 4.058608
6562 4.035641
6564 4.002389
6566 3.972211
6568 3.944374
6570 3.917380
6572 3.900836
6574 3.906931
6576 3.936238
6578 3.972647
6580 3.997654
6582 4.005981
6584 4.001790
6586 3.985953
6588 3.953381
6590 3.905162
6592 3.860645
6594 3.842195
6596 3.861624
6598 3.914360
6600 3.982035
6602 4.044539
6604 4.088050
6606 4.103316
6608 4.081819
6610 4.019450
6612 3.930034
6614 3.841978
6616 3.786630
6618 3.786575
6620 3.842141
6622 3.933217
6624 4.030280
6626 4.103615
6628 4.133847
6630 4.114935
6632 4.051777
6634 3.962715
6636 3.873706
6638 3.806766
6640 3.778765
6642 3.801433
6644 3.874277
6646 3.979831
6648 4.083751
6650 4.155317
6652 4.179208
6654 4.144323
6656 4.053492
6658 3.943095
6660 3.861053
6662 3.829134
6664 3.840753
6666 3.883529
6668 3.949000
6670 4.023723
6672 4.089411
6674 4.123289
6676 4.094472
6678 3.994144
6680 3.865733
6682 3.773541
6684 3.750574
6686 3.789215
6688 3.862114
6690 3.942850
6692 4.017137
6694 4.079451
6696 4.121384
6698 4.122636
6700 4.065655
6702 3.967994
6704 3.877434
6706 3.831147
6708 3.839964
6710 3.895747
6712 3.980429
6714 4.066989
6716 4.124432
6718 4.135017
6720 4.087316
6722 3.990252
6724 3.883883
6726 3.809814
6728 3.790167
6730 3.823610
6732 3.895747
6734 3.989654
6736 4.083887
6738 4.149711
6740 4.153793
6742 4.085737
6744 3.977626
6746 3.873897
6748 3.804208
6750 3.781732
6752 3.808099
6754 3.878087
6756 3.974878
6758 4.070390
6760 4.133357
6762 4.139153
6764 4.084377
6766 3.992239
6768 3.896155
6770 3.823365
6772 3.790793
6774 3.805678
6776 3.868155
6778 3.963014
6780 4.060512
6782 4.125330
6784 4.133058
6786 4.089030
6788 4.017954
6790 3.941490
6792 3.876672
6794 3.836508
6796 3.829270
6798 3.861869
6800 3.932510
6802 4.024729
6804 4.108867
6806 4.155997
6808 4.153494
6810 4.104976
6812 4.031124
6814 3.964184
6816 3.920401
6818 3.896700
6820 3.892890
6822 3.919666
6824 3.985980
6826 4.078934
6828 4.161902
6830 4.192433
6832 4.149412
6834 4.052158
6836 3.944456
6838 3.856862
6840 3.797977
6842 3.772861
6844 3.794330
6846 3.870114
6848 3.982552
6850 4.088132
6852 4.140133
6854 4.121928
6856 4.053519
6858 3.968946
6860 3.887203
6862 3.815610
6864 3.777323
6866 3.803038
6868 3.901543
6870 4.040975
6872 4.157439
6874 4.195617
6876 4.149058
6878 4.054635
6880 3.953871
6882 3.869842
6884 3.816589
6886 3.813433
6888 3.878550
6890 4.002470
6892 4.132677
6894 4.202610
6896 4.178773
6898 4.078445
6900 3.949653
6902 3.837896
6904 3.772044
6906 3.765051
6908 3.818957
6910 3.927068
6912 4.064567
6914 4.184896
6916 4.241250
6918 4.210393
6920 4.101765
6922 3.954333
6924 3.816970
6926 3.729431
6928 3.714574
6930 3.775908
6932 3.897271
6934 4.041628
6936 4.159943
6938 4.209059
6940 4.167290
6942 4.051941
6944 3.913135
6946 3.799555
6948 3.738982
6950 3.742765
6952 3.810576
6954 3.930850
6956 4.074281
6958 4.191100
6960 4.226148
6962 4.158882
6964 4.030961
6966 3.906659
6968 3.823855
6970 3.795147
6972 3.820072
6974 3.889788
6976 3.988103
6978 4.087941
6980 4.152269
6982 4.146909
6984 4.074172
6986 3.977300
6988 3.897162
6990 3.848399
6992 3.836127
6994 3.865815
6996 3.933217
6998 4.017001
7000 4.078826
7002 4.083642
7004 4.030335
7006 3.954959
7008 3.892700
7010 3.854876
7012 3.837270
7014 3.838358
7016 3.858060
7018 3.897843
7020 3.952946
7022 4.000293
7024 4.017029
7026 4.002933
7028 3.976211
7030 3.952211
7032 3.937381
7034 3.933571
7036 3.936292
7038 3.934959
7040 3.931802
7042 3.939911
7044 3.959313
7046 3.977218
7048 3.984892
7050 3.986225
7052 3.992103
7054 4.005953
7056 4.014988
7058 4.005192
7060 3.979232
7062 3.955912
7064 3.952020
7066 3.971504
7068 4.005137
7070 4.038308
7072 4.062145
7074 4.076050
7076 4.071342
7078 4.031369
7080 3.960919
7082 3.890387
7084 3.854332
7086 3.871094
7088 3.935939
7090 4.022716
7092 4.094962
7094 4.128704
7096 4.119017
7098 4.060077
7100 3.953599
7102 3.822576
7104 3.711145
7106 3.668070
7108 3.720070
7110 3.858223
7112 4.033110
7114 4.171889
7116 4.231128
7118 4.217250
7120 4.140051
7122 4.002960
7124 3.834903
7126 3.702383
7128 3.667797
7130 3.751255
7132 3.928401
7134 4.133493
7136 4.277414
7138 4.321987
7140 4.289061
7142 4.172460
7144 3.983422
7146 3.790466
7148 3.671689
7150 3.666546
7152 3.765894
7154 3.927884
7156 4.091397
7158 4.196869
7160 4.224026
7162 4.168678
7164 4.043995
7166 3.892128
7168 3.763854
7170 3.700397
7172 3.717186
7174 3.800480
7176 3.920292
7178 4.037029
7180 4.108241
7182 4.110037
7184 4.049954
7186 3.960565
7188 3.876073
7190 3.822222
7192 3.814848
7194 3.856400
7196 3.933000
7198 4.020022
7200 4.089030
7202 4.111833
7204 4.081628
7206 4.022280
7208 3.961626
7210 3.917326
7212 3.897516
7214 3.906659
7216 3.941653
7218 3.997327
7220 4.066880
7222 4.115425
7224 4.116024
7226 4.081438
7228 4.035859
7230 3.990389
7232 3.946932
7234 3.912618
7236 3.897298
7238 3.906659
7240 3.942986
7242 3.984565
7244 4.013736
7246 4.028240
7248 4.038090
7250 4.043070
7252 4.027831
7254 3.980429
7256 3.912401
7258 3.848372
7260 3.808997
7262 3.808508
7264 3.845325
7266 3.906278
7268 3.979722
7270 4.054254
7272 4.108513
7274 4.112350
7276 4.053111
7278 3.953816
7280 3.851665
7282 3.786466
7284 3.783500
7286 3.843474
7288 3.951857
7290 4.085737
7292 4.207182
7294 4.267210
7296 4.231509
7298 4.110364
7300 3.951748
7302 3.809406
7304 3.728207
7306 3.732833
7308 3.822549
7310 3.976728
7312 4.150555
7314 4.276816
7316 4.305905
7318 4.226311
7320 4.065002
7322 3.880781
7324 3.728941
7326 3.652886
7328 3.674627
7330 3.790820
7332 3.974334
7334 4.170229
7336 4.308735
7338 4.333225
7340 4.226992
7342 4.032974
7344 3.819827
7346 3.650790
7348 3.570762
7350 3.600368
7352 3.733839
7354 3.936374
7356 4.139480
7358 4.268435
7360 4.279646
7362 4.172433
7364 3.995178
7366 3.816018
7368 3.686981
7370 3.641919
7372 3.692016
7374 3.826521
7376 4.005627
7378 4.158473
7380 4.226230
7382 4.198066
7384 4.104078
7386 3.989980
7388 3.893380
7390 3.841733
7392 3.850985
7394 3.913734
7396 4.000647
7398 4.071587
7400 4.101112
7402 4.085492
7404 4.034934
7406 3.968456
7408 3.905707
7410 3.861407
7412 3.854032
7414 3.893570
7416 3.966388
7418 4.041573
7420 4.081547
7422 4.071696
7424 4.030335
7426 3.980756
7428 3.934714
7430 3.893053
7432 3.855910
7434 3.834032
7436 3.837569
7438 3.870495
7440 3.927775
7442 3.990171
7444 4.037682
7446 4.064730
7448 4.073166
7450 4.063478
7452 4.034199
7454 3.988239
7456 3.937653
7458 3.896890
7460 3.880645
7462 3.902360
7464 3.959558
7466 4.032675
7468 4.101738
7470 4.152351
7472 4.165630
7474 4.110853
7476 3.993300
7478 3.876699
7480 3.803501
7482 3.781976
7484 3.813079
7486 3.887040
7488 3.981953
7490 4.077057
7492 4.151970
7494 4.174038
7496 4.108023
7498 3.968864
7500 3.821515
7502 3.723037
7504 3.698002
7506 3.749731
7508 3.854876
7510 3.969354
7512 4.056948
7514 4.105329
7516 4.106391
7518 4.046526
7520 3.937952
7522 3.816263
7524 3.724179
7526 3.699281
7528 3.758303
7530 3.882958
7532 4.024103
7534 4.133548
7536 4.188760
7538 4.177576
7540 4.102472
7542 3.993763
7544 3.890142
7546 3.820834
7548 3.806902
7550 3.855556
7552 3.952320
7554 4.065628
7556 4.160514
7558 4.208406
7560 4.186909
7562 4.097792
7564 3.979123
7566 3.880944
7568 3.834821
7570 3.846467
7572 3.902278
7574 3.978062
7576 4.049002
7578 4.100078
7580 4.122881
7582 4.106690
7584 4.049900
7586 3.970497
7588 3.898877
7590 3.858141
7592 3.855774
7594 3.887802
7596 3.939830
7598 3.987967
7600 4.012675
7602 4.011205
7604 3.990933
7606 3.960538
7608 3.928700
7610 3.903394
7612 3.888944
7614 3.884645
7616 3.889353
7618 3.905026
7620 3.933081
7622 3.967885
7624 3.994525
7626 4.000130
7628 3.983041
7630 3.951667
7632 3.922360
7634 3.908373
7636 3.909571
7638 3.920755
7640 3.944320
7642 3.992212
7644 4.060213
7646 4.119044
7648 4.135670
7650 4.094363
7652 4.012511
7654 3.923176
7656 3.849814
7658 3.806657
7660 3.804154
7662 3.850250
7664 3.942415
7666 4.055451
7668 4.151507
7670 4.195753
7672 4.164814
7674 4.063424
7676 3.926632
7678 3.796099
7680 3.706002
7682 3.683172
7684 3.743472
7686 3.876509
7688 4.036893
7690 4.167099
7692 4.226475
7694 4.202828
7696 4.108867
7698 3.973735
7700 3.839801
7702 3.744942
7704 3.716587
7706 3.772997
7708 3.911829
7710 4.092703
7712 4.247427
7714 4.315293
7716 4.271863
7718 4.145031
7720 3.989572
7722 3.857243
7724 3.785351
7726 3.789106
7728 3.867203
7730 3.999776
7732 4.136350
7734 4.218230
7736 4.209903
7738 4.116758
7740 3.980620
7742 3.844753
7744 3.749350
7746 3.725023
7748 3.782738
7750 3.908809
7752 4.061655
7754 4.177549
7756 4.205930
7758 4.138827
7760 4.008022
7762 3.859502
7764 3.732044
7766 3.654681
7768 3.643498
7770 3.704233
7772 3.828073
7774 3.978279
7776 4.097710
7778 4.144840
7780 4.115969
7782 4.040947
7784 3.952755
7786 3.874958
7788 3.826712
7790 3.820970
7792 3.866740
7794 3.962415
7796 4.079941
7798 4.172678
7800 4.208814
7802 4.188814
7804 4.132786
7806 4.055179
7808 3.970007
7810 3.902278
7812 3.879257
7814 3.914033
7816 3.997409
7818 4.095425
7820 4.166610
7822 4.189413
7824 4.165712
7826 4.106200
7828 4.017273
7830 3.909435
7832 3.813052
7834 3.765405
7836 3.787881
7838 3.870087
7840 3.978252
7842 4.079642
7844 4.151426
7846 4.181168
7848 4.165548
7850 4.101112
7852 3.990416
7854 3.859284
7856 3.754194
7858 3.714138
7860 3.747119
7862 3.839529
7864 3.969272
7866 4.107153
7868 4.217821
7870 4.264435
7872 4.215753
7874 4.070717
7876 3.883638
7878 3.732125
7880 3.666382
7882 3.694383
7884 3.801433
7886 3.963504
7888 4.140868
7890 4.277224
7892 4.307619
7894 4.216760
7896 4.040403
7898 3.844671
7900 3.706247
7902 3.667090
7904 3.728697
7906 3.867583
7908 4.039015
7910 4.182555
7912 4.249632
7914 4.223536
7916 4.113847
7918 3.955041
7920 3.801759
7922 3.706628
7924 3.695744
7926 3.766548
7928 3.894142
7930 4.032321
7932 4.127833
7934 4.147861
7936 4.088867
7938 3.971041
7940 3.830522
7942 3.715009
7944 3.669240
7946 3.713159
7948 3.834712
7950 3.995123
7952 4.140677
7954 4.227209
7956 4.230257
7958 4.153167
7960 4.026961
7962 3.893706
7964 3.796154
7966 3.770711
7968 3.833760
7970 3.967177
7972 4.116731
7974 4.221549
7976 4.266748
7978 4.249495
7980 4.165358
7982 4.036240
7984 3.898849
7986 3.790303
7988 3.738819
7990 3.758030
7992 3.840944
7994 3.953435
7996 4.047587
7998 4.097601
8000 4.103724
8002 4.071206
8004 4.010144
8006 3.935476
8008 3.863692
8010 3.808589
8012 3.783119
8014 3.796643
8016 3.843529
8018 3.906387
8020 3.970497
8022 4.024593
8024 4.055750
8026 4.052458
8028 4.014770
8030 3.958851
8032 3.904346
8034 3.863883
8036 3.845243
8038 3.854223
8040 3.894115
8042 3.963694
8044 4.049709
8046 4.125820
8048 4.161194
8050 4.138800
8052 4.070227
8054 3.983776
8056 3.907530
8058 3.865080
8060 3.870495
8062 3.922850
8064 4.008076
8066 4.102500
8068 4.174610
8070 4.192215
8072 4.142745
8074 4.042879
8076 3.920510
8078 3.808263
8080 3.739499
8082 3.737268
8084 3.804698
8086 3.923993
8088 4.058118
8090 4.152106
8092 4.153766
8094 4.055832
8096 3.907231
8098 3.765133
8100 3.669348
8102 3.643416
8104 3.696233
8106 3.822032
8108 3.993300
8110 4.157330
8112 4.246992
8114 4.224515
8116 4.096948
8118 3.905380
8120 3.727227
8122 3.630872
8124 3.643743
8126 3.759092
8128 3.951095
8130 4.174202
8132 4.354695
8134 4.417308
8136 4.341007
8138 4.148514
8140 3.911258
8142 3.714247
8144 3.619606
8146 3.650110
8148 3.792153
8150 4.002089
8152 4.203427
8154 4.327429
8156 4.336327
8158 4.212325
8160 3.997627
8162 3.778303
8164 3.626055
8166 3.583306
8168 3.659035
8170 3.829515
8172 4.045519
8174 4.239046
8176 4.337279
8178 4.301088
8180 4.155480
8182 3.968211
8184 3.804263
8186 3.703472
8188 3.680151
8190 3.727962
8192 3.824154
8194 3.943612
8196 4.070172
8198 4.158201
8200 4.156487
8202 4.085438
8204 3.989899
8206 3.903339
8208 3.845052
8210 3.823583
8212 3.842794
8214 3.902849
8216 3.993001
8218 4.084458
8220 4.142527
8222 4.152786
8224 4.123860
8226 4.072676
8228 4.015260
8230 3.961327
8232 3.914986
8234 3.885706
8236 3.890196
8238 3.921380
8240 3.958334
8242 3.992076
8244 4.020185
8246 4.041900
8248 4.047587
8250 4.024403
8252 3.969028
8254 3.897625
8256 3.836535
8258 3.804235
8260 3.805242
8262 3.836807
8264 3.892155
8266 3.956157
8268 4.008811
8270 4.039532
8272 4.045682
8274 4.021029
8276 3.970198
8278 3.911938
8280 3.870495
8282 3.866277
8284 3.907748
8286 3.986280
8288 4.070961
8290 4.123942
8292 4.125711
8294 4.079343
8296 4.001736
8298 3.922006
8300 3.869815
8302 3.863937
8304 3.909897
8306 4.000729
8308 4.112459
8310 4.203154
8312 4.228733
8314 4.169167
8316 4.045002
8318 3.899067
8320 3.780317
8322 3.726819
8324 3.754819
8326 3.859284
8328 4.013328
8330 4.169521
8332 4.273088
8334 4.280462
8336 4.175644
8338 3.986661
8340 3.778466
8342 3.622463
8344 3.564911
8346 3.616259
8348 3.758058
8350 3.946932
8352 4.119153
8354 4.216597
8356 4.220270
8358 4.141847
8360 4.001845
8362 3.839066
8364 3.707662
8366 3.651743
8368 3.688233
8370 3.809977
8372 3.986797
8374 4.162691
8376 4.271754
8378 4.271428
8380 4.170800
8382 4.015532
8384 3.857379
8386 3.748153
8388 3.730411
8390 3.813188
8392 3.963313
8394 4.118527
8396 4.218393
8398 4.236107
8400 4.178174
8402 4.085520
8404 3.991640
8406 3.899448
8408 3.817759
8410 3.777378
8412 3.807909
8414 3.904754
8416 4.020022
8418 4.093710
8420 4.092459
8422 4.031804
8424 3.961408
8426 3.911720
8428 3.872999
8430 3.830685
8432 3.796344
8434 3.796752
8436 3.846304
8438 3.930605
8440 4.012974
8442 4.061519
8444 4.070880
8446 4.056158
8448 4.027287
8450 3.984075
8452 3.932211
8454 3.884944
8456 3.860100
8458 3.869488
8460 3.913217
8462 3.980919
8464 4.054390
8466 4.111343
8468 4.131371
8470 4.101738
8472 4.031314
8474 3.952782
8476 3.899040
8478 3.888509
8480 3.922850
8482 3.992212
8484 4.081166
8486 4.165902
8488 4.213087
8490 4.195916
8492 4.112187
8494 3.981708
8496 3.838739
8498 3.719608
8500 3.662682
8502 3.698329
8504 3.827311
8506 4.014797
8508 4.193603
8510 4.286884
8512 4.255672
8514 4.121901
8516 3.944320
8518 3.777568
8520 3.656940
8522 3.605837
8524 3.638736
8526 3.755445
8528 3.933870
8530 4.122554
8532 4.264924
8534 4.321252
8536 4.259237
8538 4.090907
8540 3.894795
8542 3.757024
8544 3.719173
8546 3.774983
8548 3.887502
8550 4.017056
8552 4.138201
8554 4.228107
8556 4.255373
8558 4.195644
8560 4.065546
8562 3.924129
8564 3.831610
8566 3.817841
8568 3.874604
8570 3.965844
8572 4.048648
8574 4.095207
8576 4.099425
8578 4.058335
8580 3.984375
8582 3.901271
8584 3.832263
8586 3.799773
8588 3.820317
8590 3.890740
8592 3.981626
8594 4.049954
8596 4.064540
8598 4.023995
8600 3.951150
8602 3.876346
8604 3.821569
8606 3.796262
8608 3.801569
8610 3.836671
8612 3.897135
8614 3.970062
8616 4.030362
8618 4.055750
8620 4.037464
8622 3.989355
8624 3.943694
8626 3.924537
8628 3.931911
8630 3.951095
8632 3.979450
8634 4.025219
8636 4.077002
8638 4.101982
8640 4.081873
8642 4.035559
8644 3.997518
8646 3.986824
8648 3.996538
8650 4.003613
8652 3.991314
8654 3.967776
8656 3.954089
8658 3.958524
8660 3.970687
8662 3.980810
8664 3.987341
8666 3.993273
8668 4.000157
8670 4.004185
8672 3.996239
8674 3.969055
8676 3.923476
8678 3.871420
8680 3.834141
8682 3.829624
8684 3.861733
8686 3.921734
8688 3.990742
8690 4.044322
8692 4.063179
8694 4.042961
8696 3.994035
8698 3.934660
8700 3.882713
8702 3.853406
8704 3.860536
8706 3.914333
8708 4.011586
8710 4.122663
8712 4.196678
8714 4.194365
8716 4.114935
8718 3.992429
8720 3.874495
8722 3.801133
8724 3.792398
8726 3.850223
8728 3.963585
8730 4.105139
8732 4.225903
8734 4.273605
8736 4.246611
8738 4.163507
8740 4.035042
8742 3.899394
8744 3.798113
8746 3.758466
8748 3.790548
8750 3.884400
8752 4.008484
8754 4.114554
8756 4.156378
8758 4.119479
8760 4.027396
8762 3.917816
8764 3.821025
8766 3.755173
8768 3.733513
8770 3.764616
8772 3.844399
8774 3.952075
8776 4.049492
8778 4.094146
8780 4.069438
8782 3.999314
8784 3.926142
8786 3.882033
8788 3.877516
8790 3.907394
8792 3.959504
8794 4.020947
8796 4.081656
8798 4.128568
8800 4.140813
8802 4.104622
8804 4.032267
8806 3.956429
8808 3.906931
8810 3.896836
8812 3.924564
8814 3.977436
8816 4.037872
8818 4.090989
8820 4.123262
8822 4.120459
8824 4.077873
8826 4.008484
8828 3.934279
8830 3.873407
8832 3.837107
8834 3.832916
8836 3.862114
8838 3.916836
8840 3.983232
8842 4.042934
8844 4.073193
8846 4.059451
8848 4.008294
8850 3.940047
8852 3.874250
8854 3.827338
8856 3.814848
8858 3.843338
8860 3.907094
8862 3.991559
8864 4.073057
8866 4.123099
8868 4.124214
8870 4.078254
8872 3.998552
8874 3.903720
8876 3.824943
8878 3.799990
8880 3.844916
8882 3.945980
8884 4.071615
8886 4.181685
8888 4.240380
8890 4.228924
8892 4.149466
8894 4.024484
8896 3.887856
8898 3.781895
8900 3.747391
8902 3.800072
8904 3.922931
8906 4.069791
8908 4.181304
8910 4.219889
8912 4.182501
8914 4.079696
8916 3.942333
8918 3.807392
8920 3.704914
8922 3.665294
8924 3.706955
8926 3.820617
8928 3.964674
8930 4.080186
8932 4.122037
8934 4.081302
8936 3.983667
8938 3.871992
8940 3.782357
8942 3.737105
8944 3.750602
8946 3.825787
8948 3.947830
8950 4.081030
8952 4.177004
8954 4.200869
8956 4.150963
8958 4.054444
8960 3.948891
8962 3.864400
8964 3.823746
8966 3.844971
8968 3.932319
8970 4.063533
8972 4.186365
8974 4.241060
8976 4.204542
8978 4.101302
8980 3.976973
8982 3.870686
8984 3.806276
8986 3.795283
8988 3.840998
8990 3.936918
8992 4.061465
8994 4.173031
8996 4.223046
8998 4.185004
9000 4.074091
9002 3.933381
9004 3.802712
9006 3.712533
9008 3.683117
9010 3.718084
9012 3.806331
9014 3.924156
9016 4.034634
9018 4.098717
9020 4.098880
9022 4.046934
9024 3.968075
9026 3.884917
9028 3.816562
9030 3.781106
9032 3.791446
9034 3.850195
9036 3.943394
9038 4.037219
9040 4.097166
9042 4.111561
9044 4.088703
9046 4.042934
9048 3.988293
9050 3.937898
9052 3.905217
9054 3.903584
9056 3.941979
9058 4.010334
9060 4.077764
9062 4.114119
9064 4.110826
9066 4.076023
9068 4.020920
9070 3.957735
9072 3.901571
9074 3.866441
9076 3.860944
9078 3.886060
9080 3.931503
9082 3.977626
9084 4.008430
9086 4.019124
9088 4.008457
9090 3.974851
9092 3.919584
9094 3.854277
9096 3.799936
9098 3.775745
9100 3.792507
9102 3.846277
9104 3.916401
9106 3.978524
9108 4.020947
9110 4.043015
9112 4.045791
9114 4.025001
9116 3.981409
9118 3.928347
9120 3.884563
9122 3.870876
9124 3.899448
9126 3.960184
9128 4.029165
9130 4.087697
9132 4.126282
9134 4.138691
9136 4.120976
9138 4.083452
9140 4.038498
9142 3.991776
9144 3.955231
9146 3.946061
9148 3.966334
9150 4.001191
9152 4.035070
9154 4.059669
9156 4.064785
9158 4.037274
9160 3.982606
9162 3.923802
9164 3.880699
9166 3.863992
9168 3.876618
9170 3.911231
9172 3.952592
9174 3.986470
9176 4.005164
9178 4.000566
9180 3.960864
9182 3.888319
9184 3.807474
9186 3.749704
9188 3.737622
9190 3.776915
9192 3.857787
9194 3.958633
9196 4.050961
9198 4.110527
9200 4.126309
9202 4.098608
9204 4.036240
9206 3.962470
9208 3.909108
9210 3.895013
9212 3.921653
9214 3.979722
9216 4.055750
9218 4.131806
9220 4.185004
9222 4.191889
9224 4.141112
9226 4.049274
9228 3.955422
9230 3.895775
9232 3.883720
9234 3.909924
9236 3.957218
9238 4.007967
9240 4.047015
9242 4.062553
9244 4.045655
9246 3.996375
9248 3.926850
9250 3.858332
9252 3.817705
9254 3.821161
9256 3.863366
9258 3.925217
9260 3.983150
9262 4.016784
9264 4.016729
9266 3.982198
9268 3.915802
9270 3.829814
9272 3.752425
9274 3.718792
9276 3.748670
9278 3.834195
9280 3.950469
9282 4.065819
9284 4.145684
9286 4.170065
9288 4.138827
9290 4.063288
9292 3.963286
9294 3.867964
9296 3.811365
9298 3.812970
9300 3.868781
9302 3.963041
9304 4.073492
9306 4.169548
9308 4.220080
9310 4.208597
9312 4.140187
9314 4.036158
9316 3.929625
9318 3.857352
9320 3.838549
9322 3.864890
9324 3.916237
9326 3.977463
9328 4.036893
9330 4.078581
9332 4.085683
9334 4.049845
9336 3.976157
9338 3.883801
9340 3.802113
9342 3.757214
9344 3.761949
9346 3.813705
9348 3.892972
9350 3.971477
9352 4.024457
9354 4.037981
9356 4.015042
9358 3.973626
9360 3.931177
9362 3.893135
9364 3.861379
9366 3.846576
9368 3.866060
9370 3.929462
9372 4.026199
9374 4.124160
9376 4.182583
9378 4.174746
9380 4.106853
9382 4.014988
9384 3.937245
9386 3.894060
9388 3.892264
9390 3.931258
9392 4.002743
9394 4.089819
9396 4.159181
9398 4.169657
9400 4.103751
9402 3.988538
9404 3.877162
9406 3.808834
9408 3.794358
9410 3.826549
9412 3.890958
9414 3.973218
9416 4.059206
9418 4.123915
9420 4.134391
9422 4.073655
9424 3.960483
9426 3.839937
9428 3.753568
9430 3.722656
9432 3.747227
9434 3.814195
9436 3.906305
9438 4.003178
9440 4.075751
9442 4.092322
9444 4.044621
9446 3.957980
9448 3.874713
9450 3.828454
9452 3.834494
9454 3.892019
9456 3.983994
9458 4.083179
9460 4.162501
9462 4.199481
9464 4.178011
9466 4.103370
9468 4.001246
9470 3.909326
9472 3.862767
9474 3.879557
9476 3.953109
9478 4.053628
9480 4.141493
9482 4.187780
9484 4.183263
9486 4.133738
9488 4.053846
9490 3.962551
9492 3.880101
9494 3.826821
9496 3.817814
9498 3.855311
9500 3.925462
9502 4.002144
9504 4.055859
9506 4.065764
9508 4.032240
9510 3.975368
9512 3.919067
9514 3.876863
9516 3.849923
9518 3.834522
9520 3.830766
9522 3.846903
9524 3.886740
9526 3.936891
9528 3.976429
9530 3.996321
9532 4.003450
9534 4.008484
9536 4.013437
9538 4.009137
9540 3.990443
9542 3.969926
9544 3.957898
9546 3.957789
9548 3.969272
9550 3.988756
9552 4.016375
9554 4.050199
9556 4.080241
9558 4.096268
9560 4.086554
9562 4.045138
9564 3.987858
9566 3.942877
9568 3.928891
9570 3.944102
9572 3.976538
9574 4.012566
9576 4.035913
9578 4.035723
9580 4.015423
9582 3.982851
9584 3.933353
9586 3.869080
9588 3.816943
9590 3.807827
9592 3.850794
9594 3.930714
9596 4.015233
9598 4.063887
9600 4.050716
9602 3.985028
9604 3.900373
9606 3.826712
9608 3.782276
9610 3.779228
9612 3.825243
9614 3.916537
9616 4.032403
9618 4.135779
9620 4.180732
9622 4.144079
9624 4.055016
9626 3.952102
9628 3.866958
9630 3.832263
9632 3.867203
9634 3.967939
9636 4.105765
9638 4.235863
9640 4.309714
9642 4.294149
9644 4.191916
9646 4.034988
9648 3.872917
9650 3.754166
9652 3.712234
9654 3.760044
9656 3.880182
9658 4.025056
9660 4.139072
9662 4.183698
9664 4.150473
9666 4.048730
9668 3.907176
9670 3.771310
9672 3.680315
9674 3.658001
9676 3.711036
9678 3.823664
9680 3.957327
9682 4.066526
9684 4.118309
9686 4.101003
9688 4.023559
9690 3.911639
9692 3.803555
9694 3.738656
9696 3.741649
9698 3.811338
9700 3.919176
9702 4.024974
9704 4.103343
9706 4.147861
9708 4.151888
9710 4.120595
9712 4.066608
9714 4.006634
9716 3.963803
9718 3.956483
9720 3.988375
9722 4.043560
9724 4.089710
9726 4.099806
9728 4.074281
9730 4.036512
9732 4.008620
9734 3.994225
9736 3.985790
9738 3.978960
9740 3.974987
9742 3.976973
9744 3.979803
9746 3.969681
9748 3.941789
9750 3.908673
9752 3.887611
9754 3.886523
9756 3.898768
9758 3.911829
9760 3.918578
9762 3.918523
9764 3.912890
9766 3.900972
9768 3.884264
9770 3.871067
9772 3.873570
9774 3.898904
9776 3.942605
9778 3.986361
9780 4.009409
9782 4.005055
9784 3.984865
9786 3.965599
9788 3.959068
9790 3.968728
9792 3.992538
9794 4.028675
9796 4.074363
9798 4.118881
9800 4.140487
9802 4.122309
9804 4.058880
9806 3.976864
9808 3.914714
9810 3.899040
9812 3.935231
9814 4.004947
9816 4.075996
9818 4.115724
9820 4.104268
9822 4.039206
9824 3.938279
9826 3.834576
9828 3.763364
9830 3.748180
9832 3.794956
9834 3.893625
9836 4.018552
9838 4.132214
9840 4.195699
9842 4.176814
9844 4.067342
9846 3.903149
9848 3.743935
9850 3.640994
9852 3.621892
9854 3.690056
9856 3.829515
9858 4.006280
9860 4.169793
9862 4.263428
9864 4.254094
9866 4.147398
9868 3.985164
9870 3.831066
9872 3.736969
9874 3.728887
9876 3.807365
9878 3.949190
9880 4.111996
9882 4.247210
9884 4.314395
9886 4.272353
9888 4.149303
9890 4.005600
9892 3.891774
9894 3.836535
9896 3.849352
9898 3.919122
9900 4.013818
9902 4.091316
9904 4.120786
9906 4.089003
9908 4.005491
9910 3.902414
9912 3.818195
9914 3.775446
9916 3.775827
9918 3.811474
9920 3.869461
9922 3.931966
9924 3.977055
9926 3.983803
9928 3.958170
9930 3.918768
9932 3.885761
9934 3.873352
9936 3.884672
9938 3.912836
9940 3.948456
9942 3.983749
9944 4.013301
9946 4.032539
9948 4.038471
9950 4.033464
9952 4.025410
9954 4.020457
9956 4.018879
9958 4.016593
9960 4.010198
9962 4.003967
9964 4.003913
9966 4.007831
9968 4.016239
9970 4.033192
9972 4.059669
9974 4.089112
9976 4.105738
9978 4.093819
9980 4.050362
9982 3.993736
9984 3.941735
9986 3.899040
9988 3.874631
9990 3.882713
9992 3.931013
9994 4.008239
9996 4.081275
9998 4.107506
10000 4.059560
10002 3.957898
10004 3.843746
10006 3.744098
10008 3.683934
10010 3.684451
10012 3.758030
10014 3.896727
10016 4.061628
10018 4.188596
10020 4.216733
10022 4.135425
10024 3.980783
10026 3.800290
10028 3.656695
10030 3.599932
10032 3.659716
10034 3.836916
10036 4.082853
10038 4.294313
10040 4.368164
10042 4.319021
10044 4.190637
10046 4.003913
10048 3.802739
10050 3.663961
10052 3.633946
10054 3.733595
10056 3.952347
10058 4.221631
10060 4.402832
10062 4.430424
10064 4.330449
10066 4.097520
10068 3.845325
10070 3.658573
10072 3.579469
10074 3.615715
10076 3.750384
10078 3.938932
10080 4.111316
10082 4.212651
10084 4.219372
10086 4.119126
10088 3.955123
10090 3.800480
10092 3.702410
10094 3.682900
10096 3.742874
10098 3.861243
10100 3.995831
10102 4.096921
10104 4.126092
10106 4.073955
10108 3.970089
10110 3.866686
10112 3.806276
10114 3.806657
10116 3.864209
10118 3.958932
10120 4.058553
10122 4.131126
10124 4.156024
10126 4.103234
10128 3.993055
10130 3.881407
10132 3.818385
10134 3.827175
10136 3.902441
10138 4.015994
10140 4.123479
10142 4.166229
10144 4.188760
10146 4.145303
10148 4.049628
10150 3.946796
10152 3.873053
10154 3.842930
10156 3.853542
10158 3.893489
10160 3.941435
10162 3.977518
10164 3.996511
10166 3.989164
10168 3.956075
10170 3.917108
10172 3.896836
10174 3.905489
10176 3.931557
10178 3.948429
10180 3.933490
10182 3.884999
10184 3.829896
10186 3.800018
10188 3.809596
10190 3.855093
10192 3.925870
10194 4.008484
10196 4.083397
10198 4.124813
10200 4.109194
10202 4.042580
10204 3.948483
10206 3.856563
10208 3.809133
10210 3.828807
10212 3.912265
10214 4.037002
10216 4.164841
10218 4.252380
10220 4.266285
10222 4.194229
10224 4.050417
10226 3.890033
10228 3.774248
10230 3.747554
10232 3.819583
10234 3.966932
10236 4.139997
10238 4.273442
10240 4.305279
10242 4.230067
10244 4.072703
10246 3.847338
10248 3.631008
10250 3.501726
10252 3.499876
10254 3.627606
10256 3.851719
10258 4.099697
10260 4.283863
10262 4.347837
10264 4.279727
10266 4.098799
10268 3.862713
10270 3.648641
10272 3.518570
10274 3.501808
10276 3.601374
10278 3.792725
10280 4.008566
10282 4.162310
10284 4.224080
10286 4.201222
10288 4.091370
10290 3.945762
10292 3.835991
10294 3.801269
10296 3.846086
10298 3.954007
10300 4.087234
10302 4.191508
10304 4.237822
10306 4.203154
10308 4.102500
10310 3.976157
10312 3.871257
10314 3.831528
10316 3.870169
10318 3.964891
10320 4.072785
10322 4.149276
10324 4.172868
10326 4.128922
10328 4.024430
10330 3.902877
10332 3.799473
10334 3.737622
10336 3.733839
10338 3.789650
10340 3.885870
10342 3.990715
10344 4.075424
10346 4.105466
10348 4.060567
10350 3.969953
10352 3.878305
10354 3.810276
10356 3.774983
10358 3.778657
10360 3.822685
10362 3.897489
10364 3.984783
10366 4.063805
10368 4.111071
10370 4.111996
10372 4.081220
10374 4.045492
10376 4.005709
10378 3.954442
10380 3.905435
10382 3.888536
10384 3.918959
10386 3.972701
10388 4.027042
10390 4.073547
10392 4.106935
10394 4.134745
10396 4.153983
10398 4.142283
10400 4.082935
10402 3.992402
10404 3.909816
10406 3.863828
10408 3.861787
10410 3.895257
10412 3.950687
10414 4.018661
10416 4.086336
10418 4.123915
10420 4.101792
10422 4.020376
10424 3.909435
10426 3.804997
10428 3.734493
10430 3.712424
10432 3.747037
10434 3.836263
10436 3.966225
10438 4.104459
10440 4.191753
10442 4.176242
10444 4.063342
10446 3.912210
10448 3.783555
10450 3.708560
10452 3.701403
10454 3.769187
10456 3.904455
10458 4.079070
10460 4.237142
10462 4.309279
10464 4.274176
10466 4.147562
10468 3.981708
10470 3.846223
10472 3.777541
10474 3.790684
10476 3.883665
10478 4.032212
10480 4.188215
10482 4.283891
10484 4.267237
10486 4.146827
10488 3.963531
10490 3.788861
10492 3.683390
10494 3.671525
10496 3.749377
10498 3.891502
10500 4.053084
10502 4.174746
10504 4.205467
10506 4.126446
10508 3.958742
10510 3.766929
10512 3.619388
10514 3.560067
10516 3.606762
10518 3.751037
10520 3.953136
10522 4.150500
10524 4.281469
10526 4.312680
10528 4.212923
10530 4.020022
10532 3.817079
10534 3.675716
10536 3.635389
10538 3.706574
10540 3.868427
10542 4.055832
10544 4.199889
10546 4.278040
10548 4.267564
10550 4.159072
10552 4.007396
10554 3.880454
10556 3.819174
10558 3.832318
10560 3.908645
10562 4.022498
10564 4.135453
10566 4.208406
10568 4.213386
10570 4.146691
10572 4.038743
10574 3.935721
10576 3.868944
10578 3.846467
10580 3.859338
10582 3.893543
10584 3.939612
10586 3.984647
10588 4.004947
10590 3.992157
10592 3.957844
10594 3.922523
10596 3.901298
10598 3.894060
10600 3.890577
10602 3.880210
10604 3.865896
10606 3.860481
10608 3.871910
10610 3.899475
10612 3.939041
10614 3.986035
10616 4.033546
10618 4.069873
10620 4.080812
10622 4.054662
10624 3.992103
10626 3.911394
10628 3.847774
10630 3.833215
10632 3.880210
10634 3.979831
10636 4.104513
10638 4.212298
10640 4.258720
10642 4.215563
10644 4.143752
10646 4.048158
10648 3.925898
10650 3.826385
10652 3.790902
10654 3.837025
10656 3.950061
10658 4.085901
10660 4.185576
10662 4.203399
10664 4.140895
10666 4.029709
10668 3.896536
10670 3.780915
10672 3.718737
10674 3.732724
10676 3.821487
10678 3.953871
10680 4.078853
10682 4.146854
10684 4.128976
10686 4.032403
10688 3.897734
10690 3.775038
10692 3.707063
10694 3.715826
10696 3.803120
10698 3.949054
10700 4.105357
10702 4.209114
10704 4.224706
10706 4.160786
10708 4.038145
10710 3.892536
10712 3.776072
10714 3.734629
10716 3.789541
10718 3.931639
10720 4.117792
10722 4.279156
10724 4.356899
10726 4.323728
10728 4.202801
10730 4.040158
10732 3.884128
10734 3.777895
10736 3.748887
10738 3.804317
10740 3.923122
10742 4.053084
10744 4.139480
10746 4.159290
10748 4.111343
10750 4.010797
10752 3.887502
10754 3.776208
10756 3.708097
10758 3.701866
10760 3.758303
10762 3.855665
10764 3.951694
10766 4.009817
10768 4.023505
10770 4.006144
10772 3.970334
10774 3.925163
10776 3.881597
10778 3.856672
10780 3.858522
10782 3.878903
10784 3.909952
10786 3.946279
10788 3.974851
10790 3.988212
10792 3.991994
10794 3.997055
10796 4.007858
10798 4.017926
10800 4.020212
10802 4.014008
10804 4.003504
10806 3.990770
10808 3.979014
10810 3.978769
10812 3.997763
10814 4.033274
10816 4.074363
10818 4.101139
10820 4.089248
10822 4.035287
10824 3.963531
10826 3.895176
10828 3.841950
10830 3.817569
10832 3.833896
10834 3.894251
10836 3.984429
10838 4.071397
10840 4.115262
10842 4.090336
10844 4.003287
10846 3.887230
10848 3.779391
10850 3.710302
10852 3.697186
10854 3.744261
10856 3.845325
10858 3.976919
10860 4.095071
10862 4.148324
10864 4.113765
10866 4.015069
10868 3.896074
10870 3.801732
10872 3.764235
10874 3.796943
10876 3.898713
10878 4.049165
10880 4.199699
10882 4.288163
10884 4.274231
10886 4.158147
10888 3.989110
10890 3.841216
10892 3.761650
10894 3.766058
10896 3.851502
10898 4.002362
10900 4.176106
10902 4.287891
10904 4.293850
10906 4.190773
10908 3.983776
10910 3.764479
10912 3.613701
10914 3.566816
10916 3.626599
10918 3.771827
10920 3.962252
10922 4.138609
10924 4.238203
10926 4.230692
10928 4.116214
10930 3.943558
10932 3.780616
10934 3.671607
10936 3.636423
10938 3.680097
10940 3.792807
10942 3.944129
10944 4.081873
10946 4.156460
10948 4.150310
10950 4.079996
10952 3.983504
10954 3.899149
10956 3.850848
10958 3.847774
10960 3.889706
10962 3.966279
10964 4.055179
10966 4.119942
10968 4.130391
10970 4.089275
10972 4.025301
10974 3.971504
10976 3.949218
10978 3.962470
10980 4.004212
10982 4.062281
10984 4.119452
10986 4.155970
10988 4.153466
10990 4.105248
10992 4.025083
10994 3.941081
10996 3.878223
10998 3.848563
11000 3.850685
11002 3.873624
11004 3.902986
11006 3.929789
11008 3.951476
11010 3.958851
11012 3.946088
11014 3.923013
11016 3.902741
11018 3.893788
11020 3.900945
11022 3.922850
11024 3.943258
11026 3.942197
11028 3.921925
11030 3.903829
11032 3.903666
11034 3.928428
11036 3.975776
11038 4.029002
11040 4.062335
11042 4.059941
11044 4.027178
11046 3.977245
11048 3.927666
11050 3.903611
11052 3.919040
11054 3.969653
11056 4.039995
11058 4.111153
11060 4.160297
11062 4.164487
11064 4.114119
11066 4.021410
11068 3.916428
11070 3.839529
11072 3.820154
11074 3.860862
11076 3.941054
11078 4.030335
11080 4.098581
11082 4.121194
11084 4.088867
11086 4.004647
11088 3.886414
11090 3.775065
11092 3.711608
11094 3.719091
11096 3.798603
11098 3.927857
11100 4.066853
11102 4.171018
11104 4.200025
11106 4.133521
11108 3.996212
11110 3.844508
11112 3.729921
11114 3.681702
11116 3.711853
11118 3.818984
11120 3.977626
11122 4.137439
11124 4.245849
11126 4.267047
11128 4.183862
11130 4.032212
11132 3.881516
11134 3.786167
11136 3.771963
11138 3.841651
11140 3.975069
11142 4.127888
11144 4.246339
11146 4.285197
11148 4.239046
11150 4.128541
11152 3.993191
11154 3.875502
11156 3.809215
11158 3.809269
11160 3.870495
11162 3.970524
11164 4.067995
11166 4.122962
11168 4.119398
11170 4.063995
11172 3.977980
11174 3.889516
11176 3.823365
11178 3.796698
11180 3.815338
11182 3.870468
11184 3.939666
11186 3.994443
11188 4.017382
11190 4.010525
11192 3.985273
11194 3.953272
11196 3.923204
11198 3.900673
11200 3.892019
11202 3.902088
11204 3.928673
11206 3.964266
11208 3.996919
11210 4.017790
11212 4.027695
11214 4.030308
11216 4.026498
11218 4.014906
11220 3.996838
11222 3.978171
11224 3.962442
11226 3.950225
11228 3.945000
11230 3.952347
11232 3.977463
11234 4.018525
11236 4.060975
11238 4.084839
11240 4.076540
11242 4.036866
11244 3.982198
11246 3.927585
11248 3.880699
11250 3.852263
11252 3.850821
11254 3.879203
11256 3.932510
11258 3.990280
11260 4.024865
11262 4.018906
11264 3.974660
11266 3.906550
11268 3.834712
11270 3.788126
11272 3.791119
11274 3.845651
11276 3.934605
11278 4.029899
11280 4.097819
11282 4.112595
11284 4.076322
11286 4.003178
11288 3.908918
11290 3.824127
11292 3.786902
11294 3.820208
11296 3.916129
11298 4.041845
11300 4.151426
11302 4.208189
11304 4.203318
11306 4.141521
11308 4.033981
11310 3.916346
11312 3.826848
11314 3.799228
11316 3.845052
11318 3.944646
11320 4.057954
11322 4.139970
11324 4.160297
11326 4.114119
11328 4.010852
11330 3.882577
11332 3.775092
11334 3.723989
11336 3.748017
11338 3.839311
11340 3.966443
11342 4.086445
11344 4.151371
11346 4.127480
11348 4.019233
11350 3.869679
11352 3.733921
11354 3.655416
11356 3.656831
11358 3.735472
11360 3.862903
11362 4.003722
11364 4.117411
11366 4.159262
11368 4.115479
11370 4.015477
11372 3.900455
11374 3.801378
11376 3.742819
11378 3.744098
11380 3.807283
11382 3.916591
11384 4.047342
11386 4.158745
11388 4.204787
11390 4.174392
11392 4.098064
11394 4.009491
11396 3.933027
11398 3.886033
11400 3.877625
11402 3.907856
11404 3.967585
11406 4.037764
11408 4.087479
11410 4.093656
11412 4.063424
11414 4.018580
11416 3.972075
11418 3.931694
11420 3.901625
11422 3.884400
11424 3.883801
11426 3.901081
11428 3.929544
11430 3.953898
11432 3.965028
11434 3.968483
11436 3.969381
11438 3.963830
11440 3.949000
11442 3.926496
11444 3.903503
11446 3.891339
11448 3.900373
11450 3.927449
11452 3.957299
11454 3.981844
11456 4.006334
11458 4.032539
11460 4.049682
11462 4.044512
11464 4.014852
11466 3.976647
11468 3.948265
11470 3.940646
11472 3.955095
11474 3.988266
11476 4.034417
11478 4.087424
11480 4.131208
11482 4.140296
11484 4.099887
11486 4.018498
11488 3.930224
11490 3.866169
11492 3.846168
11494 3.878550
11496 3.950388
11498 4.034607
11500 4.107180
11502 4.144351
11504 4.131235
11506 4.067315
11508 3.967776
11510 3.859094
11512 3.771473
11514 3.736669
11516 3.770711
11518 3.857787
11520 3.960102
11522 4.041083
11524 4.077873
11526 4.061818
11528 3.995586
11530 3.898604
11532 3.805460
11534 3.751717
11536 3.762058
11538 3.836481
11540 3.946306
11542 4.052920
11544 4.126963
11546 4.149602
11548 4.108595
11550 4.012130
11552 3.902795
11554 3.829025
11556 3.820481
11558 3.885108
11560 4.002470
11562 4.131725
11564 4.230584
11566 4.263781
11568 4.214148
11570 4.095397
11572 3.953708
11574 3.838467
11576 3.777350
11578 3.780670
11580 3.844481
11582 3.946388
11584 4.052784
11586 4.133466
11588 4.163888
11590 4.119588
11592 4.008675
11594 3.873951
11596 3.757922
11598 3.687362
11600 3.678355
11602 3.733894
11604 3.832562
11606 3.938741
11608 4.023450
11610 4.067587
11612 4.063342
11614 4.019505
11616 3.960810
11618 3.910441
11620 3.878005
11622 3.870794
11624 3.893162
11626 3.932483
11628 3.969545
11630 3.998661
11632 4.020539
11634 4.031151
11636 4.029627
11638 4.027124
11640 4.033437
11642 4.044294
11644 4.051560
11646 4.051560
11648 4.045083
11650 4.033274
11652 4.019559
11654 4.009736
11656 4.005981
11658 4.004783
11660 4.002552
11662 3.993899
11664 3.974905
11666 3.953245
11668 3.938034
11670 3.932428
11672 3.936891
11674 3.951177
11676 3.973381
11678 3.994878
11680 4.000185
11682 3.978388
11684 3.929272
11686 3.869053
11688 3.822739
11690 3.803555
11692 3.809895
11694 3.839801
11696 3.896101
11698 3.973708
11700 4.048294
11702 4.087125
11704 4.072431
11706 4.015205
11708 3.943748
11710 3.884727
11712 3.852236
11714 3.851964
11716 3.890006
11718 3.967340
11720 4.068948
11722 4.158882
11724 4.197712
11726 4.171072
11728 4.091615
11730 3.986252
11732 3.888074
11734 3.832154
11736 3.839937
11738 3.906958
11740 4.006198
11742 4.097302
11744 4.137085
11746 4.117439
11748 4.058580
11750 3.973137
11752 3.868699
11754 3.775010
11756 3.735472
11758 3.773759
11760 3.874033
11762 3.992647
11764 4.085955
11766 4.124187
11768 4.098091
11770 4.019097
11772 3.912183
11774 3.806902
11776 3.732751
11778 3.717023
11780 3.772643
11782 3.882849
11784 4.006307
11786 4.099642
11788 4.135344
11790 4.109438
11792 4.034444
11794 3.939748
11796 3.858223
11798 3.814113
11800 3.821134
11802 3.877352
11804 3.964973
11806 4.059723
11808 4.134827
11810 4.166310
11812 4.147806
11814 4.094282
11816 4.030988
11818 3.975912
11820 3.941299
11822 3.935122
11824 3.955340
11826 3.993327
11828 4.033600
11830 4.051342
11832 4.031532
11834 3.985953
11836 3.937952
11838 3.904319
11840 3.888074
11842 3.885244
11844 3.889842
11846 3.897053
11848 3.904346
11850 3.907231
11852 3.899775
11854 3.879420
11856 3.857488
11858 3.851855
11860 3.870277
11862 3.903475
11864 3.932075
11866 3.944156
11868 3.945218
11870 3.947857
11872 3.955504
11874 3.961544
11876 3.964102
11878 3.970851
11880 3.985790
11882 4.002552
11884 4.008402
11886 3.995940
11888 3.973354
11890 3.955204
11892 3.951884
11894 3.963776
11896 3.987314
11898 4.023859
11900 4.070091
11902 4.105574
11904 4.104051
11906 4.057465
11908 3.986824
11910 3.923258
11912 3.884972
11914 3.877625
11916 3.900836
11918 3.950578
11920 4.018824
11922 4.089248
11924 4.133521
11926 4.126092
11928 4.062852
11930 3.964157
11932 3.861978
11934 3.785269
11936 3.754466
11938 3.780616
11940 3.859366
11942 3.966742
11944 4.061546
11946 4.100867
11948 4.073465
11950 3.996838
11952 3.901734
11954 3.820562
11956 3.778820
11958 3.792861
11960 3.862196
11962 3.968755
11964 4.085982
11966 4.179943
11968 4.217522
11970 4.184243
11972 4.092703
11974 3.978824
11976 3.880754
11978 3.829215
11980 3.843610
11982 3.919612
11984 4.030852
11986 4.138745
11988 4.194447
11990 4.185113
11992 4.121030
11994 4.018607
11996 3.913190
11998 3.841379
12000 3.823828
12002 3.858332
12004 3.923448
12006 3.993518
12008 4.047532
12010 4.069764
12012 4.053546
12014 4.000375
12016 3.921897
12018 3.845760
12020 3.804127
12022 3.813759
12024 3.866930
12026 3.940292
12028 4.010171
12030 4.058716
12032 4.076050
12034 4.063968
12036 4.026280
12038 3.967340
12040 3.904673
12042 3.863066
12044 3.857651
12046 3.887693
12048 3.942905
12050 4.011477
12052 4.079397
12054 4.127235
12056 4.140078
12058 4.109574
12060 4.042063
12062 3.963340
12064 3.903639
12066 3.886278
12068 3.915067
12070 3.972130
12072 4.038906
12074 4.105683
12076 4.159371
12078 4.179698
12080 4.150174
12082 4.073138
12084 3.968402
12086 3.864917
12088 3.792262
12090 3.766738
12092 3.789215
12094 3.854604
12096 3.952728
12098 4.060567
12100 4.140595
12102 4.153820
12104 4.086445
12106 3.964157
12108 3.836617
12110 3.748153
12112 3.717894
12114 3.744261
12116 3.819120
12118 3.928591
12120 4.049029
12122 4.145548
12124 4.180515
12126 4.145113
12128 4.063397
12130 3.962334
12132 3.875611
12134 3.830222
12136 3.834494
12138 3.887502
12140 3.980756
12142 4.093656
12144 4.187590
12146 4.215481
12148 4.162555
12150 4.062227
12152 3.963776
12154 3.895339
12156 3.862332
12158 3.866958
12160 3.911775
12162 3.987259
12164 4.065247
12166 4.105166
12168 4.079615
12170 3.999640
12172 3.905217
12174 3.833814
12176 3.802167
12178 3.810657
12180 3.856862
12182 3.934007
12184 4.020675
12186 4.080594
12188 4.079479
12190 4.011178
12192 3.908346
12194 3.818467
12196 3.774085
12198 3.787718
12200 3.854087
12202 3.955803
12204 4.069138
12206 4.163371
12208 4.209576
12210 4.178827
12212 4.067288
12214 3.916265
12216 3.778439
12218 3.698356
12220 3.706764
12222 3.807827
12224 3.975395
12226 4.158120
12228 4.289415
12230 4.316572
12232 4.232434
12234 4.079125
12236 3.921408
12238 3.809297
12240 3.766738
12242 3.797487
12244 3.884264
12246 3.991341
12248 4.083506
12250 4.150854
12252 4.173086
12254 4.128241
12256 4.033519
12258 3.931966
12260 3.857189
12262 3.824072
12264 3.830712
12266 3.862141
12268 3.901815
12270 3.938388
12272 3.964647
12274 3.978035
12276 3.978035
12278 3.969409
12280 3.961653
12282 3.958823
12284 3.956456
12286 3.946823
