0 5.874724
2 5.866479
4 5.855485
6 5.844056
8 5.827539
10 5.801824
12 5.769552
14 5.739265
16 5.718857
18 5.712761
20 5.723809
22 5.752490
24 5.793498
26 5.834505
28 5.862288
30 5.869744
32 5.859267
34 5.839757
36 5.822831
38 5.816301
40 5.819403
42 5.823267
44 5.816790
46 5.794396
48 5.760925
50 5.729251
52 5.711482
54 5.713795
56 5.738204
58 5.781035
60 5.830723
62 5.871322
64 5.892465
66 5.895323
68 5.889608
70 5.882288
72 5.869853
74 5.846070
76 5.814804
78 5.787076
80 5.768926
82 5.757034
84 5.746231
86 5.737415
88 5.735156
90 5.741360
92 5.755048
94 5.775973
96 5.804899
98 5.839702
100 5.873771
102 5.897581
104 5.902806
106 5.885880
108 5.850124
110 5.805933
112 5.768463
114 5.750340
116 5.752572
118 5.764327
120 5.771756
122 5.769252
124 5.761089
126 5.755320
128 5.759075
130 5.778477
132 5.814233
134 5.856628
136 5.888928
138 5.899540
140 5.890751
142 5.872873
144 5.850043
146 5.818831
148 5.778422
150 5.738639
152 5.713142
154 5.707890
156 5.718666
158 5.739456
160 5.766150
162 5.794314
164 5.816464
166 5.827321
168 5.831213
170 5.838641
172 5.855812
174 5.877962
176 5.891404
178 5.883159
180 5.850233
182 5.801062
184 5.750640
186 5.714965
188 5.704108
190 5.717142
192 5.745143
194 5.778504
196 5.809688
198 5.832219
200 5.840791
202 5.836845
204 5.831702
206 5.837934
208 5.855295
210 5.870043
212 5.868873
214 5.850778
216 5.824491
218 5.796708
220 5.767565
222 5.738503
224 5.718476
226 5.716816
228 5.733714
230 5.760599
232 5.790314
234 5.821090
236 5.851267
238 5.873581
240 5.879377
242 5.867703
244 5.846233
246 5.825934
248 5.814668
250 5.811185
252 5.806369
254 5.790450
256 5.761715
258 5.728490
260 5.705360
262 5.703455
264 5.725170
266 5.765687
268 5.816682
270 5.866669
272 5.902153
274 5.911105
276 5.890288
278 5.851512
280 5.815811
282 5.796518
284 5.790232
286 5.784844
288 5.774994
290 5.765443
292 5.760898
294 5.757987
296 5.752436
298 5.748653
300 5.756055
302 5.778450
304 5.811375
306 5.846478
308 5.876302
310 5.894914
312 5.895568
314 5.875023
316 5.838668
318 5.798015
320 5.764191
322 5.744082
324 5.740789
326 5.751347
328 5.764735
330 5.768300
332 5.761878
334 5.759647
336 5.773688
338 5.801525
340 5.832845
342 5.862451
344 5.890588
346 5.910888
348 5.906942
350 5.869336
352 5.812573
354 5.763511
356 5.738204
358 5.733306
360 5.736871
362 5.743429
364 5.755293
366 5.773606
368 5.793198
370 5.809008
372 5.820818
374 5.831158
376 5.841172
378 5.850043
380 5.856438
382 5.858995
384 5.855730
386 5.843376
388 5.819131
390 5.784218
392 5.743483
394 5.707999
396 5.692761
398 5.709442
400 5.753878
402 5.806369
404 5.843811
406 5.856655
408 5.852791
410 5.843186
412 5.833526
414 5.827974
416 5.830260
418 5.840165
420 5.849390
422 5.842968
424 5.811620
426 5.763619
428 5.720353
430 5.700462
432 5.707591
434 5.733796
436 5.769497
438 5.808028
440 5.842424
442 5.865308
444 5.873771
446 5.870669
448 5.861880
450 5.851022
452 5.838750
454 5.825308
456 5.811593
458 5.796763
460 5.779511
462 5.761851
464 5.747293
466 5.735973
468 5.727483
470 5.728626
472 5.752055
474 5.801307
476 5.860138
478 5.902561
480 5.914969
482 5.904711
484 5.885390
486 5.860655
488 5.828491
490 5.794423
492 5.772654
494 5.769552
496 5.774694
498 5.772028
500 5.757551
502 5.742258
504 5.739619
506 5.754966
508 5.784246
510 5.819757
512 5.854941
514 5.883867
516 5.901010
518 5.901853
520 5.885009
522 5.853744
524 5.815756
526 5.780735
528 5.755674
530 5.742150
532 5.737605
534 5.741061
536 5.753796
538 5.772762
540 5.788572
542 5.794205
544 5.796845
546 5.812845
548 5.848628
550 5.891486
552 5.919160
554 5.919704
556 5.897309
558 5.861608
560 5.818586
562 5.773361
564 5.735701
566 5.718557
568 5.727292
570 5.753143
572 5.779892
574 5.796464
576 5.803103
578 5.808600
580 5.821852
582 5.844709
584 5.870587
586 5.888166
588 5.889853
590 5.876982
592 5.856165
594 5.831730
596 5.802722
598 5.769552
600 5.739565
602 5.722666
604 5.722857
606 5.736789
608 5.760545
610 5.792681
612 5.829580
614 5.860302
616 5.872411
618 5.864438
620 5.849308
622 5.842913
624 5.849281
626 5.858832
628 5.858342
630 5.841281
632 5.810260
634 5.773851
636 5.740163
638 5.716136
640 5.710149
642 5.729251
644 5.771103
646 5.820655
648 5.859921
650 5.880003
652 5.882941
654 5.876656
656 5.866479
658 5.853553
660 5.837172
662 5.818478
664 5.800192
666 5.785552
668 5.774939
670 5.765551
672 5.755211
674 5.747646
676 5.750313
678 5.766531
680 5.792600
682 5.823376
684 5.857526
686 5.892003
688 5.915568
690 5.913745
692 5.884710
694 5.844328
696 5.813335
698 5.799919
700 5.797144
702 5.794913
704 5.788219
706 5.777552
708 5.765062
710 5.754313
712 5.752163
714 5.766041
716 5.797117
718 5.837444
720 5.874805
722 5.899078
724 5.905228
726 5.892928
728 5.866397
730 5.833281
732 5.801307
734 5.774477
736 5.754395
738 5.743429
740 5.744571
742 5.756871
744 5.773824
746 5.789906
748 5.803675
750 5.817280
752 5.831920
754 5.845607
756 5.857363
758 5.869200
760 5.882125
762 5.889581
764 5.880628
766 5.849499
768 5.803539
770 5.760218
772 5.735320
774 5.733061
776 5.747973
778 5.772926
780 5.800328
782 5.821933
784 5.832301
786 5.832927
788 5.832764
790 5.840464
792 5.857036
794 5.874533
796 5.882261
798 5.874234
800 5.850750
802 5.816410
804 5.778259
806 5.745660
808 5.726421
810 5.723455
812 5.736000
814 5.761987
816 5.797253
818 5.833852
820 5.861989
822 5.877853
824 5.885608
826 5.888220
828 5.882588
830 5.866315
832 5.845281
834 5.830505
836 5.824246
838 5.814886
840 5.790912
842 5.756163
844 5.727619
846 5.718857
848 5.731401
850 5.760545
852 5.800899
854 5.844274
856 5.878043
858 5.891350
860 5.883703
862 5.863866
864 5.842097
866 5.824573
868 5.813824
870 5.808437
872 5.802722
874 5.790423
876 5.771184
878 5.751946
880 5.740952
882 5.741116
884 5.751293
886 5.772137
888 5.805117
890 5.845662
892 5.881935
894 5.902398
896 5.905336
898 5.896030
900 5.877091
902 5.845743
904 5.803566
906 5.764082
908 5.744027
910 5.748272
912 5.764354
914 5.774395
916 5.771864
918 5.764055
920 5.762150
922 5.773198
924 5.799838
926 5.840573
928 5.885744
930 5.917799
932 5.921228
934 5.894370
936 5.850397
938 5.806232
940 5.772790
942 5.753061
944 5.745225
946 5.744435
948 5.746803
950 5.752436
952 5.763347
954 5.779130
956 5.795756
958 5.810641
960 5.827430
962 5.851512
964 5.879975
966 5.901091
968 5.903350
970 5.885907
972 5.856329
974 5.820927
976 5.781307
978 5.741741
980 5.713795
982 5.709169
984 5.730041
986 5.764871
988 5.798396
990 5.821797
992 5.834179
994 5.838532
996 5.839485
998 5.843158
1000 5.852846
1002 5.865635
1004 5.873009
1006 5.866533
1008 5.843458
1010 5.807729
1012 5.766667
1014 5.730095
1016 5.708544
1018 5.709496
1020 5.730830
1022 5.762830
1024 5.796246
1026 5.828736
1028 5.858750
1030 5.878887
1032 5.882125
1034 5.871485
1036 5.860302
1038 5.857553
1040 5.856274
1042 5.844084
1044 5.819784
1046 5.793851
1048 5.773007
1050 5.752735
1052 5.729251
1054 5.712652
1056 5.720244
1058 5.758340
1060 5.813525
1062 5.863458
1064 5.892601
1066 5.897853
1068 5.882397
1070 5.854778
1072 5.826097
1074 5.805852
1076 5.796436
1078 5.794559
1080 5.793906
1082 5.788028
1084 5.771647
1086 5.746694
1088 5.726013
1090 5.725170
1092 5.748191
1094 5.783565
1096 5.817797
1098 5.846424
1100 5.872383
1102 5.893227
1104 5.897880
1106 5.880737
1108 5.850097
1110 5.820736
1112 5.799620
1114 5.783457
1116 5.767048
1118 5.753061
1120 5.749170
1122 5.757334
1124 5.770286
1126 5.779048
1128 5.782722
1130 5.789171
1132 5.806695
1134 5.836274
1136 5.870343
1138 5.896221
1140 5.902098
1142 5.882016
1144 5.839648
1146 5.787593
1148 5.742150
1150 5.716625
1152 5.716789
1154 5.739565
1156 5.772572
1158 5.798559
1160 5.806505
1162 5.800953
1164 5.798015
1166 5.810505
1168 5.836900
1170 5.863649
1172 5.877690
1174 5.878696
1176 5.873853
1178 5.862968
1180 5.837716
1182 5.796572
1184 5.753714
1186 5.727020
1188 5.721496
1190 5.728816
1192 5.741959
1194 5.762776
1196 5.794178
1198 5.828383
1200 5.850587
1202 5.853553
1204 5.844818
1206 5.837390
1208 5.838696
1210 5.846478
1212 5.852791
1214 5.847893
1216 5.824899
1218 5.786695
1220 5.744653
1222 5.709877
1224 5.690040
1226 5.692870
1228 5.724163
1230 5.778994
1232 5.837009
1234 5.873118
1236 5.879649
1238 5.872193
1240 5.867322
1242 5.864166
1244 5.852737
1246 5.831838
1248 5.811484
1250 5.799239
1252 5.790749
1254 5.777089
1256 5.756953
1258 5.737823
1260 5.728353
1262 5.732435
1264 5.748327
1266 5.774395
1268 5.810151
1270 5.851158
1272 5.886588
1274 5.904248
1276 5.897799
1278 5.870206
1280 5.831920
1282 5.797171
1284 5.777171
1286 5.774096
1288 5.778695
1290 5.777606
1292 5.765361
1294 5.746803
1296 5.730993
1298 5.726557
1300 5.741007
1302 5.778150
1304 5.832981
1306 5.889363
1308 5.924629
1310 5.925201
1312 5.897989
1314 5.860111
1316 5.824056
1318 5.791402
1320 5.762096
1322 5.742531
1324 5.739320
1326 5.750231
1328 5.763402
1330 5.769470
1332 5.769606
1334 5.772273
1336 5.784436
1338 5.805525
1340 5.831185
1342 5.857009
1344 5.878914
1346 5.891350
1348 5.889908
1350 5.872601
1352 5.839702
1354 5.795729
1356 5.752191
1358 5.723129
1360 5.716925
1362 5.731483
1364 5.756626
1366 5.782695
1368 5.804899
1370 5.819811
1372 5.824763
1374 5.822967
1376 5.825471
1378 5.842669
1380 5.871295
1382 5.893200
1384 5.891921
1386 5.866315
1388 5.829090
1390 5.791810
1392 5.759456
1394 5.733796
1396 5.722095
1398 5.731510
1400 5.758912
1402 5.792246
1404 5.821035
1406 5.842043
1408 5.855893
1410 5.862261
1412 5.861390
1414 5.856057
1416 5.850505
1418 5.846152
1420 5.840954
1422 5.831702
1424 5.815430
1426 5.789661
1428 5.755755
1430 5.722993
1432 5.707129
1434 5.717714
1436 5.751755
1438 5.797117
1440 5.841716
1442 5.875649
1444 5.891295
1446 5.884112
1448 5.860601
1450 5.837634
1452 5.829743
1454 5.835485
1456 5.840519
1458 5.831974
1460 5.809879
1462 5.783184
1464 5.759483
1466 5.742313
1468 5.734694
1470 5.741197
1472 5.764327
1474 5.799511
1476 5.837362
1478 5.868465
1480 5.887023
1482 5.890180
1484 5.878778
1486 5.856574
1488 5.828818
1490 5.800953
1492 5.779212
1494 5.768463
1496 5.769089
1498 5.775674
1500 5.779837
1502 5.776735
1504 5.769116
1506 5.765633
1508 5.774858
1510 5.800001
1512 5.837281
1514 5.877554
1516 5.907867
1518 5.917092
1520 5.900085
1522 5.861308
1524 5.815185
1526 5.779919
1528 5.765225
1530 5.766830
1532 5.774123
1534 5.780001
1536 5.783593
1538 5.786014
1540 5.788110
1542 5.792436
1544 5.803838
1546 5.825199
1548 5.852356
1550 5.876193
1552 5.888928
1554 5.887948
1556 5.873336
1558 5.846397
1560 5.811076
1562 5.776055
1564 5.750449
1566 5.739102
1568 5.742095
1570 5.757715
1572 5.781008
1574 5.804273
1576 5.819784
1578 5.825879
1580 5.828655
1582 5.835893
1584 5.849090
1586 5.863975
1588 5.877037
1590 5.885771
1592 5.883731
1594 5.862261
1596 5.820546
1598 5.771810
1600 5.736517
1602 5.726122
1604 5.737469
1606 5.760436
1608 5.786804
1610 5.812763
1612 5.834886
1614 5.849444
1616 5.855866
1618 5.857989
1620 5.859676
1622 5.861880
1624 5.861200
1626 5.853553
1628 5.838233
1630 5.817797
1632 5.796246
1634 5.775565
1636 5.757198
1638 5.744925
1640 5.744190
1642 5.759511
1644 5.790014
1646 5.828546
1648 5.863839
1650 5.886533
1652 5.893010
1654 5.884955
1656 5.868356
1658 5.848927
1660 5.831213
1662 5.819620
1664 5.816763
1666 5.818450
1668 5.812573
1670 5.789906
1672 5.756218
1674 5.729796
1676 5.726857
1678 5.749306
1680 5.787130
1682 5.829471
1684 5.867104
1686 5.893173
1688 5.900683
1690 5.889064
1692 5.866996
1694 5.844601
1696 5.826559
1698 5.810369
1700 5.793661
1702 5.777416
1704 5.765252
1706 5.759755
1708 5.759538
1710 5.762858
1712 5.769524
1714 5.781307
1716 5.800763
1718 5.829798
1720 5.865907
1722 5.898806
1724 5.913881
1726 5.904438
1728 5.877009
1730 5.843594
1732 5.810641
1734 5.780300
1736 5.758014
1738 5.752680
1740 5.765796
1742 5.784681
1744 5.792844
1746 5.787565
1748 5.781144
1750 5.787593
1752 5.809280
1754 5.838478
1756 5.866533
1758 5.889091
1760 5.902343
1762 5.900302
1764 5.879322
1766 5.843811
1768 5.803702
1770 5.768300
1772 5.743020
1774 5.730966
1776 5.733143
1778 5.747537
1780 5.770232
1782 5.796572
1784 5.821117
1786 5.837798
1788 5.844111
1790 5.845771
1792 5.853825
1794 5.872057
1796 5.890425
1798 5.891758
1800 5.868057
1802 5.827321
1804 5.784001
1806 5.746776
1808 5.718394
1810 5.705659
1812 5.717904
1814 5.756871
1816 5.806613
1818 5.843104
1820 5.855540
1822 5.851703
1824 5.845390
1826 5.843920
1828 5.847539
1830 5.853689
1832 5.857335
1834 5.853227
1836 5.837580
1838 5.811239
1840 5.779565
1842 5.748735
1844 5.725523
1846 5.715700
1848 5.722285
1850 5.743129
1852 5.773171
1854 5.808001
1856 5.845689
1858 5.879567
1860 5.897853
1862 5.891622
1864 5.865118
1866 5.835049
1868 5.817144
1870 5.812001
1872 5.807430
1874 5.792681
1876 5.770477
1878 5.751320
1880 5.739619
1882 5.732272
1884 5.730612
1886 5.744544
1888 5.781742
1890 5.835403
1892 5.885037
1894 5.909200
1896 5.903350
1898 5.876574
1900 5.841335
1902 5.807539
1904 5.782776
1906 5.769742
1908 5.764817
1910 5.761225
1912 5.755374
1914 5.748082
1916 5.741333
1918 5.737877
1920 5.744190
1922 5.766096
1924 5.800545
1926 5.835838
1928 5.862097
1930 5.881173
1932 5.898343
1934 5.904901
1936 5.883894
1938 5.832628
1940 5.773062
1942 5.732000
1944 5.719483
1946 5.725959
1948 5.739374
1950 5.755320
1952 5.773062
1954 5.787130
1956 5.791674
1958 5.790259
1960 5.796137
1962 5.819920
1964 5.858342
1966 5.894670
1968 5.909445
1970 5.892629
1972 5.849580
1974 5.797634
1976 5.753742
1978 5.725387
1980 5.711673
1982 5.709795
1984 5.720544
1986 5.743918
1988 5.772490
1990 5.795538
1992 5.810450
1994 5.824328
1996 5.841362
1998 5.854886
2000 5.856682
2002 5.849471
2004 5.843730
2006 5.844383
2008 5.843512
2010 5.826396
2012 5.787048
2014 5.736571
2016 5.696326
2018 5.682666
2020 5.698992
2022 5.738340
2024 5.788926
2026 5.837988
2028 5.872002
2030 5.881554
2032 5.867322
2034 5.841335
2036 5.820709
2038 5.815675
2040 5.823104
2042 5.830015
2044 5.822967
2046 5.796845
2048 5.757415
2050 5.717442
2052 5.691047
2054 5.687155
2056 5.707673
2058 5.747211
2060 5.796164
2062 5.842260
2064 5.874125
2066 5.885853
2068 5.880356
2070 5.866234
2072 5.849798
2074 5.829580
2076 5.803838
2078 5.778722
2080 5.765198
2082 5.765551
2084 5.767973
2086 5.758476
2088 5.737333
2090 5.720707
2092 5.725197
2094 5.753878
2096 5.798396
2098 5.847431
2100 5.889989
2102 5.916575
2104 5.919214
2106 5.895132
2108 5.850669
2110 5.800709
2112 5.761551
2114 5.741360
2116 5.738367
2118 5.743701
2120 5.747810
2122 5.748762
2124 5.751021
2126 5.758286
2128 5.770232
2130 5.786640
2132 5.811049
2134 5.845961
2136 5.883295
2138 5.906561
2140 5.904547
2142 5.881200
2144 5.848982
2146 5.816328
2148 5.783184
2150 5.750014
2152 5.725442
2154 5.720598
2156 5.738394
2158 5.768626
2160 5.795348
2162 5.808790
2164 5.812056
2166 5.814777
2168 5.823348
2170 5.838560
2172 5.859295
2174 5.881826
2176 5.896003
2178 5.889418
2180 5.855784
2182 5.802967
2184 5.747157
2186 5.705469
2188 5.688271
2190 5.697605
2192 5.726911
2194 5.765089
2196 5.800246
2198 5.825199
2200 5.838941
2202 5.845254
2204 5.849607
2206 5.855812
2208 5.864846
2210 5.872928
2212 5.872710
2214 5.858614
2216 5.832491
2218 5.802396
2220 5.776382
2222 5.756762
2224 5.741415
2226 5.731564
2228 5.734993
2230 5.758449
2232 5.798477
2234 5.842614
2236 5.876465
2238 5.890996
2240 5.886833
2242 5.871377
2244 5.851975
2246 5.834886
2248 5.824437
2250 5.820410
2252 5.816464
2254 5.803212
2256 5.777715
2258 5.747075
2260 5.723428
2262 5.717741
2264 5.735646
2266 5.775375
2268 5.826614
2270 5.873853
2272 5.903159
2274 5.910343
2276 5.898670
2278 5.874016
2280 5.845009
2282 5.822342
2284 5.810015
2286 5.801525
2288 5.788219
2290 5.770912
2292 5.759374
2294 5.758585
2296 5.764272
2298 5.769905
2300 5.776463
2302 5.791702
2304 5.819974
2306 5.855431
2308 5.886724
2310 5.905091
2312 5.905309
2314 5.885336
2316 5.848029
2318 5.804845
2320 5.770912
2322 5.755456
2324 5.756436
2326 5.765279
2328 5.773089
2330 5.775674
2332 5.774450
2334 5.774667
2336 5.782885
2338 5.803457
2340 5.835022
2342 5.869417
2344 5.897391
2346 5.912330
2348 5.909282
2350 5.886207
2352 5.847839
2354 5.805879
2356 5.773035
2358 5.755565
2360 5.750694
2362 5.752708
2364 5.760327
2366 5.775756
2368 5.799049
2370 5.823865
2372 5.841689
2374 5.850288
2376 5.854478
2378 5.860519
2380 5.869553
2382 5.876792
2384 5.876084
2386 5.863567
2388 5.839131
2390 5.805416
2392 5.768735
2394 5.737877
2396 5.722748
2398 5.729741
2400 5.757116
2402 5.793878
2404 5.826587
2406 5.847186
2408 5.855077
2410 5.855948
2412 5.856546
2414 5.860057
2416 5.865254
2418 5.869472
2420 5.869880
2422 5.862370
2424 5.840873
2426 5.804192
2428 5.761878
2430 5.731646
2432 5.726040
2434 5.742531
2436 5.769334
2438 5.798586
2440 5.830206
2442 5.862859
2444 5.887159
2446 5.893853
2448 5.883758
2450 5.866206
2452 5.850179
2454 5.837961
2456 5.827566
2458 5.816818
2460 5.804954
2462 5.791157
2464 5.773606
2466 5.754504
2468 5.740871
2470 5.741497
2472 5.761007
2474 5.797879
2476 5.843757
2478 5.883948
2480 5.904547
2482 5.901962
2484 5.884629
2486 5.864111
2488 5.845308
2490 5.826913
2492 5.809716
2494 5.797688
2496 5.792110
2498 5.787293
2500 5.776382
2502 5.760844
2504 5.750993
2506 5.757388
2508 5.781089
2510 5.814369
2512 5.848029
2514 5.876710
2516 5.898506
2518 5.908738
2520 5.901146
2522 5.873744
2524 5.833526
2526 5.793525
2528 5.765116
2530 5.752436
2532 5.752354
2534 5.759837
2536 5.770558
2538 5.780327
2540 5.785933
2542 5.787321
2544 5.790287
2546 5.804654
2548 5.836111
2550 5.878560
2552 5.914262
2554 5.923922
2556 5.901989
2558 5.859812
2560 5.814940
2562 5.777824
2564 5.751946
2566 5.739374
2568 5.742721
2570 5.760925
2572 5.784599
2574 5.801062
2576 5.806178
2578 5.809226
2580 5.821661
2582 5.844410
2584 5.867186
2586 5.880411
2588 5.882560
2590 5.877118
2592 5.865581
2594 5.845499
2596 5.815539
2598 5.779456
2600 5.745415
2602 5.721659
2604 5.714938
2606 5.727945
2608 5.758068
2610 5.796953
2612 5.833362
2614 5.856900
2616 5.863757
2618 5.857689
2620 5.848056
2622 5.845009
2624 5.853199
2626 5.865989
2628 5.867621
2630 5.846124
2632 5.805661
2634 5.764572
2636 5.736762
2638 5.723129
2640 5.721088
2642 5.733578
2644 5.765062
2646 5.810287
2648 5.852628
2650 5.876982
2652 5.880982
2654 5.873336
2656 5.863567
2658 5.853526
2660 5.841417
2662 5.826396
2664 5.809607
2666 5.792300
2668 5.774586
2670 5.756789
2672 5.739292
2674 5.724707
2676 5.720081
2678 5.733170
2680 5.764926
2682 5.808545
2684 5.853961
2686 5.893989
2688 5.920765
2690 5.922969
2692 5.893663
2694 5.843757
2696 5.799375
2698 5.780627
2700 5.785198
2702 5.794069
2704 5.789960
2706 5.771919
2708 5.750939
2710 5.737496
2712 5.735592
2714 5.746476
2716 5.773388
2718 5.816899
2720 5.866887
2722 5.905010
2724 5.916711
2726 5.903051
2728 5.875485
2730 5.845009
2732 5.815593
2734 5.787974
2736 5.764109
2738 5.746884
2740 5.738639
2742 5.740490
2744 5.750721
2746 5.764000
2748 5.776790
2750 5.789688
2752 5.806532
2754 5.829281
2756 5.856111
2758 5.882043
2760 5.901554
2762 5.909146
2764 5.897744
2766 5.861417
2768 5.804273
2770 5.744898
2772 5.707401
2774 5.704680
2776 5.728789
2778 5.759946
2780 5.784137
2782 5.800573
2784 5.813607
2786 5.823838
2788 5.829389
2790 5.833743
2792 5.845553
2794 5.867268
2796 5.888275
2798 5.893282
2800 5.874669
2802 5.835784
2804 5.788463
2806 5.748163
2808 5.725496
2810 5.721142
2812 5.728952
2814 5.744136
2816 5.766422
2818 5.796164
2820 5.827920
2822 5.853009
2824 5.867757
2826 5.876003
2828 5.879894
2830 5.876465
2832 5.864410
2834 5.850587
2836 5.841063
2838 5.830287
2840 5.804573
2842 5.761823
2844 5.719346
2846 5.700081
2848 5.712897
2850 5.749143
2852 5.794613
2854 5.838560
2856 5.873036
2858 5.891758
2860 5.894370
2862 5.885200
2864 5.869771
2866 5.852573
2868 5.835022
2870 5.818260
2872 5.803158
2874 5.788246
2876 5.771266
2878 5.753143
2880 5.739156
2882 5.734612
2884 5.740326
2886 5.755728
2888 5.781470
2890 5.817797
2892 5.859730
2894 5.895078
2896 5.911024
2898 5.902969
2900 5.876247
2902 5.840682
2904 5.804681
2906 5.775075
2908 5.758123
2910 5.757170
2912 5.767021
2914 5.775701
2916 5.773769
2918 5.762531
2920 5.753905
2922 5.762177
2924 5.792518
2926 5.836900
2928 5.881254
2930 5.912738
2932 5.921772
2934 5.905173
2936 5.868628
2938 5.823376
2940 5.781334
2942 5.751293
2944 5.736190
2946 5.734313
2948 5.740707
2950 5.751456
2952 5.764436
2954 5.778912
2956 5.793661
2958 5.807430
2960 5.820736
2962 5.837090
2964 5.858859
2966 5.880846
2968 5.892547
2970 5.886533
2972 5.865254
2974 5.836083
2976 5.803348
2978 5.767864
2980 5.735401
2982 5.719020
2984 5.728734
2986 5.760871
2988 5.798042
2990 5.823811
2992 5.834233
2994 5.836165
2996 5.837852
2998 5.843920
3000 5.854941
3002 5.868030
3004 5.876846
3006 5.872628
3008 5.849471
3010 5.809770
3012 5.765279
3014 5.729007
3016 5.710122
3018 5.711183
3020 5.729741
3022 5.760408
3024 5.796273
3026 5.830151
3028 5.856193
3030 5.870887
3032 5.873690
3034 5.867458
3036 5.857662
3038 5.849635
3040 5.844410
3042 5.837390
3044 5.823185
3046 5.802532
3048 5.780518
3050 5.760082
3052 5.742150
3054 5.729306
3056 5.729768
3058 5.752272
3060 5.796981
3062 5.850505
3064 5.893227
3066 5.910479
3068 5.901391
3070 5.876710
3072 5.850342
3074 5.830396
3076 5.818151
3078 5.810641
3080 5.803647
3082 5.792600
3084 5.774504
3086 5.752463
3088 5.735428
3090 5.733687
3092 5.751374
3094 5.783647
3096 5.820518
3098 5.853417
3100 5.878860
3102 5.896112
3104 5.902724
3106 5.894370
3108 5.870669
3110 5.838614
3112 5.809035
3114 5.788164
3116 5.775728
3118 5.768354
3120 5.764735
3122 5.766205
3124 5.772817
3126 5.780409
3128 5.785008
3130 5.789661
3132 5.803838
3134 5.833036
3136 5.870805
3138 5.901690
3140 5.911840
3142 5.897391
3144 5.863213
3146 5.818859
3148 5.776082
3150 5.746177
3152 5.736163
3154 5.743755
3156 5.759402
3158 5.773416
3160 5.782722
3162 5.790395
3164 5.800273
3166 5.814995
3168 5.834804
3170 5.856900
3172 5.875812
3174 5.886261
3176 5.886288
3178 5.876465
3180 5.855812
3182 5.822587
3184 5.782150
3186 5.749225
3188 5.736435
3190 5.744163
3192 5.762477
3194 5.783076
3196 5.804355
3198 5.825961
3200 5.842614
3202 5.848927
3204 5.847349
3206 5.846614
3208 5.853363
3210 5.865744
3212 5.874288
3214 5.868819
3216 5.845580
3218 5.808219
3220 5.765443
3222 5.729279
3224 5.710421
3226 5.714612
3228 5.740463
3230 5.779729
3232 5.819620
3234 5.847839
3236 5.860193
3238 5.861580
3240 5.859812
3242 5.858506
3244 5.854342
3246 5.843920
3248 5.829308
3250 5.816627
3252 5.807675
3254 5.796518
3256 5.776871
3258 5.751755
3260 5.734149
3262 5.735265
3264 5.754749
3266 5.784164
3268 5.816355
3270 5.848029
3272 5.875458
3274 5.889853
3276 5.883077
3278 5.856927
3280 5.825199
3282 5.802450
3284 5.793906
3286 5.794913
3288 5.797062
3290 5.792844
3292 5.778858
3294 5.757061
3296 5.737061
3298 5.730585
3300 5.745088
3302 5.779674
3304 5.825607
3306 5.870451
3308 5.901500
3310 5.909255
3312 5.893418
3314 5.864029
3316 5.834723
3318 5.812110
3320 5.793525
3322 5.775375
3324 5.761252
3326 5.757143
3328 5.761823
3330 5.766722
3332 5.767919
3334 5.771756
3336 5.786640
3338 5.811729
3340 5.837281
3342 5.856710
3344 5.870996
3346 5.881363
3348 5.882533
3350 5.866370
3352 5.831621
3354 5.787375
3356 5.748762
3358 5.728843
3360 5.731728
3362 5.751347
3364 5.774422
3366 5.790205
3368 5.796219
3370 5.797879
3372 5.800246
3374 5.805607
3376 5.817933
3378 5.840764
3380 5.869118
3382 5.888030
3384 5.882887
3386 5.853934
3388 5.816110
3390 5.785307
3392 5.764735
3394 5.749007
3396 5.736462
3398 5.734204
3400 5.749987
3402 5.781280
3404 5.815348
3406 5.840709
3408 5.853417
3410 5.856057
3412 5.853390
3414 5.848709
3416 5.845281
3418 5.844954
3420 5.845662
3422 5.840791
3424 5.823539
3426 5.792736
3428 5.754395
3430 5.719455
3432 5.701196
3434 5.709904
3436 5.745497
3438 5.794831
3440 5.839458
3442 5.867186
3444 5.875431
3446 5.868356
3448 5.852111
3450 5.835321
3452 5.827158
3454 5.831022
3456 5.839104
3458 5.835566
3460 5.811484
3462 5.774368
3464 5.741578
3466 5.725387
3468 5.725578
3470 5.736599
3472 5.755646
3474 5.784409
3476 5.822342
3478 5.860438
3480 5.885581
3482 5.891023
3484 5.879159
3486 5.857417
3488 5.831512
3490 5.805334
3492 5.783565
3494 5.771211
3496 5.769252
3498 5.771946
3500 5.770586
3502 5.760572
3504 5.745823
3506 5.738476
3508 5.749687
3510 5.782423
3512 5.828464
3514 5.874261
3516 5.906153
3518 5.915867
3520 5.900738
3522 5.863921
3524 5.816736
3526 5.776899
3528 5.757606
3530 5.758803
3532 5.767973
3534 5.772681
3536 5.770395
3538 5.766558
3540 5.766259
3542 5.770776
3544 5.781144
3546 5.801090
3548 5.832219
3550 5.867376
3552 5.893091
3554 5.900030
3556 5.887186
3558 5.858233
3560 5.819022
3562 5.778749
3564 5.748082
3566 5.733360
3568 5.734313
3570 5.746204
3572 5.764055
3574 5.783429
3576 5.799294
3578 5.807702
3580 5.811076
3582 5.816736
3584 5.830451
3586 5.851757
3588 5.873989
3590 5.888084
3592 5.886261
3594 5.863921
3596 5.822831
3598 5.773007
3600 5.731238
3602 5.712652
3604 5.721088
3606 5.748109
3608 5.778069
3610 5.799783
3612 5.813117
3614 5.823593
3616 5.835267
3618 5.846696
3620 5.854315
3622 5.857308
3624 5.857907
3626 5.856492
3628 5.849744
3630 5.834913
3632 5.812382
3634 5.784627
3636 5.756327
3638 5.733061
3640 5.721632
3642 5.728598
3644 5.756191
3646 5.798287
3648 5.841145
3650 5.869934
3652 5.877445
3654 5.867621
3656 5.850533
3658 5.835349
3660 5.825580
3662 5.821852
3664 5.823321
3666 5.826233
3668 5.821852
3670 5.801389
3672 5.766885
3674 5.733388
3676 5.721115
3678 5.739020
3680 5.779293
3682 5.824246
3684 5.859540
3686 5.879676
3688 5.884955
3690 5.877499
3692 5.861553
3694 5.843158
3696 5.827838
3698 5.816110
3700 5.805253
3702 5.794423
3704 5.784463
3706 5.775484
3708 5.766422
3710 5.757878
3712 5.754449
3714 5.761306
3716 5.779674
3718 5.807267
3720 5.840709
3722 5.873880
3724 5.896520
3726 5.898397
3728 5.878016
3730 5.844655
3732 5.811484
3734 5.785960
3736 5.771592
3738 5.770694
3740 5.781661
3742 5.795674
3744 5.801144
3746 5.793715
3748 5.781688
3750 5.779212
3752 5.794477
3754 5.823865
3756 5.855594
3758 5.878288
3760 5.886479
3762 5.880873
3764 5.864683
3766 5.840900
3768 5.812790
3770 5.785198
3772 5.764517
3774 5.754640
3776 5.755783
3778 5.765905
3780 5.781171
3782 5.797253
3784 5.810804
3786 5.820791
3788 5.828655
3790 5.837662
3792 5.850941
3794 5.868220
3796 5.883703
3798 5.888302
3800 5.875349
3802 5.846043
3804 5.808409
3806 5.772490
3808 5.745986
3810 5.734721
3812 5.743565
3814 5.771402
3816 5.807430
3818 5.836219
3820 5.849417
3822 5.849852
3824 5.846669
3826 5.847675
3828 5.854478
3830 5.863485
3832 5.869635
3834 5.867567
3836 5.853580
3838 5.828110
3840 5.797171
3842 5.769932
3844 5.753470
3846 5.749850
3848 5.756626
3850 5.769715
3852 5.786858
3854 5.808028
3856 5.833145
3858 5.858206
3860 5.876084
3862 5.880737
3864 5.871758
3866 5.855893
3868 5.841934
3870 5.834614
3872 5.830478
3874 5.822042
3876 5.805688
3878 5.784654
3880 5.765307
3882 5.752599
3884 5.749878
3886 5.761415
3888 5.790722
3890 5.833362
3892 5.874968
3894 5.898751
3896 5.898017
3898 5.879894
3900 5.857526
3902 5.839947
3904 5.828002
3906 5.818450
3908 5.809226
3910 5.799947
3912 5.790450
3914 5.779973
3916 5.770123
3918 5.765579
3920 5.771184
3922 5.787865
3924 5.811212
3926 5.835131
3928 5.856900
3930 5.877254
3932 5.894588
3934 5.900520
3936 5.886561
3938 5.853852
3940 5.815593
3942 5.788273
3944 5.778994
3946 5.781769
3948 5.786014
3950 5.786205
3952 5.783729
3954 5.782286
3956 5.783974
3958 5.790477
3960 5.805525
3962 5.832519
3964 5.867349
3966 5.898180
3968 5.910833
3970 5.898289
3972 5.865689
3974 5.826695
3976 5.793688
3978 5.772055
3980 5.761225
3982 5.759211
3984 5.764354
3986 5.774831
3988 5.787810
3990 5.799702
3992 5.810722
3994 5.823321
3996 5.839185
3998 5.855540
4000 5.867132
4002 5.871649
4004 5.871132
4006 5.869472
4008 5.865499
4010 5.852138
4012 5.823022
4014 5.782286
4016 5.746449
4018 5.733143
4020 5.747075
4022 5.776980
4024 5.805770
4026 5.825389
4028 5.837335
4030 5.845090
4032 5.848818
4034 5.848410
4036 5.849580
4038 5.858342
4040 5.871458
4042 5.876166
4044 5.860546
4046 5.826423
4048 5.786069
4050 5.752272
4052 5.732136
4054 5.727836
4056 5.739048
4058 5.762858
4060 5.793525
4062 5.824328
4064 5.847485
4066 5.859757
4068 5.862560
4070 5.861036
4072 5.858642
4074 5.853363
4076 5.841961
4078 5.826206
4080 5.813117
4082 5.806124
4084 5.798640
4086 5.781252
4088 5.755238
4090 5.735047
4092 5.735401
4094 5.758966
4096 5.796872
4098 5.836328
4100 5.868492
4102 5.887676
4104 5.888547
4106 5.871730
4108 5.844573
4110 5.817552
4112 5.798423
4114 5.789770
4116 5.788654
4118 5.788436
4120 5.782531
4122 5.769007
4124 5.752653
4126 5.742122
4128 5.744925
4130 5.763402
4132 5.794913
4134 5.832083
4136 5.865771
4138 5.886642
4140 5.889146
4142 5.874887
4144 5.850778
4146 5.824192
4148 5.798287
4150 5.773633
4152 5.753361
4154 5.745986
4156 5.758667
4158 5.785307
4160 5.805743
4162 5.803402
4164 5.783756
4166 5.771048
4168 5.783484
4170 5.818859
4172 5.861172
4174 5.892901
4176 5.904901
4178 5.891948
4180 5.853689
4182 5.798450
4184 5.744844
4186 5.711020
4188 5.705414
4190 5.724217
4192 5.754612
4194 5.780871
4196 5.793851
4198 5.795538
4200 5.795674
4202 5.801579
4204 5.814042
4206 5.831838
4208 5.853771
4210 5.874860
4212 5.884547
4214 5.871758
4216 5.837090
4218 5.794722
4220 5.760381
4222 5.737388
4224 5.720952
4226 5.710965
4228 5.716979
4230 5.745796
4232 5.789552
4234 5.827376
4236 5.844818
4238 5.844029
4240 5.837172
4242 5.832600
4244 5.832029
4246 5.836165
4248 5.844029
4250 5.849118
4252 5.839947
4254 5.809117
4256 5.761878
4258 5.713333
4260 5.680026
4262 5.675019
4264 5.703237
4266 5.756463
4268 5.813525
4270 5.853580
4272 5.871104
4274 5.874560
4276 5.871948
4278 5.862642
4280 5.846696
4282 5.831457
4284 5.823621
4286 5.819729
4288 5.808600
4290 5.783756
4292 5.752789
4294 5.729469
4296 5.720462
4298 5.722476
4300 5.732163
4302 5.754014
4304 5.793008
4306 5.843349
4308 5.887241
4310 5.907268
4312 5.897663
4314 5.865091
4316 5.823267
4318 5.786695
4320 5.764381
4322 5.758068
4324 5.762449
4326 5.768191
4328 5.766749
4330 5.755619
4332 5.739347
4334 5.726775
4336 5.728435
4338 5.751674
4340 5.794259
4342 5.843322
4344 5.884084
4346 5.906588
4348 5.907024
4350 5.885853
4352 5.848029
4354 5.804001
4356 5.768762
4358 5.751946
4360 5.749606
4362 5.750177
4364 5.746884
4366 5.743810
4368 5.749252
4370 5.765769
4372 5.787130
4374 5.806967
4376 5.824246
4378 5.841852
4380 5.861635
4382 5.881091
4384 5.893064
4386 5.888166
4388 5.860138
4390 5.811239
4392 5.756163
4394 5.713659
4396 5.698557
4398 5.712135
4400 5.744109
4402 5.778967
4404 5.803838
4406 5.811892
4408 5.806287
4410 5.799321
4412 5.804600
4414 5.826668
4416 5.857118
4418 5.880520
4420 5.886207
4422 5.873390
4424 5.844492
4426 5.801851
4428 5.753361
4430 5.714584
4432 5.701904
4434 5.717251
4436 5.748000
4438 5.779456
4440 5.806015
4442 5.828872
4444 5.848220
4446 5.859757
4448 5.860682
4450 5.855295
4452 5.850859
4454 5.849852
4456 5.848573
4458 5.841417
4460 5.824655
4462 5.798341
4464 5.765279
4466 5.732680
4468 5.709986
4470 5.705877
4472 5.725115
4474 5.765579
4476 5.815593
4478 5.857118
4480 5.875377
4482 5.869907
4484 5.853662
4486 5.840519
4488 5.835512
4490 5.835049
4492 5.834505
4494 5.831512
4496 5.823430
4498 5.806096
4500 5.779184
4502 5.752055
4504 5.737605
4506 5.744000
4508 5.768028
4510 5.798777
4512 5.826913
4514 5.850233
4516 5.869390
4518 5.882887
4520 5.886016
4522 5.874832
4524 5.849907
4526 5.818859
4528 5.792055
4530 5.776763
4532 5.773688
4534 5.777035
4536 5.779484
4538 5.775402
4540 5.765715
4542 5.758803
4544 5.764735
4546 5.788599
4548 5.827376
4550 5.870370
4552 5.902398
4554 5.911377
4556 5.893935
4558 5.859077
4560 5.822587
4562 5.797062
4564 5.783048
4566 5.775348
4568 5.771783
4570 5.774205
4572 5.781769
4574 5.788191
4576 5.789225
4578 5.789525
4580 5.798804
4582 5.821308
4584 5.850451
4586 5.874533
4588 5.886615
4590 5.886996
4592 5.878179
4594 5.860492
4596 5.834233
4598 5.803158
4600 5.774096
4602 5.754585
4604 5.747565
4606 5.752925
4608 5.768273
4610 5.790123
4612 5.813471
4614 5.832464
4616 5.842641
4618 5.844737
4620 5.844982
4622 5.851240
4624 5.865390
4626 5.880438
4628 5.883214
4630 5.865308
4632 5.831648
4634 5.795130
4636 5.766858
4638 5.750504
4640 5.746993
4642 5.758014
4644 5.782885
4646 5.814423
4648 5.841145
4650 5.855376
4652 5.858941
4654 5.859757
4656 5.863458
4658 5.868220
4660 5.868601
4662 5.861553
4664 5.847975
4666 5.830777
4668 5.810967
4670 5.788518
4672 5.765116
4674 5.745143
4676 5.735782
4678 5.742721
4680 5.767266
4682 5.804709
4684 5.844492
4686 5.875594
4688 5.890642
4690 5.888248
4692 5.872547
4694 5.850941
4696 5.833281
4698 5.826124
4700 5.827702
4702 5.828056
4704 5.816491
4706 5.792219
4708 5.766096
4710 5.751102
4712 5.752218
4714 5.766640
4716 5.790831
4718 5.823321
4720 5.859512
4722 5.888384
4724 5.899159
4726 5.891567
4728 5.874696
4730 5.858261
4732 5.844764
4734 5.830097
4736 5.811756
4738 5.792273
4740 5.776980
4742 5.768436
4744 5.765034
4746 5.764545
4748 5.767320
4750 5.777143
4752 5.797307
4754 5.826396
4756 5.858832
4758 5.887758
4760 5.908030
4762 5.915241
4764 5.904520
4766 5.874315
4768 5.830287
4770 5.788327
4772 5.764953
4774 5.765252
4776 5.778858
4778 5.789225
4780 5.788790
4782 5.783429
4784 5.783076
4786 5.792436
4788 5.810015
4790 5.834151
4792 5.862778
4794 5.889064
4796 5.903676
4798 5.899268
4800 5.877064
4802 5.845199
4804 5.813144
4806 5.786423
4808 5.766939
4810 5.755129
4812 5.750939
4814 5.754830
4816 5.767375
4818 5.786831
4820 5.807158
4822 5.822913
4824 5.833389
4826 5.844709
4828 5.861063
4830 5.879159
4832 5.891105
4834 5.891459
4836 5.880574
4838 5.859322
4840 5.826423
4842 5.783239
4844 5.742204
4846 5.721278
4848 5.729932
4850 5.760599
4852 5.795321
4854 5.818940
4856 5.831512
4858 5.841390
4860 5.853689
4862 5.865472
4864 5.871703
4866 5.873064
4868 5.871812
4870 5.866261
4872 5.851322
4874 5.825553
4876 5.793742
4878 5.764082
4880 5.742748
4882 5.732299
4884 5.733796
4886 5.748082
4888 5.774368
4890 5.808845
4892 5.844873
4894 5.872057
4896 5.883594
4898 5.879567
4900 5.867295
4902 5.853907
4904 5.841635
4906 5.829553
4908 5.817933
4910 5.809171
4912 5.802396
4914 5.790586
4916 5.766558
4918 5.735374
4920 5.717278
4922 5.732653
4924 5.781661
4926 5.842995
4928 5.890180
4930 5.909717
4932 5.903676
4934 5.880710
4936 5.850669
4938 5.822614
4940 5.803348
4942 5.793498
4944 5.787919
4946 5.780763
4948 5.768980
4950 5.754694
4952 5.742857
4954 5.740272
4956 5.752544
4958 5.777878
4960 5.808763
4962 5.838995
4964 5.866968
4966 5.892683
4968 5.909255
4970 5.905799
4972 5.878207
4974 5.837063
4976 5.798559
4978 5.771048
4980 5.752953
4982 5.743075
4984 5.746286
4986 5.764626
4988 5.786341
4990 5.794232
4992 5.784681
4994 5.774422
4996 5.785878
4998 5.825036
5000 5.875159
5002 5.911785
5004 5.919269
5006 5.898370
5008 5.857907
5010 5.808328
5012 5.759973
5014 5.724843
5016 5.711482
5018 5.719129
5020 5.738313
5022 5.758721
5024 5.774531
5026 5.787565
5028 5.801797
5030 5.819729
5032 5.840111
5034 5.857635
5036 5.868166
5038 5.872465
5040 5.873826
5042 5.869445
5044 5.850206
5046 5.813253
5048 5.767892
5050 5.729251
5052 5.705659
5054 5.697196
5056 5.704190
5058 5.731864
5060 5.782123
5062 5.841090
5064 5.882016
5066 5.888982
5068 5.871513
5070 5.852682
5072 5.847784
5074 5.854478
5076 5.860982
5078 5.856220
5080 5.833716
5082 5.793117
5084 5.744762
5086 5.706775
5088 5.691346
5090 5.698503
5092 5.722040
5094 5.757851
5096 5.802994
5098 5.848900
5100 5.883050
5102 5.899105
5104 5.900738
5106 5.893173
5108 5.876329
5110 5.849118
5112 5.818069
5114 5.795674
5116 5.786096
5118 5.778531
5120 5.761062
5122 5.737007
5124 5.720816
5126 5.721850
5128 5.735837
5130 5.756109
5132 5.787402
5134 5.836628
5136 5.894506
5138 5.934970
5140 5.937527
5142 5.905391
5144 5.857580
5146 5.812981
5148 5.779783
5150 5.759538
5152 5.751701
5154 5.751048
5156 5.748898
5158 5.740326
5160 5.730258
5162 5.729115
5164 5.743293
5166 5.773116
5168 5.814586
5170 5.860138
5172 5.898670
5174 5.920221
5176 5.920820
5178 5.903785
5180 5.872819
5182 5.828491
5184 5.774041
5186 5.725823
5188 5.703727
5190 5.712598
5192 5.737333
5194 5.760028
5196 5.775266
5198 5.787239
5200 5.798151
5202 5.808001
5204 5.820872
5206 5.844410
5208 5.880030
5210 5.915786
5212 5.930589
5214 5.912493
5216 5.867295
5218 5.811294
5220 5.759538
5222 5.723374
5224 5.707673
5226 5.712870
5228 5.732952
5230 5.757497
5232 5.777524
5234 5.791157
5236 5.801824
5238 5.814641
5240 5.832736
5242 5.856165
5244 5.879513
5246 5.891540
5248 5.883513
5250 5.858669
5252 5.829117
5254 5.800790
5256 5.771266
5258 5.739102
5260 5.713088
5262 5.708135
5264 5.729605
5266 5.767946
5268 5.807784
5270 5.841172
5272 5.867322
5274 5.884520
5276 5.885445
5278 5.868138
5280 5.843294
5282 5.827838
5284 5.827811
5286 5.833934
5288 5.829553
5290 5.805797
5292 5.767946
5294 5.728707
5296 5.702584
5298 5.699999
5300 5.723510
5302 5.766041
5304 5.814559
5306 5.854886
5308 5.878098
5310 5.882424
5312 5.873390
5314 5.860302
5316 5.851240
5318 5.845199
5320 5.833226
5322 5.810641
5324 5.783756
5326 5.765170
5328 5.759538
5330 5.758286
5332 5.752490
5334 5.746204
5336 5.752844
5338 5.780246
5340 5.822124
5342 5.864683
5344 5.897309
5346 5.912738
5348 5.907160
5350 5.881200
5352 5.843158
5354 5.804491
5356 5.776490
5358 5.764028
5360 5.764490
5362 5.769824
5364 5.772436
5366 5.769932
5368 5.766504
5370 5.768626
5372 5.781062
5374 5.803756
5376 5.834124
5378 5.867295
5380 5.895622
5382 5.909200
5384 5.900629
5386 5.870451
5388 5.829008
5390 5.791049
5392 5.766177
5394 5.752680
5396 5.745959
5398 5.745905
5400 5.757034
5402 5.780001
5404 5.805824
5406 5.822614
5408 5.827729
5410 5.830505
5412 5.841335
5414 5.860900
5416 5.880601
5418 5.891323
5420 5.888765
5422 5.871676
5424 5.839458
5426 5.795947
5428 5.752055
5430 5.722993
5432 5.718966
5434 5.738884
5436 5.772518
5438 5.806559
5440 5.830369
5442 5.840682
5444 5.841662
5446 5.841988
5448 5.847703
5450 5.859376
5452 5.872302
5454 5.879758
5456 5.875349
5458 5.854723
5460 5.819348
5462 5.779103
5464 5.747701
5466 5.735401
5468 5.741360
5470 5.757415
5472 5.778341
5474 5.804926
5476 5.837689
5478 5.869281
5480 5.888057
5482 5.888846
5484 5.877717
5486 5.865744
5488 5.857390
5490 5.849662
5492 5.838097
5494 5.821607
5496 5.801525
5498 5.778395
5500 5.753497
5502 5.732354
5504 5.723673
5506 5.734721
5508 5.766368
5510 5.811239
5512 5.856247
5514 5.888220
5516 5.900847
5518 5.895867
5520 5.879404
5522 5.857880
5524 5.836029
5526 5.818178
5528 5.807430
5530 5.802287
5532 5.795783
5534 5.781171
5536 5.761062
5538 5.747918
5540 5.753225
5542 5.776137
5544 5.805144
5546 5.832219
5548 5.858233
5550 5.885744
5552 5.909364
5554 5.916711
5556 5.900547
5558 5.866696
5560 5.828709
5562 5.796600
5564 5.772926
5566 5.758395
5568 5.754340
5570 5.759592
5572 5.768463
5574 5.773878
5576 5.774967
5578 5.778069
5580 5.792191
5582 5.822070
5584 5.862832
5586 5.901717
5588 5.922942
5590 5.917473
5592 5.888356
5594 5.848437
5596 5.810614
5598 5.781198
5600 5.761987
5602 5.754123
5604 5.757361
5606 5.766912
5608 5.775620
5610 5.780763
5612 5.787674
5614 5.803620
5616 5.829063
5618 5.854750
5620 5.871975
5622 5.881662
5624 5.889254
5626 5.893935
5628 5.886914
5630 5.861200
5632 5.820056
5634 5.774776
5636 5.737469
5638 5.716489
5640 5.716734
5642 5.737769
5644 5.771402
5646 5.805688
5648 5.830859
5650 5.843131
5652 5.844546
5654 5.841117
5656 5.842587
5658 5.855648
5660 5.875159
5662 5.885173
5664 5.871567
5666 5.836736
5668 5.795566
5670 5.761034
5672 5.736735
5674 5.723755
5676 5.728163
5678 5.755347
5680 5.798069
5682 5.837634
5684 5.858914
5686 5.864274
5688 5.866070
5690 5.869717
5692 5.870996
5694 5.864927
5696 5.853662
5698 5.841825
5700 5.829716
5702 5.812518
5704 5.787184
5706 5.756735
5708 5.728870
5710 5.712326
5712 5.713605
5714 5.734857
5716 5.773279
5718 5.820001
5720 5.862941
5722 5.891622
5724 5.899078
5726 5.885499
5728 5.858206
5730 5.830124
5732 5.813362
5734 5.810804
5736 5.812763
5738 5.806096
5740 5.786640
5742 5.761960
5744 5.742857
5746 5.734911
5748 5.739347
5750 5.758667
5752 5.795511
5754 5.842532
5756 5.882288
5758 5.898724
5760 5.890370
5762 5.868247
5764 5.843512
5766 5.819348
5768 5.795702
5770 5.774831
5772 5.760191
5774 5.752653
5776 5.750095
5778 5.751755
5780 5.758340
5782 5.768028
5784 5.777116
5786 5.786722
5788 5.802423
5790 5.827212
5792 5.858016
5794 5.886914
5796 5.906044
5798 5.905581
5800 5.877771
5802 5.825389
5804 5.766640
5806 5.725578
5808 5.714421
5810 5.726993
5812 5.748653
5814 5.768844
5816 5.785797
5818 5.799402
5820 5.806695
5822 5.808573
5824 5.815512
5826 5.838532
5828 5.872519
5830 5.897200
5832 5.895595
5834 5.867404
5836 5.826396
5838 5.785171
5840 5.749714
5842 5.723156
5844 5.709033
5846 5.709169
5848 5.722231
5850 5.746122
5852 5.779048
5854 5.814831
5856 5.843811
5858 5.858097
5860 5.857907
5862 5.850832
5864 5.844464
5866 5.842968
5868 5.846968
5870 5.851920
5872 5.846260
5874 5.817008
5876 5.765987
5878 5.713088
5880 5.683400
5882 5.688516
5884 5.720489
5886 5.763456
5888 5.806994
5890 5.847730
5892 5.880901
5894 5.895568
5896 5.886724
5898 5.863540
5900 5.842097
5902 5.830968
5904 5.824736
5906 5.812355
5908 5.789525
5910 5.763130
5912 5.741497
5914 5.726394
5916 5.717551
5918 5.717170
5920 5.728517
5922 5.753687
5924 5.791457
5926 5.836437
5928 5.878207
5930 5.904221
5932 5.906370
5934 5.886044
5936 5.853036
5938 5.817063
5940 5.785389
5942 5.766232
5944 5.765307
5946 5.774667
5948 5.773796
5950 5.749606
5952 5.713986
5954 5.695591
5956 5.711972
5958 5.757034
5960 5.812654
5962 5.865798
5964 5.909473
5966 5.935677
5968 5.933119
5970 5.899241
5972 5.849063
5974 5.804709
5976 5.777769
5978 5.762830
5980 5.749823
5982 5.736735
5984 5.728789
5986 5.730177
5988 5.739701
5990 5.755211
5992 5.776327
5994 5.801253
5996 5.825797
5998 5.847703
6000 5.868166
6002 5.886152
6004 5.893527
6006 5.881336
6008 5.849444
6010 5.806994
6012 5.764000
6014 5.727238
6016 5.705360
6018 5.707319
6020 5.733360
6022 5.769334
6024 5.795647
6026 5.804491
6028 5.805770
6030 5.814205
6032 5.832383
6034 5.852329
6036 5.868519
6038 5.881472
6040 5.889608
6042 5.882642
6044 5.851077
6046 5.800246
6048 5.748191
6050 5.712925
6052 5.701795
6054 5.710530
6056 5.731319
6058 5.757116
6060 5.784001
6062 5.810042
6064 5.833063
6066 5.849961
6068 5.858696
6070 5.860465
6072 5.858778
6074 5.854642
6076 5.845743
6078 5.830696
6080 5.812192
6082 5.794259
6084 5.775756
6086 5.752408
6088 5.725224
6090 5.707564
6092 5.718312
6094 5.762885
6096 5.823267
6098 5.870315
6100 5.887078
6102 5.879241
6104 5.862805
6106 5.848192
6108 5.837253
6110 5.830260
6112 5.828546
6114 5.827485
6116 5.816328
6118 5.788491
6120 5.752490
6122 5.727374
6124 5.723455
6126 5.737279
6128 5.759347
6130 5.784708
6132 5.813117
6134 5.843648
6136 5.870805
6138 5.888003
6140 5.890724
6142 5.877281
6144 5.849363
6146 5.815457
6148 5.786613
6150 5.769034
6152 5.762422
6154 5.763320
6156 5.770722
6158 5.780654
6160 5.784164
6162 5.776681
6164 5.766885
6166 5.773225
6168 5.807593
6170 5.860764
6172 5.905609
6174 5.919595
6176 5.900329
6178 5.862315
6180 5.821634
6182 5.787729
6184 5.765062
6186 5.758014
6188 5.765715
6190 5.778912
6192 5.787021
6194 5.786504
6196 5.782341
6198 5.783429
6200 5.796464
6202 5.820736
6204 5.847567
6206 5.867649
6208 5.877717
6210 5.879295
6212 5.874179
6214 5.858560
6216 5.828736
6218 5.789742
6220 5.755891
6222 5.739728
6224 5.741088
6226 5.752272
6228 5.768354
6230 5.791049
6232 5.820165
6234 5.845934
6236 5.855648
6238 5.848383
6240 5.840138
6242 5.847948
6244 5.870397
6246 5.888982
6248 5.886288
6250 5.860274
6252 5.822940
6254 5.786287
6256 5.756517
6258 5.737360
6260 5.733469
6262 5.747048
6264 5.773007
6266 5.801634
6268 5.825525
6270 5.842532
6272 5.853662
6274 5.859240
6276 5.859512
6278 5.855458
6280 5.849199
6282 5.842206
6284 5.834478
6286 5.825607
6288 5.813199
6290 5.793443
6292 5.767048
6294 5.743429
6296 5.736299
6298 5.751048
6300 5.780545
6302 5.814532
6304 5.848682
6306 5.882370
6308 5.908656
6310 5.913990
6312 5.892765
6314 5.856818
6316 5.827702
6318 5.816927
6320 5.818205
6322 5.817171
6324 5.804273
6326 5.780871
6328 5.754721
6330 5.735292
6332 5.730585
6334 5.744054
6336 5.774939
6338 5.816491
6340 5.857662
6342 5.886969
6344 5.897500
6346 5.890724
6348 5.874588
6350 5.857308
6352 5.840981
6354 5.821906
6356 5.799185
6358 5.779048
6360 5.769307
6362 5.771075
6364 5.776382
6366 5.777252
6368 5.774858
6370 5.778667
6372 5.794858
6374 5.819049
6376 5.844029
6378 5.868846
6380 5.894860
6382 5.914098
6384 5.909636
6386 5.873690
6388 5.819893
6390 5.773388
6392 5.750694
6394 5.750857
6396 5.763565
6398 5.777851
6400 5.786477
6402 5.787457
6404 5.784191
6406 5.784627
6408 5.796028
6410 5.820573
6412 5.853471
6414 5.884112
6416 5.901336
6418 5.897445
6420 5.873118
6422 5.838043
6424 5.804219
6426 5.778504
6428 5.760898
6430 5.748626
6432 5.743129
6434 5.749687
6436 5.770395
6438 5.797715
6440 5.819131
6442 5.830042
6444 5.836682
6446 5.846805
6448 5.859213
6450 5.868274
6452 5.873553
6454 5.877309
6456 5.876247
6458 5.859703
6460 5.821199
6462 5.769415
6464 5.724517
6466 5.704407
6468 5.714067
6470 5.745116
6472 5.782994
6474 5.814178
6476 5.831702
6478 5.836764
6480 5.835893
6482 5.835730
6484 5.838832
6486 5.845798
6488 5.854859
6490 5.860220
6492 5.854560
6494 5.833253
6496 5.801470
6498 5.772381
6500 5.756517
6502 5.752245
6504 5.752163
6506 5.758041
6508 5.778695
6510 5.815512
6512 5.854914
6514 5.878452
6516 5.880628
6518 5.870887
6520 5.859322
6522 5.847648
6524 5.834151
6526 5.822015
6528 5.815321
6530 5.811294
6532 5.801280
6534 5.780545
6536 5.755510
6538 5.737143
6540 5.732925
6542 5.745959
6544 5.776109
6546 5.818178
6548 5.859322
6550 5.884819
6552 5.888302
6554 5.873826
6556 5.850369
6558 5.825417
6560 5.804872
6562 5.794042
6564 5.794668
6566 5.799348
6568 5.796382
6570 5.782069
6572 5.766232
6574 5.760136
6576 5.765878
6578 5.777824
6580 5.792763
6582 5.814233
6584 5.844138
6586 5.874642
6588 5.891214
6590 5.885853
6592 5.862778
6594 5.831403
6596 5.799185
6598 5.770830
6600 5.752953
6602 5.751592
6604 5.764817
6606 5.782586
6608 5.793661
6610 5.793851
6612 5.787157
6614 5.782531
6616 5.789715
6618 5.813525
6620 5.849390
6622 5.883594
6624 5.899159
6626 5.888057
6628 5.855077
6630 5.812137
6632 5.770449
6634 5.740463
6636 5.731265
6638 5.743728
6640 5.765851
6642 5.782613
6644 5.790504
6646 5.799511
6648 5.816654
6650 5.835240
6652 5.844029
6654 5.842614
6656 5.841988
6658 5.848628
6660 5.856002
6662 5.853934
6664 5.839594
6666 5.816981
6668 5.788300
6670 5.754123
6672 5.722095
6674 5.706802
6676 5.719210
6678 5.756136
6680 5.801634
6682 5.838750
6684 5.857526
6686 5.858043
6688 5.846696
6690 5.833417
6692 5.828437
6694 5.835349
6696 5.847485
6698 5.851839
6700 5.838913
6702 5.809253
6704 5.770205
6706 5.732653
6708 5.709496
6710 5.711401
6712 5.739347
6714 5.780246
6716 5.816709
6718 5.840791
6720 5.856955
6722 5.870615
6724 5.878043
6726 5.872547
6728 5.854315
6730 5.831485
6732 5.813008
6734 5.800627
6736 5.791484
6738 5.782912
6740 5.773824
6742 5.761987
6744 5.746422
6746 5.733115
6748 5.732136
6750 5.750123
6752 5.786368
6754 5.833090
6756 5.876928
6758 5.902398
6760 5.900166
6762 5.873989
6764 5.839022
6766 5.811457
6768 5.796572
6770 5.788518
6772 5.780599
6774 5.771674
6776 5.763701
6778 5.755211
6780 5.744463
6782 5.738993
6784 5.752327
6786 5.788463
6788 5.833008
6790 5.865662
6792 5.879785
6794 5.885118
6796 5.890833
6798 5.890207
6800 5.870996
6802 5.833580
6804 5.791838
6806 5.760817
6808 5.745143
6810 5.741252
6812 5.746204
6814 5.758476
6816 5.773742
6818 5.785035
6820 5.789606
6822 5.793361
6824 5.805117
6826 5.828437
6828 5.858533
6830 5.885935
6832 5.900629
6834 5.894452
6836 5.865172
6838 5.820083
6840 5.774014
6842 5.740762
6844 5.726585
6846 5.731047
6848 5.750123
6850 5.776899
6852 5.799947
6854 5.809607
6856 5.808845
6858 5.811321
6860 5.828437
6862 5.857145
6864 5.882506
6866 5.891622
6868 5.883567
6870 5.865227
6872 5.841934
6874 5.814097
6876 5.783484
6878 5.756136
6880 5.738966
6882 5.734394
6884 5.740898
6886 5.757905
6888 5.784300
6890 5.814804
6892 5.840818
6894 5.855431
6896 5.856655
6898 5.847648
6900 5.836328
6902 5.832083
6904 5.838478
6906 5.848682
6908 5.848029
6910 5.826804
6912 5.790885
6914 5.755402
6916 5.733088
6918 5.727619
6920 5.739701
6922 5.770422
6924 5.813797
6926 5.853689
6928 5.872601
6930 5.868329
6932 5.855485
6934 5.848818
6936 5.849880
6938 5.848329
6940 5.837117
6942 5.820573
6944 5.806532
6946 5.795919
6948 5.782831
6950 5.765415
6952 5.750803
6954 5.748626
6956 5.762531
6958 5.787838
6960 5.818314
6962 5.849880
6964 5.877499
6966 5.893037
6968 5.888629
6970 5.864410
6972 5.830342
6974 5.800083
6976 5.783320
6978 5.782014
6980 5.790450
6982 5.797634
6984 5.793498
6986 5.778858
6988 5.763919
6990 5.759157
6992 5.768109
6994 5.788409
6996 5.818450
6998 5.855023
7000 5.886724
7002 5.897744
7004 5.882343
7006 5.852682
7008 5.826478
7010 5.811375
7012 5.801280
7014 5.787865
7016 5.773035
7018 5.765307
7020 5.768926
7022 5.779593
7024 5.790450
7026 5.798913
7028 5.805988
7030 5.813852
7032 5.824573
7034 5.838832
7036 5.855431
7038 5.869608
7040 5.874343
7042 5.863975
7044 5.836628
7046 5.796164
7048 5.753034
7050 5.724054
7052 5.722557
7054 5.746748
7056 5.780871
7058 5.806695
7060 5.818913
7062 5.825471
7064 5.833662
7066 5.842043
7068 5.847213
7070 5.853880
7072 5.868492
7074 5.885309
7076 5.888302
7078 5.866179
7080 5.824736
7082 5.781606
7084 5.751048
7086 5.734748
7088 5.729279
7090 5.734830
7092 5.753687
7094 5.781742
7096 5.810369
7098 5.833117
7100 5.848111
7102 5.855757
7104 5.856574
7106 5.852764
7108 5.846505
7110 5.839376
7112 5.831267
7114 5.820763
7116 5.808219
7118 5.793198
7120 5.773524
7122 5.749823
7124 5.730939
7126 5.732381
7128 5.761796
7130 5.808818
7132 5.852247
7134 5.876547
7136 5.882697
7138 5.878179
7140 5.865825
7142 5.845961
7144 5.824981
7146 5.814069
7148 5.815566
7150 5.817552
7152 5.805117
7154 5.776980
7156 5.747429
7158 5.730911
7160 5.731646
7162 5.746231
7164 5.769769
7166 5.799919
7168 5.832736
7170 5.862533
7172 5.884248
7174 5.893853
7176 5.888846
7178 5.868411
7180 5.836981
7182 5.802940
7184 5.774177
7186 5.754857
7188 5.746966
7190 5.751374
7192 5.763973
7194 5.772300
7196 5.767048
7198 5.755157
7200 5.758150
7202 5.789987
7204 5.840056
7206 5.885472
7208 5.910479
7210 5.913092
7212 5.896112
7214 5.861009
7216 5.814586
7218 5.773361
7220 5.753551
7222 5.756735
7224 5.768490
7226 5.773198
7228 5.767320
7230 5.758476
7232 5.756136
7234 5.764790
7236 5.785198
7238 5.814804
7240 5.846805
7242 5.871812
7244 5.883077
7246 5.882288
7248 5.873717
7250 5.858097
7252 5.832927
7254 5.798586
7256 5.762014
7258 5.731864
7260 5.714938
7262 5.716789
7264 5.740843
7266 5.781525
7268 5.819729
7270 5.836219
7272 5.830641
7274 5.822967
7276 5.832002
7278 5.857199
7280 5.881118
7282 5.888030
7284 5.874451
7286 5.846206
7288 5.808627
7290 5.766722
7292 5.729360
7294 5.708652
7296 5.711129
7298 5.732299
7300 5.761361
7302 5.789062
7304 5.810069
7306 5.824573
7308 5.834995
7310 5.842696
7312 5.846669
7314 5.845879
7316 5.841498
7318 5.836546
7320 5.832981
7322 5.828219
7324 5.815185
7326 5.790151
7328 5.759973
7330 5.736952
7332 5.727156
7334 5.730313
7336 5.747837
7338 5.783620
7340 5.833226
7342 5.877581
7344 5.893255
7346 5.876628
7348 5.847648
7350 5.828519
7352 5.823593
7354 5.822668
7356 5.818260
7358 5.810396
7360 5.798804
7362 5.779157
7364 5.751157
7366 5.726313
7368 5.718585
7370 5.733850
7372 5.766585
7374 5.806205
7376 5.843675
7378 5.870696
7380 5.880574
7382 5.873036
7384 5.855893
7386 5.836954
7388 5.816954
7390 5.793225
7392 5.769688
7394 5.755320
7396 5.754803
7398 5.762041
7400 5.768245
7402 5.771103
7404 5.773116
7406 5.776545
7408 5.781851
7410 5.793171
7412 5.818750
7414 5.858968
7416 5.897309
7418 5.909064
7420 5.883132
7422 5.832764
7424 5.781579
7426 5.745823
7428 5.728979
7430 5.729279
7432 5.743537
7434 5.764653
7436 5.782613
7438 5.789715
7440 5.787103
7442 5.784409
7444 5.790885
7446 5.809852
7448 5.837308
7450 5.863621
7452 5.877363
7454 5.872247
7456 5.850342
7458 5.818695
7460 5.784246
7462 5.752027
7464 5.726258
7466 5.713931
7468 5.719972
7470 5.741415
7472 5.768762
7474 5.794368
7476 5.817444
7478 5.838124
7480 5.851050
7482 5.850451
7484 5.840492
7486 5.835321
7488 5.844709
7490 5.860492
7492 5.863512
7494 5.841444
7496 5.799620
7498 5.754177
7500 5.719074
7502 5.702584
7504 5.709251
7506 5.741687
7508 5.790967
7510 5.836628
7512 5.860274
7514 5.860819
7516 5.850941
7518 5.842723
7520 5.838995
7522 5.837362
7524 5.833798
7526 5.824138
7528 5.805198
7530 5.780327
7532 5.758721
7534 5.745170
7536 5.736898
7538 5.730476
7540 5.730503
7542 5.746286
7544 5.779048
7546 5.818886
7548 5.854778
7550 5.882833
7552 5.901391
7554 5.903785
7556 5.883322
7558 5.844791
7560 5.806423
7562 5.786559
7564 5.786613
7566 5.792436
7568 5.788409
7570 5.771320
7572 5.750231
7574 5.734993
7576 5.733605
7578 5.751184
7580 5.788382
7582 5.837553
7584 5.884057
7586 5.912357
7588 5.914942
7590 5.894533
7592 5.861444
7594 5.826668
7596 5.799702
7598 5.782259
7600 5.769606
7602 5.758286
7604 5.750966
7606 5.752572
7608 5.761443
7610 5.770586
7612 5.777661
7614 5.789688
7616 5.814505
7618 5.848818
7620 5.879186
7622 5.895948
7624 5.900357
7626 5.897064
7628 5.883486
7630 5.853526
7632 5.810532
7634 5.768654
7636 5.744925
7638 5.744109
7640 5.757252
7642 5.772300
7644 5.783348
7646 5.790804
7648 5.796028
7650 5.802042
7652 5.813688
7654 5.834179
7656 5.860900
7658 5.885118
7660 5.897363
7662 5.892030
7664 5.868737
7666 5.832628
7668 5.793334
7670 5.762014
7672 5.745905
7674 5.743510
7676 5.750041
7678 5.763592
7680 5.786776
7682 5.816709
7684 5.842968
7686 5.856329
7688 5.858478
7690 5.860193
7692 5.867975
7694 5.876710
7696 5.877227
7698 5.866996
7700 5.850968
7702 5.832301
7704 5.806913
7706 5.773606
7708 5.741524
7710 5.726340
7712 5.736979
7714 5.767810
7716 5.805824
7718 5.838260
7720 5.857662
7722 5.862506
7724 5.856955
7726 5.848709
7728 5.845172
7730 5.848628
7732 5.855839
7734 5.859540
7736 5.851866
7738 5.827784
7740 5.791266
7742 5.756953
7744 5.739837
7746 5.744952
7748 5.764191
7750 5.787103
7752 5.810641
7754 5.836573
7756 5.863132
7758 5.881390
7760 5.883839
7762 5.873635
7764 5.859866
7766 5.847186
7768 5.833226
7770 5.816137
7772 5.800681
7774 5.792926
7776 5.792246
7778 5.790912
7780 5.783429
7782 5.773470
7784 5.771048
7786 5.784599
7788 5.814069
7790 5.851594
7792 5.884683
7794 5.901119
7796 5.894996
7798 5.870179
7800 5.837961
7802 5.810314
7804 5.793443
7806 5.787620
7808 5.789062
7810 5.791702
7812 5.790151
7814 5.782150
7816 5.772599
7818 5.771293
7820 5.785797
7822 5.813525
7824 5.843022
7826 5.865744
7828 5.882234
7830 5.895323
7832 5.900384
7834 5.888520
7836 5.858750
7838 5.822287
7840 5.793606
7842 5.778014
7844 5.771565
7846 5.770477
7848 5.775538
7850 5.787865
7852 5.802396
7854 5.810722
7856 5.811457
7858 5.812273
7860 5.822233
7862 5.843594
7864 5.868955
7866 5.887567
7868 5.889962
7870 5.872247
7872 5.839240
7874 5.802015
7876 5.771864
7878 5.754612
7880 5.751728
7882 5.762640
7884 5.783076
7886 5.804899
7888 5.819185
7890 5.824981
7892 5.831947
7894 5.847648
7896 5.867431
7898 5.879785
7900 5.879921
7902 5.873417
7904 5.865472
7906 5.853689
7908 5.832328
7910 5.802668
7912 5.773796
7914 5.754231
7916 5.745660
7918 5.747020
7920 5.759864
7922 5.786613
7924 5.822233
7926 5.855567
7928 5.875785
7930 5.879567
7932 5.871513
7934 5.858887
7936 5.848791
7938 5.844791
7940 5.845254
7942 5.842532
7944 5.827784
7946 5.800518
7948 5.770150
7950 5.748245
7952 5.740816
7954 5.748925
7956 5.772926
7958 5.810967
7960 5.853662
7962 5.884928
7964 5.892520
7966 5.882316
7968 5.870642
7970 5.865581
7972 5.860873
7974 5.847811
7976 5.828437
7978 5.810314
7980 5.795484
7982 5.779674
7984 5.761551
7986 5.747401
7988 5.744680
7990 5.755157
7992 5.775320
7994 5.801008
7996 5.831213
7998 5.863077
8000 5.889227
8002 5.901527
8004 5.894697
8006 5.870941
8008 5.836954
8010 5.802232
8012 5.776382
8014 5.765687
8016 5.767538
8018 5.772354
8020 5.772327
8022 5.767157
8024 5.762068
8026 5.762041
8028 5.771674
8030 5.797171
8032 5.840791
8034 5.887676
8036 5.914888
8038 5.910779
8040 5.885935
8042 5.857662
8044 5.833716
8046 5.809471
8048 5.781905
8050 5.757388
8052 5.743646
8054 5.741088
8056 5.745878
8058 5.756871
8060 5.775184
8062 5.798559
8064 5.817580
8066 5.828165
8068 5.836628
8070 5.851839
8072 5.873717
8074 5.890669
8076 5.890887
8078 5.869172
8080 5.828083
8082 5.775266
8084 5.727129
8086 5.702094
8088 5.708788
8090 5.737796
8092 5.770586
8094 5.793225
8096 5.806613
8098 5.814287
8100 5.816546
8102 5.815756
8104 5.821335
8106 5.841961
8108 5.870206
8110 5.884683
8112 5.871295
8114 5.837335
8116 5.801498
8118 5.773171
8120 5.748109
8122 5.723564
8124 5.706965
8126 5.707918
8128 5.727564
8130 5.758177
8132 5.791293
8134 5.820274
8136 5.841553
8138 5.851539
8140 5.849716
8142 5.838859
8144 5.824491
8146 5.813552
8148 5.809090
8150 5.807348
8152 5.799239
8154 5.775865
8156 5.739646
8158 5.705686
8160 5.690965
8162 5.702911
8164 5.737007
8166 5.784463
8168 5.835512
8170 5.879132
8172 5.900493
8174 5.886697
8176 5.844845
8178 5.800518
8180 5.777960
8182 5.779973
8184 5.788463
8186 5.786559
8188 5.772028
8190 5.754993
8192 5.741878
8194 5.732272
8196 5.727156
8198 5.732381
8200 5.752544
8202 5.784137
8204 5.817852
8206 5.847839
8208 5.870179
8210 5.879268
8212 5.869526
8214 5.841009
8216 5.803457
8218 5.768599
8220 5.742939
8222 5.729578
8224 5.731238
8226 5.745932
8228 5.760980
8230 5.762749
8232 5.751674
8234 5.743483
8236 5.752653
8238 5.778232
8240 5.811729
8242 5.850288
8244 5.889880
8246 5.913881
8248 5.900193
8250 5.844900
8252 5.772028
8254 5.715183
8256 5.693985
8258 5.702992
8260 5.724571
8262 5.747456
8264 5.769579
8266 5.788572
8268 5.799702
8270 5.804219
8272 5.809770
8274 5.821090
8276 5.836301
8278 5.848056
8280 5.850397
8282 5.842424
8284 5.826097
8286 5.804083
8288 5.778994
8290 5.752762
8292 5.727129
8294 5.706612
8296 5.701768
8298 5.720571
8300 5.759320
8302 5.802994
8304 5.838206
8306 5.860057
8308 5.868574
8310 5.862288
8312 5.843866
8314 5.824138
8316 5.818396
8318 5.830587
8320 5.845961
8322 5.841009
8324 5.803920
8326 5.747946
8328 5.700162
8330 5.678856
8332 5.685604
8334 5.713632
8336 5.756626
8338 5.806749
8340 5.851812
8342 5.878669
8344 5.883322
8346 5.871921
8348 5.854261
8350 5.836519
8352 5.820355
8354 5.804382
8356 5.788436
8358 5.772599
8360 5.758123
8362 5.747374
8364 5.739619
8366 5.733252
8368 5.729387
8370 5.735265
8372 5.759919
8374 5.804627
8376 5.856955
8378 5.897037
8380 5.912030
8382 5.903323
8384 5.879105
8386 5.845961
8388 5.808491
8390 5.775810
8392 5.761497
8394 5.766830
8396 5.777334
8398 5.774967
8400 5.758830
8402 5.746857
8404 5.752953
8406 5.776164
8408 5.804219
8410 5.829553
8412 5.853390
8414 5.876819
8416 5.892656
8418 5.892357
8420 5.873553
8422 5.842532
8424 5.806886
8426 5.774667
8428 5.751946
8430 5.741469
8432 5.742993
8434 5.754286
8436 5.772028
8438 5.790042
8440 5.799593
8442 5.798477
8444 5.797226
8446 5.811756
8448 5.845961
8450 5.884547
8452 5.905881
8454 5.901336
8456 5.877417
8458 5.844954
8460 5.808981
8462 5.773252
8464 5.743946
8466 5.732190
8468 5.742231
8470 5.766014
8472 5.790205
8474 5.807430
8476 5.817852
8478 5.825036
8480 5.831539
8482 5.839811
8484 5.850995
8486 5.863376
8488 5.871621
8490 5.869390
8492 5.854560
8494 5.829036
8496 5.798341
8498 5.769361
8500 5.750612
8502 5.747456
8504 5.757361
8506 5.773933
8508 5.792817
8510 5.814287
8512 5.837607
8514 5.857662
8516 5.866615
8518 5.862941
8520 5.854805
8522 5.851757
8524 5.853009
8526 5.850914
8528 5.840247
8530 5.823675
8532 5.806886
8534 5.789878
8536 5.771565
8538 5.756300
8540 5.754150
8542 5.772218
8544 5.806205
8546 5.842777
8548 5.868928
8550 5.880492
8552 5.880166
8554 5.872275
8556 5.860710
8558 5.848682
8560 5.838151
8562 5.828900
8564 5.817770
8566 5.803593
8568 5.787702
8570 5.773225
8572 5.763864
8574 5.762640
8576 5.772463
8578 5.792110
8580 5.816382
8582 5.840464
8584 5.863485
8586 5.884629
8588 5.896982
8590 5.891295
8592 5.867649
8594 5.837934
8596 5.816165
8598 5.806613
8600 5.803729
8602 5.802096
8604 5.800573
8606 5.799729
8608 5.797634
8610 5.792981
8612 5.790096
8614 5.795919
8616 5.814804
8618 5.842532
8620 5.869744
8622 5.887078
8624 5.888601
8626 5.874234
8628 5.849499
8630 5.823321
8632 5.803076
8634 5.790259
8636 5.782776
8638 5.779075
8640 5.779919
8642 5.785688
8644 5.793606
8646 5.802559
8648 5.814614
8650 5.831648
8652 5.850505
8654 5.863866
8656 5.869445
8658 5.871894
8660 5.875812
8662 5.877037
8664 5.865526
8666 5.837798
8668 5.802695
8670 5.775348
8672 5.764626
8674 5.768762
8676 5.782069
8678 5.800192
8680 5.819620
8682 5.835158
8684 5.842015
8686 5.841444
8688 5.840492
8690 5.845907
8692 5.857635
8694 5.868383
8696 5.870125
8698 5.859213
8700 5.837335
8702 5.809579
8704 5.782069
8706 5.761796
8708 5.753470
8710 5.758395
8712 5.775048
8714 5.799647
8716 5.827212
8718 5.850505
8720 5.863812
8722 5.867703
8724 5.867213
8726 5.866696
8728 5.864927
8730 5.858941
8732 5.850288
8734 5.841662
8736 5.831866
8738 5.815348
8740 5.790586
8742 5.765279
8744 5.751402
8746 5.755510
8748 5.774341
8750 5.800436
8752 5.828002
8754 5.852465
8756 5.870669
8758 5.878969
8760 5.876411
8762 5.865717
8764 5.850859
8766 5.835702
8768 5.823212
8770 5.815049
8772 5.808926
8774 5.799266
8776 5.783837
8778 5.768164
8780 5.761606
8782 5.768028
8784 5.784191
8786 5.806994
8788 5.835811
8790 5.866723
8792 5.889499
8794 5.894044
8796 5.883077
8798 5.867186
8800 5.852084
8802 5.834668
8804 5.812219
8806 5.790450
8808 5.777987
8810 5.776354
8812 5.778069
8814 5.775946
8816 5.772082
8818 5.773443
8820 5.784110
8822 5.803130
8824 5.827512
8826 5.856329
8828 5.885173
8830 5.904085
8832 5.902642
8834 5.878397
8836 5.840873
8838 5.803375
8840 5.775973
8842 5.762096
8844 5.760572
8846 5.766068
8848 5.771620
8850 5.773443
8852 5.774504
8854 5.780300
8856 5.793742
8858 5.813035
8860 5.835267
8862 5.859077
8864 5.880220
8866 5.892003
8868 5.887676
8870 5.867513
8872 5.838560
8874 5.808954
8876 5.781497
8878 5.757415
8880 5.742422
8882 5.743619
8884 5.761170
8886 5.786069
8888 5.807702
8890 5.821661
8892 5.829661
8894 5.832954
8896 5.834913
8898 5.839866
8900 5.850397
8902 5.863213
8904 5.867458
8906 5.854669
8908 5.825661
8910 5.789089
8912 5.753633
8914 5.727809
8916 5.719483
8918 5.732789
8920 5.762123
8922 5.794722
8924 5.818967
8926 5.835376
8928 5.847948
8930 5.854424
8932 5.849988
8934 5.839566
8936 5.836845
8938 5.845580
8940 5.852383
8942 5.841526
8944 5.812981
8946 5.781960
8948 5.757061
8950 5.733986
8952 5.711265
8954 5.701305
8956 5.719047
8958 5.763511
8960 5.815376
8962 5.854424
8964 5.872030
8966 5.872084
8968 5.857853
8970 5.833308
8972 5.808028
8974 5.794015
8976 5.794504
8978 5.799756
8980 5.797362
8982 5.782423
8984 5.757715
8986 5.731374
8988 5.715428
8990 5.720326
8992 5.747973
8994 5.787484
8996 5.825362
8998 5.853852
9000 5.871649
9002 5.876275
9004 5.861145
9006 5.828872
9008 5.795402
9010 5.776844
9012 5.776028
9014 5.781851
9016 5.781715
9018 5.772463
9020 5.760980
9022 5.753660
9024 5.750504
9026 5.751565
9028 5.761116
9030 5.784708
9032 5.820437
9034 5.856193
9036 5.879921
9038 5.884629
9040 5.868819
9042 5.835784
9044 5.794504
9046 5.755973
9048 5.727047
9050 5.711374
9052 5.712952
9054 5.733034
9056 5.763837
9058 5.788681
9060 5.793960
9062 5.782885
9064 5.773524
9066 5.781062
9068 5.803266
9070 5.827811
9072 5.846097
9074 5.855812
9076 5.855485
9078 5.836600
9080 5.793361
9082 5.738531
9084 5.699509
9086 5.695809
9088 5.719972
9090 5.748925
9092 5.768898
9094 5.783375
9096 5.799375
9098 5.813797
9100 5.819920
9102 5.818069
9104 5.815974
9106 5.818913
9108 5.823757
9110 5.825008
9112 5.821498
9114 5.812926
9116 5.796001
9118 5.768735
9120 5.735646
9122 5.707455
9124 5.692734
9126 5.698938
9128 5.729333
9130 5.777715
9132 5.828165
9134 5.861472
9136 5.868220
9138 5.856927
9140 5.842913
9142 5.832274
9144 5.822641
9146 5.813253
9148 5.806341
9150 5.800300
9152 5.788219
9154 5.763674
9156 5.731945
9158 5.708027
9160 5.706231
9162 5.729904
9164 5.770041
9166 5.812736
9168 5.847703
9170 5.869771
9172 5.877608
9174 5.871785
9176 5.853308
9178 5.824763
9180 5.792708
9182 5.767674
9184 5.755320
9186 5.754558
9188 5.757497
9190 5.757061
9192 5.752762
9194 5.745796
9196 5.737469
9198 5.730911
9200 5.737360
9202 5.769307
9204 5.823865
9206 5.877907
9208 5.906370
9210 5.902125
9212 5.876737
9214 5.842478
9216 5.805715
9218 5.769062
9220 5.740680
9222 5.732217
9224 5.744571
9226 5.765198
9228 5.776817
9230 5.773116
9232 5.764599
9234 5.765715
9236 5.782014
9238 5.808137
9240 5.836274
9242 5.862342
9244 5.882588
9246 5.888955
9248 5.874479
9250 5.840682
9252 5.800709
9254 5.766939
9256 5.745551
9258 5.736816
9260 5.739619
9262 5.752163
9264 5.769552
9266 5.785579
9268 5.797334
9270 5.806668
9272 5.816899
9274 5.828818
9276 5.841743
9278 5.855567
9280 5.868383
9282 5.874070
9284 5.865744
9286 5.843158
9288 5.812682
9290 5.781171
9292 5.754095
9294 5.735428
9296 5.733306
9298 5.752218
9300 5.785307
9302 5.816845
9304 5.834315
9306 5.835866
9308 5.830315
9310 5.827974
9312 5.832519
9314 5.840655
9316 5.847403
9318 5.848628
9320 5.841689
9322 5.826886
9324 5.805226
9326 5.779429
9328 5.754340
9330 5.738095
9332 5.738367
9334 5.754585
9336 5.779075
9338 5.804926
9340 5.831213
9342 5.857771
9344 5.877962
9346 5.880438
9348 5.863512
9350 5.840600
9352 5.828083
9354 5.827621
9356 5.829036
9358 5.823049
9360 5.809416
9362 5.793606
9364 5.778123
9366 5.764626
9368 5.757551
9370 5.765443
9372 5.793008
9374 5.832029
9376 5.865581
9378 5.879839
9380 5.874261
9382 5.858941
9384 5.842315
9386 5.828002
9388 5.817525
9390 5.811049
9392 5.806124
9394 5.798777
9396 5.789416
9398 5.782450
9400 5.781416
9402 5.785280
9404 5.790341
9406 5.796273
9408 5.806341
9410 5.822587
9412 5.842913
9414 5.862723
9416 5.878098
9418 5.884084
9420 5.874152
9422 5.847077
9424 5.810559
9426 5.780518
9428 5.769062
9430 5.775620
9432 5.789171
9434 5.798749
9436 5.801144
9438 5.798804
9440 5.795783
9442 5.797226
9444 5.807484
9446 5.828274
9448 5.855186
9450 5.877771
9452 5.886316
9454 5.877118
9456 5.854342
9458 5.824981
9460 5.795838
9462 5.772790
9464 5.759048
9466 5.756163
9468 5.764055
9470 5.781334
9472 5.803348
9474 5.822124
9476 5.832083
9478 5.835458
9480 5.839730
9482 5.849172
9484 5.859676
9486 5.865417
9488 5.865771
9490 5.863621
9492 5.857254
9494 5.839294
9496 5.808981
9498 5.777797
9500 5.759973
9502 5.759565
9504 5.770041
9506 5.785661
9508 5.804328
9510 5.824464
9512 5.840845
9514 5.847458
9516 5.845771
9518 5.843621
9520 5.846669
9522 5.852437
9524 5.853961
9526 5.848329
9528 5.835757
9530 5.816437
9532 5.790967
9534 5.764463
9536 5.746830
9538 5.745823
9540 5.761633
9542 5.788355
9544 5.818097
9546 5.845907
9548 5.867050
9550 5.877608
9552 5.877445
9554 5.869689
9556 5.858506
9558 5.845118
9560 5.829389
9562 5.813607
9564 5.801715
9566 5.795538
9568 5.791076
9570 5.782178
9572 5.768055
9574 5.755592
9576 5.754667
9578 5.770694
9580 5.800654
9582 5.836492
9584 5.868737
9586 5.889826
9588 5.893772
9590 5.879867
9592 5.854206
9594 5.826559
9596 5.806232
9598 5.797362
9600 5.797062
9602 5.797171
9604 5.790831
9606 5.778096
9608 5.765443
9610 5.760545
9612 5.767946
9614 5.787620
9616 5.817825
9618 5.853009
9620 5.882969
9622 5.897010
9624 5.890860
9626 5.872002
9628 5.851839
9630 5.834723
9632 5.815321
9634 5.789198
9636 5.763592
9638 5.751293
9640 5.758259
9642 5.776518
9644 5.791429
9646 5.797688
9648 5.801226
9650 5.808382
9652 5.820954
9654 5.838859
9656 5.863186
9658 5.888846
9660 5.902806
9662 5.892302
9664 5.857063
9666 5.811267
9668 5.771375
9670 5.746476
9672 5.738231
9674 5.744871
9676 5.761823
9678 5.780708
9680 5.794096
9682 5.801634
9684 5.808545
9686 5.820246
9688 5.835893
9690 5.850614
9692 5.862451
9694 5.871132
9696 5.875132
9698 5.869281
9700 5.850914
9702 5.822723
9704 5.790341
9706 5.759538
9708 5.736054
9710 5.726966
9712 5.738503
9714 5.769824
9716 5.809226
9718 5.839077
9720 5.849444
9722 5.845118
9724 5.838260
9726 5.838886
9728 5.846505
9730 5.854505
9732 5.857227
9734 5.851920
9736 5.837308
9738 5.812437
9740 5.779892
9742 5.747918
9744 5.728762
9746 5.731238
9748 5.753415
9750 5.784708
9752 5.814586
9754 5.837308
9756 5.852492
9758 5.860165
9760 5.858968
9762 5.850179
9764 5.839403
9766 5.833634
9768 5.833090
9770 5.830206
9772 5.817688
9774 5.796137
9776 5.774205
9778 5.758857
9780 5.749878
9782 5.744816
9784 5.747510
9786 5.766558
9788 5.801906
9790 5.840247
9792 5.867458
9794 5.878533
9796 5.875622
9798 5.860247
9800 5.833498
9802 5.802477
9804 5.779484
9806 5.773252
9808 5.780082
9810 5.788545
9812 5.789661
9814 5.781579
9816 5.768926
9818 5.758340
9820 5.757959
9822 5.775375
9824 5.810151
9826 5.850152
9828 5.878479
9830 5.886180
9832 5.876220
9834 5.855839
9836 5.830070
9838 5.801253
9840 5.775756
9842 5.764109
9844 5.767021
9846 5.773987
9848 5.776137
9850 5.776001
9852 5.780654
9854 5.791185
9856 5.803729
9858 5.815294
9860 5.827593
9862 5.844492
9864 5.864057
9866 5.878642
9868 5.879431
9870 5.862560
9872 5.831294
9874 5.793933
9876 5.761089
9878 5.739946
9880 5.734177
9882 5.745306
9884 5.770123
9886 5.798722
9888 5.815865
9890 5.813362
9892 5.800491
9894 5.795974
9896 5.811267
9898 5.839594
9900 5.864002
9902 5.873064
9904 5.866397
9906 5.848029
9908 5.819648
9910 5.783674
9912 5.749551
9914 5.729605
9916 5.731347
9918 5.749415
9920 5.772354
9922 5.794259
9924 5.816410
9926 5.839675
9928 5.858914
9930 5.867104
9932 5.862805
9934 5.851267
9936 5.839621
9938 5.830859
9940 5.824600
9942 5.819947
9944 5.812165
9946 5.795566
9948 5.769143
9950 5.741170
9952 5.725578
9954 5.731319
9956 5.758912
9958 5.800545
9960 5.842641
9962 5.871404
9964 5.878805
9966 5.868220
9968 5.851158
9970 5.840111
9972 5.839077
9974 5.840709
9976 5.834641
9978 5.817634
9980 5.795566
9982 5.775973
9984 5.760327
9986 5.748327
9988 5.743020
9990 5.751238
9992 5.775919
9994 5.809770
9996 5.841172
9998 5.863540
10000 5.877445
10002 5.883731
10004 5.879431
10006 5.861961
10008 5.834287
10010 5.805443
10012 5.785361
10014 5.776300
10016 5.774014
10018 5.772137
10020 5.767919
10022 5.763892
10024 5.764463
10026 5.771728
10028 5.784382
10030 5.802368
10032 5.827212
10034 5.855621
10036 5.877390
10038 5.881200
10040 5.865200
10042 5.838750
10044 5.812382
10046 5.790504
10048 5.772545
10050 5.760055
10052 5.757987
10054 5.766232
10056 5.778259
10058 5.786858
10060 5.791293
10062 5.796572
10064 5.806532
10066 5.822342
10068 5.841825
10070 5.861036
10072 5.875649
10074 5.880438
10076 5.873036
10078 5.854397
10080 5.828002
10082 5.797851
10084 5.767184
10086 5.741878
10088 5.730041
10090 5.737088
10092 5.760490
10094 5.789334
10096 5.812926
10098 5.826532
10100 5.831648
10102 5.833934
10104 5.838015
10106 5.846587
10108 5.858859
10110 5.869227
10112 5.867676
10114 5.845825
10116 5.807130
10118 5.766722
10120 5.741333
10122 5.737360
10124 5.749061
10126 5.767783
10128 5.789606
10130 5.813688
10132 5.836002
10134 5.846968
10136 5.844247
10138 5.836111
10140 5.832954
10142 5.836410
10144 5.837689
10146 5.830940
10148 5.819348
10150 5.808899
10152 5.800083
10154 5.787783
10156 5.769688
10158 5.750041
10160 5.738367
10162 5.742286
10164 5.762721
10166 5.795756
10168 5.833226
10170 5.864547
10172 5.880601
10174 5.876574
10176 5.856165
10178 5.829716
10180 5.810396
10182 5.805579
10184 5.810260
10186 5.812409
10188 5.802477
10190 5.781579
10192 5.759674
10194 5.747401
10196 5.749252
10198 5.765497
10200 5.794722
10202 5.832002
10204 5.864927
10206 5.882860
10208 5.882805
10210 5.869689
10212 5.850070
10214 5.827702
10216 5.804409
10218 5.783593
10220 5.769905
10222 5.764626
10224 5.764599
10226 5.766558
10228 5.769606
10230 5.773824
10232 5.777633
10234 5.779701
10236 5.785552
10238 5.803566
10240 5.834179
10242 5.866451
10244 5.884356
10246 5.881145
10248 5.860465
10250 5.830233
10252 5.796872
10254 5.768381
10256 5.754667
10258 5.760463
10260 5.777933
10262 5.792083
10264 5.793008
10266 5.785688
10268 5.781552
10270 5.787130
10272 5.800627
10274 5.817117
10276 5.836029
10278 5.855431
10280 5.867540
10282 5.862560
10284 5.838288
10286 5.803539
10288 5.769742
10290 5.743020
10292 5.724190
10294 5.714693
10296 5.719945
10298 5.741905
10300 5.774803
10302 5.808627
10304 5.833008
10306 5.844546
10308 5.845580
10310 5.841607
10312 5.837498
10314 5.835376
10316 5.836247
10318 5.837879
10320 5.834995
10322 5.821280
10324 5.792436
10326 5.752463
10328 5.715918
10330 5.700407
10332 5.713823
10334 5.749252
10336 5.792844
10338 5.831757
10340 5.857989
10342 5.866642
10344 5.855784
10346 5.834560
10348 5.819376
10350 5.819212
10352 5.826832
10354 5.827430
10356 5.814369
10358 5.791212
10360 5.765034
10362 5.740653
10364 5.721959
10366 5.715891
10368 5.727619
10370 5.754531
10372 5.788708
10374 5.823185
10376 5.855322
10378 5.879567
10380 5.886288
10382 5.870860
10384 5.841961
10386 5.815239
10388 5.796681
10390 5.781824
10392 5.768490
10394 5.762449
10396 5.766068
10398 5.767456
10400 5.752599
10402 5.725823
10404 5.710176
10406 5.727075
10408 5.775701
10410 5.836682
10412 5.888384
10414 5.915132
10416 5.911405
10418 5.881499
10420 5.836954
10422 5.792736
10424 5.761579
10426 5.748980
10428 5.749116
10430 5.750014
10432 5.745116
10434 5.737687
10436 5.737687
10438 5.751864
10440 5.776001
10442 5.798777
10444 5.814532
10446 5.829934
10448 5.853145
10450 5.881009
10452 5.899432
10454 5.895676
10456 5.868655
10458 5.827947
10460 5.785797
10462 5.750803
10464 5.727972
10466 5.724272
10468 5.743211
10470 5.776137
10472 5.803076
10474 5.809362
10476 5.798831
10478 5.789117
10480 5.797253
10482 5.826423
10484 5.865281
10486 5.897255
10488 5.907432
10490 5.887839
10492 5.843784
10494 5.791130
10496 5.749687
10498 5.729442
10500 5.727428
10502 5.735374
10504 5.748272
10506 5.764980
10508 5.784028
10510 5.803239
10512 5.821389
10514 5.838151
10516 5.851757
10518 5.858043
10520 5.855159
10522 5.849145
10524 5.847131
10526 5.847948
10528 5.841090
10530 5.819648
10532 5.790341
10534 5.764545
10536 5.748680
10538 5.741116
10540 5.741850
10542 5.758014
10544 5.793661
10546 5.838288
10548 5.870397
10550 5.877173
10552 5.864356
10554 5.846750
10556 5.836111
10558 5.834560
10560 5.836845
10562 5.836056
10564 5.826070
10566 5.805416
10568 5.778096
10570 5.752599
10572 5.738884
10574 5.742531
10576 5.763864
10578 5.795702
10580 5.828056
10582 5.853907
10584 5.872492
10586 5.884275
10588 5.886833
10590 5.876900
10592 5.857009
10594 5.833743
10596 5.814777
10598 5.802668
10600 5.794831
10602 5.788436
10604 5.782368
10606 5.778558
10608 5.777606
10610 5.777987
10612 5.780627
10614 5.790259
10616 5.812029
10618 5.844328
10620 5.877390
10622 5.897636
10624 5.896738
10626 5.875349
10628 5.842723
10630 5.811131
10632 5.791457
10634 5.785389
10636 5.788382
10638 5.792763
10640 5.793715
10642 5.791484
10644 5.788327
10646 5.787321
10648 5.792137
10650 5.806695
10652 5.831376
10654 5.860002
10656 5.881254
10658 5.886805
10660 5.878043
10662 5.863295
10664 5.846451
10666 5.826451
10668 5.802341
10670 5.779375
10672 5.767511
10674 5.770014
10676 5.782831
10678 5.799375
10680 5.816301
10682 5.832845
10684 5.846152
10686 5.851403
10688 5.848356
10690 5.845417
10692 5.852873
10694 5.869281
10696 5.881418
10698 5.875132
10700 5.848329
10702 5.812056
10704 5.779647
10706 5.761252
10708 5.759810
10710 5.772790
10712 5.794178
10714 5.815756
10716 5.830696
10718 5.837117
10720 5.838832
10722 5.842723
10724 5.852546
10726 5.866696
10728 5.877662
10730 5.877417
10732 5.864819
10734 5.844818
10736 5.824927
10738 5.808164
10740 5.793089
10742 5.779620
10744 5.770722
10746 5.771647
10748 5.785171
10750 5.809090
10752 5.837145
10754 5.861717
10756 5.876438
10758 5.877798
10760 5.867594
10762 5.853689
10764 5.843294
10766 5.839213
10768 5.838941
10770 5.837226
10772 5.829417
10774 5.812926
10776 5.791157
10778 5.772354
10780 5.766259
10782 5.777769
10784 5.802477
10786 5.830723
10788 5.854587
10790 5.871513
10792 5.881608
10794 5.883214
10796 5.875730
10798 5.862478
10800 5.849607
10802 5.839893
10804 5.829689
10806 5.815729
10808 5.799919
10810 5.789497
10812 5.788654
10814 5.793906
10816 5.799049
10818 5.802232
10820 5.808682
10822 5.824355
10824 5.848220
10826 5.873254
10828 5.891186
10830 5.897255
10832 5.890452
10834 5.871159
10836 5.843757
10838 5.816818
10840 5.799321
10842 5.794450
10844 5.796981
10846 5.799566
10848 5.797498
10850 5.792164
10852 5.788872
10854 5.792273
10856 5.805253
10858 5.827076
10860 5.853689
10862 5.878969
10864 5.894833
10866 5.896547
10868 5.883214
10870 5.859839
10872 5.834124
10874 5.812926
10876 5.798858
10878 5.790069
10880 5.784327
10882 5.782559
10884 5.786613
10886 5.797171
10888 5.811049
10890 5.824573
10892 5.836274
10894 5.845499
10896 5.853744
10898 5.862424
10900 5.871758
10902 5.878207
10904 5.874996
10906 5.858370
10908 5.830451
10910 5.799103
10912 5.773198
10914 5.759157
10916 5.759864
10918 5.774749
10920 5.798940
10922 5.823539
10924 5.838233
10926 5.841417
10928 5.839566
10930 5.840764
10932 5.848084
10934 5.858642
10936 5.868438
10938 5.873227
10940 5.867649
10942 5.847539
10944 5.815239
10946 5.781878
10948 5.760844
10950 5.758340
10952 5.769225
10954 5.782858
10956 5.794477
10958 5.807756
10960 5.827349
10962 5.851295
10964 5.869417
10966 5.874588
10968 5.867295
10970 5.854125
10972 5.840791
10974 5.829934
10976 5.822723
10978 5.817879
10980 5.810586
10982 5.794232
10984 5.768463
10986 5.743320
10988 5.732925
10990 5.745660
10992 5.780490
10994 5.824709
10996 5.862941
10998 5.882452
11000 5.879350
11002 5.859621
11004 5.834750
11006 5.816573
11008 5.810940
11010 5.814967
11012 5.820165
11014 5.816981
11016 5.802396
11018 5.780463
11020 5.761470
11022 5.755619
11024 5.765687
11026 5.785906
11028 5.807702
11030 5.826206
11032 5.842832
11034 5.859023
11036 5.873635
11038 5.879540
11040 5.870343
11042 5.845036
11044 5.810940
11046 5.779429
11048 5.758966
11050 5.753143
11052 5.759157
11054 5.768790
11056 5.774939
11058 5.775674
11060 5.775157
11062 5.778939
11064 5.791239
11066 5.816029
11068 5.851812
11070 5.888166
11072 5.908602
11074 5.898697
11076 5.863213
11078 5.818859
11080 5.779865
11082 5.750939
11084 5.735701
11086 5.737633
11088 5.754014
11090 5.773089
11092 5.783457
11094 5.783865
11096 5.784926
11098 5.795103
11100 5.811756
11102 5.826260
11104 5.834478
11106 5.842750
11108 5.854206
11110 5.861118
11112 5.851376
11114 5.821498
11116 5.780790
11118 5.741360
11120 5.711319
11122 5.696489
11124 5.704353
11126 5.737197
11128 5.783511
11130 5.823049
11132 5.841771
11134 5.837390
11136 5.822859
11138 5.813580
11140 5.817090
11142 5.832437
11144 5.850097
11146 5.856274
11148 5.839566
11150 5.800845
11152 5.752898
11154 5.711972
11156 5.688189
11158 5.684407
11160 5.700734
11162 5.735102
11164 5.778286
11166 5.817988
11168 5.844873
11170 5.857934
11172 5.859648
11174 5.851158
11176 5.836301
11178 5.819321
11180 5.802749
11182 5.788518
11184 5.776871
11186 5.765851
11188 5.751946
11190 5.733905
11192 5.713768
11194 5.697713
11196 5.694013
11198 5.708271
11200 5.741850
11202 5.792219
11204 5.848982
11206 5.893935
11208 5.907024
11210 5.879594
11212 5.824246
11214 5.769388
11216 5.740599
11218 5.740952
11220 5.753442
11222 5.760354
11224 5.756953
11226 5.746367
11228 5.727864
11230 5.702584
11232 5.686992
11234 5.704516
11236 5.762449
11238 5.834696
11240 5.882370
11242 5.890207
11244 5.872656
11246 5.848601
11248 5.822178
11250 5.789525
11252 5.754803
11254 5.727047
11256 5.711482
11258 5.704081
11260 5.702938
11262 5.713823
11264 5.738966
11266 5.768817
11268 5.787756
11270 5.790287
11272 5.787076
11274 5.792110
11276 5.812627
11278 5.845499
11280 5.877336
11282 5.886778
11284 5.858560
11286 5.799675
11288 5.737252
11290 5.697251
11292 5.689006
11294 5.704489
11296 5.733415
11298 5.766259
11300 5.792545
11302 5.804083
11304 5.802205
11306 5.796736
11308 5.799103
11310 5.814369
11312 5.837362
11314 5.857553
11316 5.864166
11318 5.850914
11320 5.819947
11322 5.783239
11324 5.750504
11326 5.726612
11328 5.710857
11330 5.703128
11332 5.708299
11334 5.729986
11336 5.765633
11338 5.805416
11340 5.838260
11342 5.857444
11344 5.862995
11346 5.855621
11348 5.838315
11350 5.821117
11352 5.817607
11354 5.828764
11356 5.838260
11358 5.824954
11360 5.783157
11362 5.732816
11364 5.698094
11366 5.693496
11368 5.715673
11370 5.753687
11372 5.798640
11374 5.843376
11376 5.874560
11378 5.880683
11380 5.864111
11382 5.841254
11384 5.826178
11386 5.822614
11388 5.822967
11390 5.818342
11392 5.807022
11394 5.790749
11396 5.773796
11398 5.760735
11400 5.755320
11402 5.759184
11404 5.770694
11406 5.787974
11408 5.810178
11410 5.835594
11412 5.859512
11414 5.876846
11416 5.883241
11418 5.875975
11420 5.855403
11422 5.827403
11424 5.799402
11426 5.780790
11428 5.775538
11430 5.779293
11432 5.783293
11434 5.781525
11436 5.775157
11438 5.770885
11440 5.775239
11442 5.790613
11444 5.815539
11446 5.845988
11448 5.875132
11450 5.893935
11452 5.894234
11454 5.873798
11456 5.838832
11458 5.802069
11460 5.776436
11462 5.768599
11464 5.773470
11466 5.781824
11468 5.787076
11470 5.789334
11472 5.793008
11474 5.800736
11476 5.811593
11478 5.822859
11480 5.834233
11482 5.846859
11484 5.857907
11486 5.862533
11488 5.858968
11490 5.850424
11492 5.839566
11494 5.823403
11496 5.799892
11498 5.773796
11500 5.756626
11502 5.757306
11504 5.773933
11506 5.796899
11508 5.816763
11510 5.829525
11512 5.836328
11514 5.839539
11516 5.841716
11518 5.846179
11520 5.855540
11522 5.867649
11524 5.873717
11526 5.864628
11528 5.838750
11530 5.804382
11532 5.775511
11534 5.759973
11536 5.759728
11538 5.770994
11540 5.788219
11542 5.806205
11544 5.822777
11546 5.838396
11548 5.853553
11550 5.865336
11552 5.870125
11554 5.865553
11556 5.852873
11558 5.836682
11560 5.821743
11562 5.811267
11564 5.804137
11566 5.798287
11568 5.791021
11570 5.780980
11572 5.770259
11574 5.764164
11576 5.770885
11578 5.794831
11580 5.830369
11582 5.863839
11584 5.881254
11586 5.878588
11588 5.863132
11590 5.846369
11592 5.835757
11594 5.832083
11596 5.832546
11598 5.832192
11600 5.825444
11602 5.809960
11604 5.787919
11606 5.768000
11608 5.759565
11610 5.766803
11612 5.786259
11614 5.809579
11616 5.830804
11618 5.849090
11620 5.865553
11622 5.878315
11624 5.881118
11626 5.870125
11628 5.848682
11630 5.825743
11632 5.807865
11634 5.795593
11636 5.787783
11638 5.785443
11640 5.789987
11642 5.798151
11644 5.803212
11646 5.803892
11648 5.806151
11650 5.817525
11652 5.839566
11654 5.864791
11656 5.883295
11658 5.888193
11660 5.877771
11662 5.855104
11664 5.826260
11666 5.800382
11668 5.785334
11670 5.783048
11672 5.788763
11674 5.794640
11676 5.797089
11678 5.796926
11680 5.796926
11682 5.799919
11684 5.807158
11686 5.820464
11688 5.839458
11690 5.859893
11692 5.874941
11694 5.878969
11696 5.872193
11698 5.857390
11700 5.837117
11702 5.813634
11704 5.790368
11706 5.772899
11708 5.765715
11710 5.769007
11712 5.780082
11714 5.795375
11716 5.813607
11718 5.831539
11720 5.844383
11722 5.849526
11724 5.849988
11726 5.853172
11728 5.862370
11730 5.873227
11732 5.876438
11734 5.863567
11736 5.834723
11738 5.797797
11740 5.765034
11742 5.747020
11744 5.748708
11746 5.768109
11748 5.796545
11750 5.822070
11752 5.835947
11754 5.836873
11756 5.832900
11758 5.833498
11760 5.841444
11762 5.851676
11764 5.855948
11766 5.852220
11768 5.843131
11770 5.831049
11772 5.814995
11774 5.794940
11776 5.776953
11778 5.768436
11780 5.770422
11782 5.778014
11784 5.787484
11786 5.802532
11788 5.826695
11790 5.855267
11792 5.876574
11794 5.879703
11796 5.866370
11798 5.846941
11800 5.830940
11802 5.821988
11804 5.819702
11806 5.820491
11808 5.816355
11810 5.799239
11812 5.768898
11814 5.736599
11816 5.719755
11818 5.730122
11820 5.765606
11822 5.811838
11824 5.849662
11826 5.870261
11828 5.874370
11830 5.866778
11832 5.853553
11834 5.839403
11836 5.827076
11838 5.815756
11840 5.803947
11842 5.792382
11844 5.783457
11846 5.778531
11848 5.776218
11850 5.775239
11852 5.776654
11854 5.782286
11856 5.793851
11858 5.809688
11860 5.827593
11862 5.848111
11864 5.868220
11866 5.880111
11868 5.872628
11870 5.841934
11872 5.796817
11874 5.757497
11876 5.742231
11878 5.754123
11880 5.778967
11882 5.796845
11884 5.796001
11886 5.781933
11888 5.767728
11890 5.764082
11892 5.775266
11894 5.800763
11896 5.836138
11898 5.868900
11900 5.883649
11902 5.873064
11904 5.844437
11906 5.814205
11908 5.792327
11910 5.776626
11912 5.761361
11914 5.748408
11916 5.745905
11918 5.756789
11920 5.774341
11922 5.789416
11924 5.797743
11926 5.805198
11928 5.817090
11930 5.829335
11932 5.835158
11934 5.835757
11936 5.838941
11938 5.845471
11940 5.844927
11942 5.826070
11944 5.789497
11946 5.748708
11948 5.718884
11950 5.708299
11952 5.718285
11954 5.744952
11956 5.780490
11958 5.812491
11960 5.829498
11962 5.829117
11964 5.819648
11966 5.813335
11968 5.815131
11970 5.822070
11972 5.830913
11974 5.838777
11976 5.839893
11978 5.826668
11980 5.798450
11982 5.765062
11984 5.739864
11986 5.732054
11988 5.741442
11990 5.762286
11992 5.787892
11994 5.811838
11996 5.831240
11998 5.846097
12000 5.856873
12002 5.862478
12004 5.860084
12006 5.847893
12008 5.826940
12010 5.803103
12012 5.785525
12014 5.778504
12016 5.778178
12018 5.773470
12020 5.757987
12022 5.739156
12024 5.731619
12026 5.745116
12028 5.776735
12030 5.815865
12032 5.852165
12034 5.877907
12036 5.886533
12038 5.873744
12040 5.843131
12042 5.810124
12044 5.791919
12046 5.794640
12048 5.805498
12050 5.805933
12052 5.790477
12054 5.768926
12056 5.756272
12058 5.758585
12060 5.771837
12062 5.789225
12064 5.806777
12066 5.823022
12068 5.835866
12070 5.844111
12072 5.850424
12074 5.857118
12076 5.860764
12078 5.850179
12080 5.818314
12082 5.775647
12084 5.741524
12086 5.729823
12088 5.739592
12090 5.760708
12092 5.782504
12094 5.797797
12096 5.803321
12098 5.801525
12100 5.802096
12102 5.815974
12104 5.844220
12106 5.877145
12108 5.900466
12110 5.902833
12112 5.881363
12114 5.840111
12116 5.791185
12118 5.752680
12120 5.741497
12122 5.757932
12124 5.782667
12126 5.795511
12128 5.793525
12130 5.789742
12132 5.796409
12134 5.812763
12136 5.830913
12138 5.844138
12140 5.850778
12142 5.853172
12144 5.852138
12146 5.847458
12148 5.839213
12150 5.826913
12152 5.809960
12154 5.787511
12156 5.762014
12158 5.740544
12160 5.733496
12162 5.748735
12164 5.783048
12166 5.822042
12168 5.848573
12170 5.855648
12172 5.850941
12174 5.845226
12176 5.843730
12178 5.844519
12180 5.845281
12182 5.845798
12184 5.842288
12186 5.828002
12188 5.798314
12190 5.761007
12192 5.734503
12194 5.731483
12196 5.751265
12198 5.781579
12200 5.810396
12202 5.833770
12204 5.852329
12206 5.865553
12208 5.871186
12210 5.867921
12212 5.857907
12214 5.844138
12216 5.829580
12218 5.816600
12220 5.807729
12222 5.803675
12224 5.799130
12226 5.788736
12228 5.773769
12230 5.763456
12232 5.765796
12234 5.780327
12236 5.802668
12238 5.829063
12240 5.855703
12242 5.876465
12244 5.884084
12246 5.875812
12248 5.856111
12250 5.833689
12252 5.815865
12254 5.804872
12256 5.801008
12258 5.802668
12260 5.803947
12262 5.797906
12264 5.782831
12266 5.767647
12268 5.765878
12270 5.785361
12272 5.820791
12274 5.855920
12276 5.876601
12278 5.879867
12280 5.872247
12282 5.860737
12284 5.846641
12286 5.828709
