0 5.741551
4 5.735755
8 5.663182
12 5.647209
16 5.737088
20 5.713850
24 5.662311
28 5.667454
32 5.645957
36 5.693904
40 5.727646
44 5.650855
48 5.644570
52 5.685387
56 5.677795
60 5.667999
64 5.618692
68 5.591235
72 5.679808
76 5.723129
80 5.656379
84 5.619535
88 5.627073
92 5.633957
96 5.692897
100 5.701577
104 5.611127
108 5.602746
112 5.648270
116 5.646692
120 5.708652
124 5.743374
128 5.665495
132 5.688979
136 5.723728
140 5.670774
144 5.695754
148 5.700489
152 5.661005
156 5.721904
160 5.721768
164 5.652189
168 5.670121
172 5.672543
176 5.680162
180 5.742014
184 5.685604
188 5.619562
192 5.680761
196 5.705795
200 5.697332
204 5.690666
208 5.621113
212 5.642583
216 5.750177
220 5.715156
224 5.626882
228 5.618664
232 5.635399
236 5.686965
240 5.720571
244 5.633739
248 5.617467
252 5.716326
256 5.701305
260 5.667264
264 5.670420
268 5.645087
272 5.698693
276 5.759211
280 5.698503
284 5.646910
288 5.667427
292 5.681142
296 5.721904
300 5.735564
304 5.667890
308 5.673659
312 5.711156
316 5.676733
320 5.670638
324 5.661522
328 5.614174
332 5.656706
336 5.698040
340 5.644189
344 5.662366
348 5.685387
352 5.658801
356 5.688380
360 5.683781
364 5.614583
368 5.658311
372 5.702394
376 5.681006
380 5.696353
384 5.654447
388 5.604705
392 5.683101
396 5.739483
400 5.711591
404 5.683128
408 5.643399
412 5.639236
416 5.697251
420 5.712299
424 5.696108
428 5.705605
432 5.720272
436 5.721605
440 5.707673
444 5.683019
448 5.678230
452 5.727428
456 5.734095
460 5.688706
464 5.679944
468 5.652488
472 5.681087
476 5.769851
480 5.700543
484 5.630447
488 5.679645
492 5.685060
496 5.701632
500 5.716761
504 5.616896
508 5.634991
512 5.728462
516 5.682557
520 5.663672
524 5.674176
528 5.630528
532 5.662148
536 5.678366
540 5.595671
544 5.574936
548 5.648270
552 5.701931
556 5.705795
560 5.664624
564 5.620542
568 5.654066
572 5.730177
576 5.729959
580 5.709142
584 5.685849
588 5.643998
592 5.666420
596 5.702285
600 5.668516
604 5.696462
608 5.710775
612 5.653767
616 5.697360
620 5.682856
624 5.589575
628 5.654039
632 5.667509
636 5.643291
640 5.702911
644 5.646964
648 5.615045
652 5.710367
656 5.673441
660 5.592922
664 5.596895
668 5.623998
672 5.695645
676 5.741170
680 5.641576
684 5.545547
688 5.580677
692 5.682693
696 5.743075
700 5.732027
704 5.651835
708 5.615943
712 5.663754
716 5.663998
720 5.627590
724 5.666556
728 5.694040
732 5.715346
736 5.737415
740 5.642882
744 5.620487
748 5.698693
752 5.691564
756 5.677849
760 5.661958
764 5.602446
768 5.676216
772 5.738449
776 5.634719
780 5.610936
784 5.613412
788 5.609739
792 5.704108
796 5.711809
800 5.630501
804 5.596052
808 5.577521
812 5.585820
816 5.663808
820 5.705686
824 5.675019
828 5.672625
832 5.673386
836 5.629739
840 5.632841
844 5.658692
848 5.648107
852 5.711863
856 5.742775
860 5.666203
864 5.669468
868 5.668706
872 5.655753
876 5.736680
880 5.702938
884 5.604514
888 5.673142
892 5.664842
896 5.606338
900 5.619072
904 5.569874
908 5.607399
912 5.743973
916 5.705441
920 5.583725
924 5.552867
928 5.576487
932 5.646311
936 5.674883
940 5.624052
944 5.621440
948 5.667264
952 5.678203
956 5.657577
960 5.645712
964 5.629984
968 5.659155
972 5.701822
976 5.637685
980 5.621766
984 5.672951
988 5.654284
992 5.666584
996 5.673359
1000 5.575180
1004 5.624515
1008 5.719428
1012 5.630583
1016 5.587752
1020 5.575044
1024 5.521901
1028 5.617549
1032 5.726068
1036 5.675563
1040 5.627916
1044 5.605249
1048 5.583725
1052 5.631807
1056 5.681495
1060 5.671264
1064 5.654094
1068 5.655291
1072 5.641848
1076 5.635753
1080 5.638746
1084 5.641848
1088 5.695319
1092 5.710965
1096 5.647291
1100 5.604623
1104 5.576378
1108 5.603889
1112 5.687509
1116 5.649576
1120 5.564296
1124 5.619045
1128 5.662665
1132 5.675727
1136 5.665305
1140 5.451586
1144 5.359312
1148 5.556595
1152 5.698421
1156 5.674312
1160 5.635263
1164 5.554554
1168 5.548731
1172 5.649304
1176 5.672679
1180 5.631916
1184 5.673305
1188 5.688325
1192 5.637222
1196 5.603589
1200 5.582745
1204 5.615426
1208 5.741224
1212 5.735782
1216 5.649032
1220 5.649604
1224 5.629386
1228 5.662420
1232 5.729850
1236 5.638937
1240 5.594664
1244 5.649495
1248 5.655536
1252 5.719047
1256 5.729306
1260 5.602147
1264 5.606501
1268 5.650366
1272 5.619018
1276 5.656461
1280 5.669141
1284 5.604732
1288 5.636705
1292 5.645957
1296 5.584215
1300 5.599263
1304 5.676244
1308 5.698475
1312 5.705714
1316 5.683482
1320 5.599562
1324 5.605086
1328 5.690883
1332 5.700843
1336 5.717741
1340 5.696951
1344 5.624515
1348 5.687618
1352 5.732326
1356 5.655128
1360 5.666720
1364 5.669060
1368 5.661549
1372 5.752898
1376 5.695564
1380 5.620433
1384 5.701033
1388 5.692407
1392 5.671237
1396 5.690312
1400 5.604269
1404 5.613195
1408 5.718966
1412 5.678121
1416 5.578908
1420 5.538663
1424 5.592732
1428 5.698693
1432 5.720462
1436 5.649087
1440 5.581249
1444 5.605684
1448 5.664924
1452 5.676951
1456 5.657468
1460 5.645903
1464 5.669386
1468 5.717414
1472 5.685632
1476 5.646311
1480 5.680135
1484 5.667264
1488 5.677495
1492 5.699482
1496 5.631753
1500 5.655427
1504 5.712680
1508 5.676489
1512 5.685495
1516 5.671563
1520 5.598773
1524 5.657849
1528 5.730966
1532 5.678012
1536 5.654747
1540 5.608814
1544 5.569140
1548 5.641930
1552 5.699836
1556 5.680842
1560 5.646801
1564 5.646529
1568 5.657658
1572 5.661713
1576 5.665740
1580 5.637658
1584 5.659862
1588 5.718503
1592 5.687700
1596 5.663101
1600 5.646638
1604 5.644297
1608 5.744490
1612 5.743619
1616 5.624188
1620 5.628243
1624 5.656325
1628 5.695373
1632 5.765062
1636 5.671863
1640 5.595643
1644 5.693224
1648 5.711265
1652 5.699809
1656 5.726068
1660 5.662801
1664 5.661958
1668 5.711754
1672 5.640080
1676 5.603480
1680 5.652107
1684 5.693931
1688 5.720870
1692 5.686992
1696 5.587290
1700 5.573466
1704 5.662720
1708 5.696843
1712 5.668434
1716 5.649658
1720 5.611916
1724 5.654992
1728 5.733252
1732 5.683999
1736 5.652352
1740 5.686557
1744 5.657794
1748 5.692734
1752 5.726748
1756 5.660162
1760 5.676489
1764 5.694720
1768 5.647563
1772 5.672652
1776 5.674747
1780 5.655889
1784 5.733959
1788 5.731428
1792 5.638474
1796 5.612433
1800 5.588949
1804 5.635073
1808 5.741197
1812 5.720707
1816 5.649957
1820 5.627399
1824 5.623045
1828 5.661386
1832 5.692843
1836 5.638338
1840 5.615725
1844 5.680489
1848 5.689496
1852 5.670692
1856 5.677006
1860 5.631753
1864 5.631644
1868 5.714666
1872 5.702231
1876 5.660978
1880 5.702122
1884 5.701305
1888 5.672026
1892 5.671264
1896 5.620569
1900 5.646012
1904 5.760463
1908 5.769279
1912 5.713333
1916 5.654066
1920 5.614174
1924 5.658257
1928 5.710095
1932 5.703509
1936 5.680625
1940 5.676570
1944 5.671482
1948 5.662393
1952 5.636950
1956 5.614229
1960 5.645658
1964 5.691210
1968 5.670801
1972 5.623617
1976 5.590500
1980 5.584922
1984 5.652406
1988 5.661604
1992 5.584895
1996 5.627535
2000 5.703836
2004 5.687808
2008 5.695999
2012 5.655046
2016 5.576432
2020 5.619644
2024 5.699781
2028 5.722476
2032 5.746694
2036 5.720108
2040 5.637005
2044 5.631209
2048 5.674584
2052 5.674203
2056 5.707183
2060 5.715945
2064 5.670121
2068 5.663590
2072 5.611834
2076 5.554255
2080 5.634012
2084 5.704190
2088 5.693958
2092 5.687917
2096 5.606555
2100 5.554690
2104 5.638910
2108 5.637876
2112 5.589902
2116 5.619345
2120 5.640814
2124 5.703482
2128 5.734313
2132 5.606637
2136 5.543017
2140 5.612542
2144 5.663454
2148 5.702911
2152 5.710013
2156 5.641059
2160 5.646338
2164 5.701986
2168 5.669169
2172 5.634392
2176 5.671210
2180 5.700571
2184 5.720190
2188 5.705958
2192 5.594963
2196 5.544758
2200 5.607208
2204 5.613086
2208 5.658556
2212 5.707455
2216 5.607208
2220 5.628079
2224 5.646665
2228 5.532948
2232 5.565276
2236 5.629685
2240 5.652679
2244 5.768245
2248 5.743075
2252 5.595072
2256 5.572595
2260 5.597603
2264 5.654583
2268 5.737252
2272 5.709496
2276 5.635699
2280 5.642501
2284 5.649059
2288 5.634882
2292 5.632896
2296 5.637359
2300 5.658583
2304 5.718068
2308 5.722612
2312 5.629168
2316 5.572242
2320 5.581521
2324 5.613712
2328 5.661060
2332 5.645957
2336 5.629739
2340 5.704543
2344 5.681713
2348 5.589711
2352 5.557847
2356 5.525737
2360 5.618392
2364 5.788355
2368 5.708680
2372 5.600841
2376 5.577249
2380 5.510826
2384 5.597848
2388 5.722721
2392 5.667808
2396 5.640597
2400 5.661794
2404 5.636896
2408 5.624651
2412 5.625984
2416 5.619589
2420 5.663101
2424 5.735864
2428 5.716435
2432 5.658719
2436 5.663101
2440 5.655427
2444 5.629222
2448 5.658910
2452 5.634910
2456 5.648216
2460 5.752218
2464 5.733850
2468 5.657413
2472 5.566854
2476 5.478934
2480 5.603589
2484 5.747619
2488 5.701305
2492 5.668380
2496 5.584568
2500 5.524731
2504 5.632678
2508 5.643699
2512 5.594936
2516 5.681713
2520 5.709904
2524 5.661250
2528 5.657849
2532 5.599943
2536 5.588895
2540 5.686067
2544 5.715564
2548 5.664135
2552 5.641250
2556 5.648978
2560 5.664162
2564 5.698421
2568 5.664924
2572 5.576677
2576 5.619100
2580 5.697115
2584 5.706856
2588 5.727972
2592 5.630011
2596 5.539778
2600 5.639699
2604 5.658202
2608 5.606936
2612 5.657876
2616 5.627236
2620 5.625984
2624 5.663971
2628 5.541085
2632 5.510717
2636 5.632107
2640 5.681659
2644 5.722340
2648 5.705387
2652 5.592024
2656 5.589412
2660 5.659890
2664 5.676869
2668 5.672625
2672 5.653713
2676 5.642665
2680 5.686883
2684 5.726557
2688 5.667073
2692 5.603072
2696 5.624079
2700 5.654039
2704 5.673359
2708 5.676597
2712 5.598827
2716 5.602310
2720 5.659019
2724 5.609821
2728 5.617358
2732 5.641876
2736 5.589684
2740 5.705659
2744 5.734993
2748 5.585602
2752 5.594691
2756 5.612515
2760 5.617521
2764 5.743646
2768 5.720136
2772 5.629413
2776 5.667155
2780 5.678938
2784 5.657359
2788 5.669441
2792 5.647699
2796 5.642556
2800 5.692951
2804 5.709904
2808 5.655155
2812 5.618828
2816 5.628352
2820 5.655100
2824 5.689115
2828 5.666965
2832 5.608977
2836 5.641413
2840 5.675346
2844 5.641331
2848 5.604487
2852 5.526499
2856 5.562854
2860 5.733551
2864 5.710612
2868 5.636188
2872 5.612596
2876 5.550364
2880 5.625059
2884 5.714775
2888 5.648488
2892 5.669087
2896 5.710666
2900 5.666230
2904 5.687128
2908 5.680325
2912 5.634937
2916 5.690421
2920 5.723591
2924 5.668216
2928 5.626447
2932 5.616406
2936 5.640216
2940 5.694122
2944 5.706557
2948 5.636733
2952 5.592541
2956 5.638257
2960 5.677523
2964 5.697169
2968 5.642257
2972 5.554092
2976 5.570228
2980 5.634474
2984 5.650066
2988 5.665713
2992 5.638012
2996 5.593140
3000 5.639372
3004 5.637685
3008 5.564840
3012 5.599507
3016 5.642093
3020 5.681495
3024 5.742313
3028 5.662148
3032 5.598909
3036 5.670203
3040 5.719074
3044 5.722367
3048 5.702748
3052 5.644080
3056 5.639563
3060 5.707346
3064 5.700788
3068 5.636978
3072 5.626338
3076 5.637440
3080 5.658937
3084 5.697768
3088 5.658774
3092 5.597467
3096 5.622882
3100 5.609385
3104 5.574092
3108 5.621739
3112 5.614664
3116 5.656787
3120 5.749742
3124 5.641848
3128 5.554473
3132 5.588895
3136 5.616188
3140 5.685087
3144 5.704271
3148 5.598365
3152 5.560758
3156 5.620079
3160 5.627209
3164 5.649794
3168 5.669740
3172 5.629413
3176 5.673060
3180 5.709414
3184 5.636814
3188 5.600786
3192 5.578527
3196 5.565901
3200 5.655645
3204 5.708081
3208 5.662556
3212 5.675699
3216 5.659835
3220 5.580160
3224 5.568650
3228 5.539125
3232 5.564378
3236 5.708925
3240 5.740326
3244 5.648406
3248 5.611753
3252 5.539588
3256 5.537683
3260 5.697060
3264 5.720027
3268 5.623807
3272 5.659318
3276 5.629250
3280 5.607453
3284 5.646964
3288 5.626528
3292 5.615045
3296 5.714312
3300 5.769470
3304 5.705278
3308 5.637576
3312 5.596977
3316 5.584024
3320 5.655617
3324 5.677795
3328 5.656679
3332 5.691536
3336 5.674638
3340 5.641032
3344 5.600269
3348 5.493737
3352 5.524594
3356 5.672407
3360 5.698448
3364 5.648978
3368 5.551425
3372 5.462552
3376 5.541384
3380 5.614283
3384 5.574038
3388 5.588568
3392 5.634311
3396 5.633059
3400 5.622392
3404 5.564187
3408 5.481981
3412 5.508894
3416 5.671291
3420 5.756735
3424 5.738558
3428 5.727945
3432 5.630474
3436 5.568677
3440 5.632705
3444 5.660896
3448 5.673577
3452 5.731918
3456 5.701387
3460 5.648842
3464 5.641005
3468 5.576106
3472 5.599861
3476 5.706312
3480 5.699319
3484 5.656924
3488 5.561684
3492 5.487478
3496 5.571861
3500 5.632869
3504 5.605140
3508 5.598256
3512 5.601576
3516 5.657087
3520 5.710911
3524 5.630637
3528 5.508186
3532 5.510907
3536 5.616515
3540 5.695836
3544 5.735619
3548 5.710421
3552 5.627644
3556 5.638719
3560 5.634583
3564 5.557575
3568 5.640678
3572 5.743020
3576 5.707482
3580 5.714748
3584 5.614229
3588 5.517220
3592 5.633848
3596 5.703020
3600 5.711646
3604 5.760898
3608 5.672107
3612 5.614256
3616 5.658692
3620 5.605113
3624 5.587072
3628 5.658828
3632 5.644597
3636 5.691536
3640 5.754068
3644 5.639100
3648 5.571425
3652 5.577439
3656 5.579670
3660 5.631345
3664 5.687319
3668 5.663835
3672 5.639427
3676 5.650747
3680 5.623644
3684 5.595099
3688 5.645386
3692 5.695074
3696 5.745170
3700 5.768055
3704 5.657849
3708 5.573847
3712 5.606419
3716 5.646801
3720 5.726585
3724 5.766205
3728 5.671073
3732 5.657685
3736 5.667808
3740 5.607181
3744 5.624868
3748 5.614392
3752 5.625304
3756 5.744109
3760 5.731238
3764 5.648107
3768 5.646393
3772 5.634066
3776 5.640406
3780 5.688543
3784 5.660651
3788 5.622556
3792 5.698094
3796 5.727755
3800 5.652869
3804 5.591045
3808 5.591562
3812 5.630148
3816 5.727319
3820 5.784926
3824 5.687264
3828 5.623889
3832 5.620896
3836 5.616351
3840 5.668679
3844 5.694747
3848 5.693985
3852 5.740707
3856 5.711564
3860 5.643808
3864 5.626365
3868 5.604324
3872 5.643345
3876 5.726612
3880 5.678421
3884 5.626147
3888 5.617249
3892 5.590909
3896 5.638039
3900 5.703265
3904 5.645468
3908 5.655590
3912 5.701713
3916 5.667373
3920 5.678203
3924 5.687047
3928 5.594174
3932 5.585739
3936 5.703237
3940 5.716054
3944 5.689496
3948 5.716598
3952 5.673278
3956 5.665060
3960 5.683618
3964 5.616406
3968 5.613657
3972 5.719972
3976 5.740626
3980 5.729714
3984 5.677169
3988 5.568731
3992 5.619698
3996 5.722503
4000 5.683536
4004 5.647127
4008 5.618583
4012 5.611372
4016 5.687645
4020 5.659155
4024 5.540785
4028 5.558255
4032 5.639018
4036 5.673495
4040 5.684108
4044 5.603480
4048 5.543207
4052 5.643209
4056 5.671835
4060 5.616678
4064 5.643209
4068 5.671291
4072 5.706720
4076 5.750531
4080 5.693142
4084 5.618011
4088 5.635073
4092 5.666747
4096 5.689087
4100 5.723646
4104 5.673985
4108 5.634719
4112 5.665903
4116 5.645468
4120 5.645440
4124 5.690856
4128 5.677414
4132 5.664298
4136 5.695482
4140 5.631562
4144 5.582419
4148 5.612596
4152 5.612623
4156 5.666039
4160 5.712190
4164 5.622828
4168 5.588378
4172 5.638093
4176 5.644080
4180 5.634365
4184 5.620596
4188 5.567344
4192 5.618447
4196 5.726557
4200 5.716544
4204 5.658828
4208 5.618800
4212 5.618093
4216 5.689686
4220 5.716734
4224 5.680053
4228 5.682257
4232 5.682638
4236 5.661658
4240 5.667182
4244 5.652787
4248 5.656597
4252 5.732925
4256 5.737905
4260 5.641195
4264 5.596650
4268 5.586038
4272 5.633821
4276 5.736843
4280 5.693931
4284 5.597249
4288 5.630882
4292 5.667237
4296 5.656815
4300 5.680298
4304 5.627698
4308 5.556976
4312 5.623045
4316 5.640569
4320 5.607372
4324 5.645903
4328 5.638338
4332 5.603834
4336 5.619807
4340 5.608542
4344 5.613385
4348 5.665495
4352 5.667128
4356 5.634202
4360 5.590854
4364 5.560514
4368 5.614147
4372 5.699101
4376 5.715482
4380 5.687863
4384 5.639073
4388 5.604215
4392 5.642175
4396 5.682012
4400 5.651536
4404 5.621113
4408 5.624270
4412 5.626828
4416 5.680271
4420 5.700435
4424 5.587290
4428 5.572323
4432 5.646502
4436 5.630556
4440 5.627236
4444 5.626120
4448 5.573765
4452 5.635726
4456 5.692979
4460 5.605739
4464 5.588269
4468 5.646774
4472 5.681795
4476 5.718585
4480 5.649087
4484 5.557221
4488 5.592324
4492 5.671835
4496 5.704135
4500 5.685550
4504 5.634828
4508 5.640950
4512 5.696298
4516 5.700679
4520 5.642365
4524 5.620487
4528 5.640814
4532 5.667264
4536 5.705795
4540 5.661686
4544 5.593739
4548 5.633658
4552 5.652706
4556 5.631699
4560 5.647753
4564 5.609031
4568 5.602120
4572 5.693142
4576 5.639889
4580 5.555235
4584 5.583779
4588 5.593956
4592 5.646257
4596 5.720598
4600 5.651672
4604 5.600977
4608 5.616787
4612 5.588568
4616 5.612406
4620 5.646556
4624 5.620324
4628 5.648161
4632 5.695809
4636 5.688353
4640 5.672325
4644 5.631399
4648 5.608378
4652 5.654338
4656 5.700190
4660 5.665522
4664 5.645223
4668 5.654175
4672 5.623753
4676 5.635753
4680 5.649332
4684 5.558554
4688 5.590990
4692 5.685768
4696 5.635807
4700 5.606827
4704 5.576786
4708 5.554636
4712 5.668652
4716 5.707346
4720 5.647155
4724 5.671699
4728 5.687863
4732 5.685795
4736 5.692462
4740 5.599916
4744 5.569820
4748 5.669740
4752 5.713061
4756 5.718721
4760 5.693659
4764 5.617821
4768 5.623943
4772 5.672298
4776 5.667400
4780 5.668679
4784 5.702775
4788 5.680325
4792 5.644216
4796 5.623753
4800 5.542364
4804 5.548268
4808 5.695754
4812 5.730013
4816 5.656787
4820 5.626175
4824 5.570364
4828 5.569956
4832 5.663155
4836 5.649005
4840 5.596705
4844 5.649359
4848 5.671999
4852 5.704380
4856 5.723782
4860 5.631889
4864 5.601630
4868 5.638910
4872 5.671019
4876 5.719346
4880 5.697387
4884 5.635372
4888 5.649168
4892 5.665604
4896 5.641086
4900 5.658175
4904 5.670883
4908 5.689251
4912 5.737796
4916 5.671590
4920 5.524077
4924 5.510771
4928 5.640189
4932 5.705033
4936 5.730476
4940 5.692462
4944 5.553602
4948 5.584541
4952 5.670774
4956 5.622637
4960 5.613793
4964 5.660080
4968 5.669849
4972 5.743619
4976 5.721360
4980 5.611317
4984 5.617086
4988 5.656951
4992 5.678475
4996 5.729768
5000 5.688162
5004 5.642583
5008 5.695428
5012 5.664951
5016 5.623209
5020 5.655427
5024 5.671182
5028 5.731483
5032 5.778205
5036 5.670094
5040 5.569575
5044 5.577004
5048 5.573330
5052 5.636814
5056 5.726802
5060 5.651291
5064 5.602120
5068 5.655236
5072 5.638583
5076 5.615862
5080 5.658910
5084 5.659890
5088 5.691128
5092 5.755755
5096 5.676788
5100 5.622066
5104 5.649794
5108 5.639726
5112 5.670039
5116 5.714312
5120 5.650991
5124 5.664706
5128 5.719047
5132 5.671536
5136 5.650093
5140 5.619290
5144 5.581276
5148 5.697496
5152 5.798858
5156 5.722666
5160 5.664516
5164 5.613004
5168 5.570636
5172 5.647617
5176 5.653685
5180 5.603317
5184 5.675808
5188 5.709496
5192 5.627943
5196 5.556241
5200 5.515070
5204 5.555071
5208 5.717061
5212 5.765116
5216 5.669631
5220 5.597929
5224 5.582147
5228 5.625712
5232 5.682421
5236 5.684026
5240 5.668298
5244 5.707754
5248 5.713904
5252 5.675618
5256 5.650556
5260 5.597303
5264 5.611644
5268 5.705714
5272 5.715945
5276 5.688271
5280 5.688135
5284 5.633767
5288 5.635481
5292 5.671073
5296 5.611154
5300 5.582990
5304 5.639154
5308 5.649658
5312 5.656869
5316 5.646229
5320 5.516322
5324 5.479396
5328 5.614909
5332 5.687183
5336 5.697196
5340 5.668352
5344 5.619998
5348 5.610501
5352 5.632515
5356 5.630093
5360 5.639971
5364 5.699292
5368 5.731809
5372 5.717768
5376 5.653223
5380 5.590256
5384 5.614447
5388 5.680761
5392 5.690285
5396 5.648488
5400 5.618692
5404 5.607290
5408 5.672869
5412 5.698693
5416 5.585684
5420 5.560051
5424 5.631644
5428 5.649059
5432 5.698258
5436 5.646801
5440 5.507696
5444 5.553901
5448 5.633032
5452 5.603752
5456 5.657522
5460 5.698829
5464 5.670720
5468 5.670910
5472 5.625576
5476 5.579779
5480 5.641794
5484 5.701659
5488 5.721632
5492 5.703700
5496 5.622419
5500 5.595997
5504 5.649386
5508 5.687509
5512 5.680924
5516 5.655481
5520 5.598365
5524 5.589521
5528 5.651726
5532 5.653658
5536 5.619209
5540 5.635807
5544 5.628515
5548 5.627100
5552 5.684298
5556 5.647345
5560 5.588841
5564 5.634447
5568 5.606773
5572 5.604025
5576 5.653631
5580 5.618447
5584 5.659536
5588 5.747238
5592 5.673359
5596 5.597031
5600 5.608433
5604 5.644842
5608 5.735129
5612 5.752572
5616 5.650338
5620 5.598637
5624 5.626120
5628 5.683863
5632 5.730068
5636 5.683373
5640 5.612705
5644 5.637903
5648 5.658121
5652 5.626147
5656 5.620923
5660 5.624760
5664 5.655046
5668 5.713442
5672 5.679863
5676 5.579072
5680 5.613331
5684 5.683917
5688 5.664597
5692 5.636324
5696 5.581738
5700 5.559942
5704 5.661114
5708 5.710476
5712 5.622093
5716 5.599208
5720 5.600841
5724 5.610283
5728 5.703265
5732 5.676543
5736 5.613304
5740 5.623372
5744 5.610474
5748 5.634012
5752 5.690230
5756 5.674257
5760 5.669495
5764 5.677305
5768 5.643481
5772 5.647862
5776 5.648107
5780 5.624052
5784 5.660733
5788 5.690176
5792 5.651427
5796 5.612324
5800 5.610555
5804 5.621576
5808 5.661413
5812 5.675563
5816 5.587317
5820 5.558745
5824 5.642202
5828 5.657005
5832 5.621875
5836 5.599480
5840 5.567915
5844 5.644189
5848 5.730530
5852 5.674801
5856 5.614310
5860 5.610610
5864 5.626937
5868 5.683101
5872 5.676706
5876 5.631154
5880 5.686312
5884 5.715319
5888 5.689060
5892 5.681876
5896 5.644488
5900 5.664216
5904 5.726394
5908 5.715074
5912 5.678339
5916 5.680189
5920 5.672733
5924 5.695972
5928 5.722095
5932 5.676352
5936 5.654937
5940 5.694965
5944 5.692979
5948 5.653930
5952 5.628841
5956 5.601004
5960 5.611998
5964 5.705550
5968 5.720979
5972 5.641740
5976 5.605467
5980 5.607889
5984 5.630256
5988 5.681332
5992 5.636787
5996 5.588568
6000 5.607589
6004 5.613821
6008 5.644515
6012 5.657903
6016 5.597848
6020 5.608487
6024 5.678176
6028 5.669767
6032 5.658747
6036 5.649576
6040 5.616814
6044 5.669196
6048 5.697360
6052 5.654230
6056 5.657359
6060 5.684897
6064 5.696108
6068 5.716272
6072 5.670312
6076 5.581711
6080 5.620651
6084 5.706612
6088 5.711183
6092 5.691074
6096 5.617821
6100 5.563697
6104 5.630420
6108 5.701795
6112 5.656134
6116 5.635699
6120 5.650066
6124 5.649032
6128 5.671672
6132 5.612895
6136 5.567289
6140 5.659998
6144 5.721659
6148 5.696652
6152 5.680108
6156 5.633141
6160 5.642202
6164 5.714312
6168 5.694230
6172 5.650665
6176 5.668135
6180 5.672951
6184 5.703564
6188 5.727755
6192 5.646420
6196 5.611943
6200 5.664243
6204 5.650311
6208 5.646719
6212 5.644488
6216 5.579099
6220 5.594501
6224 5.662774
6228 5.611508
6232 5.607562
6236 5.659019
6240 5.649876
6244 5.699428
6248 5.703183
6252 5.617032
6256 5.621766
6260 5.656080
6264 5.679482
6268 5.730422
6272 5.704271
6276 5.627644
6280 5.654883
6284 5.705659
6288 5.687291
6292 5.663155
6296 5.646365
6300 5.640433
6304 5.710666
6308 5.729605
6312 5.643862
6316 5.627454
6320 5.658393
6324 5.668842
6328 5.697196
6332 5.660842
6336 5.594990
6340 5.658175
6344 5.683863
6348 5.567643
6352 5.527397
6356 5.537302
6360 5.626610
6364 5.745742
6368 5.670393
6372 5.583507
6376 5.591371
6380 5.632841
6384 5.692489
6388 5.710421
6392 5.653903
6396 5.654611
6400 5.694856
6404 5.676162
6408 5.666311
6412 5.668243
6416 5.671727
6420 5.696571
6424 5.723428
6428 5.679373
6432 5.640569
6436 5.674230
6440 5.691645
6444 5.702884
6448 5.715918
6452 5.668407
6456 5.657332
6460 5.715047
6464 5.708299
6468 5.684598
6472 5.662393
6476 5.592405
6480 5.624324
6484 5.713550
6488 5.684870
6492 5.617630
6496 5.584732
6500 5.586092
6504 5.653495
6508 5.657876
6512 5.617521
6516 5.654121
6520 5.684298
6524 5.688135
6528 5.664243
6532 5.620868
6536 5.634801
6540 5.738340
6544 5.776109
6548 5.694802
6552 5.646338
6556 5.619045
6560 5.633875
6564 5.717306
6568 5.709632
6572 5.647236
6576 5.695047
6580 5.709033
6584 5.652787
6588 5.669223
6592 5.626283
6596 5.621821
6600 5.730830
6604 5.704081
6608 5.623780
6612 5.638501
6616 5.612678
6620 5.641331
6624 5.708897
6628 5.610038
6632 5.568922
6636 5.641576
6640 5.657740
6644 5.672053
6648 5.640297
6652 5.574419
6656 5.594691
6660 5.687373
6664 5.711646
6668 5.718176
6672 5.690530
6676 5.638637
6680 5.651100
6684 5.677849
6688 5.661631
6692 5.660053
6696 5.707346
6700 5.699237
6704 5.687945
6708 5.664080
6712 5.565983
6716 5.598065
6720 5.699918
6724 5.691346
6728 5.666638
6732 5.594174
6736 5.523642
6740 5.633576
6744 5.681550
6748 5.597521
6752 5.600079
6756 5.599480
6760 5.660189
6764 5.739537
6768 5.652216
6772 5.581385
6776 5.619589
6780 5.665087
6784 5.706666
6788 5.712625
6792 5.676135
6796 5.682094
6800 5.689332
6804 5.658719
6808 5.622392
6812 5.647835
6816 5.721333
6820 5.735129
6824 5.707673
6828 5.619589
6832 5.547643
6836 5.631263
6840 5.724843
6844 5.701196
6848 5.670747
6852 5.597984
6856 5.544731
6860 5.623209
6864 5.615807
6868 5.598963
6872 5.634529
6876 5.595290
6880 5.642311
6884 5.666692
6888 5.620460
6892 5.668216
6896 5.675074
6900 5.645141
6904 5.679944
6908 5.666910
6912 5.663373
6916 5.716027
6920 5.704299
6924 5.670856
6928 5.639699
6932 5.624569
6936 5.672434
6940 5.732517
6944 5.733388
6948 5.646746
6952 5.584922
6956 5.634692
6960 5.678720
6964 5.713142
6968 5.731047
6972 5.630583
6976 5.633522
6980 5.685495
6984 5.607263
6988 5.590936
6992 5.612025
6996 5.624814
7000 5.716761
7004 5.679863
7008 5.563207
7012 5.603453
7016 5.650148
7020 5.683645
7024 5.722639
7028 5.638175
7032 5.651019
7036 5.718993
7040 5.690394
7044 5.679917
7048 5.658529
7052 5.644488
7056 5.720299
7060 5.748789
7064 5.680434
7068 5.628025
7072 5.615453
7076 5.646828
7080 5.678665
7084 5.674720
7088 5.646202
7092 5.641440
7096 5.700543
7100 5.687591
7104 5.627971
7108 5.621331
7112 5.613276
7116 5.647617
7120 5.700924
7124 5.639971
7128 5.601848
7132 5.629467
7136 5.620406
7140 5.689659
7144 5.687564
7148 5.593031
7152 5.639862
7156 5.658883
7160 5.646420
7164 5.674910
7168 5.612542
7172 5.588405
7176 5.688598
7180 5.714149
7184 5.699074
7188 5.675509
7192 5.603889
7196 5.639944
7200 5.695972
7204 5.659944
7208 5.621630
7212 5.604133
7216 5.641223
7220 5.688598
7224 5.657522
7228 5.584296
7232 5.561248
7236 5.631209
7240 5.697496
7244 5.656080
7248 5.612895
7252 5.609276
7256 5.642910
7260 5.702067
7264 5.650719
7268 5.618120
7272 5.683863
7276 5.696162
7280 5.693632
7284 5.665005
7288 5.575126
7292 5.625576
7296 5.712843
7300 5.673359
7304 5.684978
7308 5.673659
7312 5.640651
7316 5.707510
7320 5.705469
7324 5.659318
7328 5.681468
7332 5.675917
7336 5.677659
7340 5.705224
7344 5.670067
7348 5.649468
7352 5.674284
7356 5.661903
7360 5.638120
7364 5.612841
7368 5.595344
7372 5.631454
7376 5.670039
7380 5.651100
7384 5.591208
7388 5.567697
7392 5.611861
7396 5.687183
7400 5.751946
7404 5.692244
7408 5.566663
7412 5.587426
7416 5.646039
7420 5.668788
7424 5.701877
7428 5.636950
7432 5.612324
7436 5.697822
7440 5.683427
7444 5.640651
7448 5.662828
7452 5.659291
7456 5.704407
7460 5.724843
7464 5.625685
7468 5.615181
7472 5.666148
7476 5.685033
7480 5.705986
7484 5.612841
7488 5.526146
7492 5.616814
7496 5.697931
7500 5.657060
7504 5.581167
7508 5.518200
7512 5.587589
7516 5.704054
7520 5.699074
7524 5.640107
7528 5.622909
7532 5.649767
7536 5.678910
7540 5.692734
7544 5.673767
7548 5.649413
7552 5.697115
7556 5.727211
7560 5.667618
7564 5.652896
7568 5.668706
7572 5.664080
7576 5.731347
7580 5.725006
7584 5.625603
7588 5.633141
7592 5.637739
7596 5.625059
7600 5.668842
7604 5.614365
7608 5.562201
7612 5.651400
7616 5.662665
7620 5.655971
7624 5.639182
7628 5.563888
7632 5.618174
7636 5.690203
7640 5.671672
7644 5.662121
7648 5.631426
7652 5.618964
7656 5.676244
7660 5.691237
7664 5.637059
7668 5.650665
7672 5.695673
7676 5.690557
7680 5.664896
7684 5.621358
7688 5.592460
7692 5.667536
7696 5.783021
7700 5.739673
7704 5.640542
7708 5.620760
7712 5.617277
7716 5.686339
7720 5.742258
7724 5.624896
7728 5.606229
7732 5.681686
7736 5.624460
7740 5.618365
7744 5.587017
7748 5.525166
7752 5.658393
7756 5.724190
7760 5.612025
7764 5.595399
7768 5.601576
7772 5.644597
7776 5.725632
7780 5.636896
7784 5.602474
7788 5.682910
7792 5.687700
7796 5.707537
7800 5.680625
7804 5.614174
7808 5.628787
7812 5.687917
7816 5.711673
7820 5.708761
7824 5.697441
7828 5.672951
7832 5.658039
7836 5.673659
7840 5.666937
7844 5.659509
7848 5.698176
7852 5.698720
7856 5.674420
7860 5.650066
7864 5.541275
7868 5.541874
7872 5.676407
7876 5.711618
7880 5.714911
7884 5.651182
7888 5.542853
7892 5.612270
7896 5.687863
7900 5.671210
7904 5.683101
7908 5.656543
7912 5.667971
7916 5.732952
7920 5.686910
7924 5.611453
7928 5.640107
7932 5.686774
7936 5.716353
7940 5.720517
7944 5.645495
7948 5.611508
7952 5.665713
7956 5.689713
7960 5.675046
7964 5.639563
7968 5.667645
7972 5.708190
7976 5.718068
7980 5.649631
7984 5.558364
7988 5.597249
7992 5.687128
7996 5.706748
8000 5.701523
8004 5.598990
8008 5.563616
8012 5.642121
8016 5.641740
8020 5.599644
8024 5.673060
8028 5.675373
8032 5.681251
8036 5.692734
8040 5.626801
8044 5.630692
8048 5.707428
8052 5.715727
8056 5.730966
8060 5.703754
8064 5.643916
8068 5.651100
8072 5.694639
8076 5.683046
8080 5.643563
8084 5.656134
8088 5.675999
8092 5.678584
8096 5.720898
8100 5.660189
8104 5.574364
8108 5.607480
8112 5.679563
8116 5.700679
8120 5.704979
8124 5.627753
8128 5.586201
8132 5.634801
8136 5.636569
8140 5.646937
8144 5.702666
8148 5.704952
8152 5.751592
8156 5.721115
8160 5.592242
8164 5.597739
8168 5.667318
8172 5.719401
8176 5.794123
8180 5.728490
8184 5.632379
8188 5.658856
8192 5.661549
8196 5.656298
8200 5.680461
8204 5.657849
8208 5.677169
8212 5.744245
8216 5.682502
8220 5.599045
8224 5.591752
8228 5.644488
8232 5.696979
8236 5.711782
8240 5.656951
8244 5.605331
8248 5.653060
8252 5.679373
8256 5.645032
8260 5.659481
8264 5.676108
8268 5.726149
8272 5.771184
8276 5.716299
8280 5.654801
8284 5.655726
8288 5.640052
8292 5.704489
8296 5.769334
8300 5.689305
8304 5.680271
8308 5.708435
8312 5.629930
8316 5.646529
8320 5.658257
8324 5.632896
8328 5.726394
8332 5.755538
8336 5.654474
8340 5.620977
8344 5.571643
8348 5.590120
8352 5.715074
8356 5.741605
8360 5.685251
8364 5.665522
8368 5.646610
8372 5.640025
8376 5.629984
8380 5.642338
8384 5.659808
8388 5.701333
8392 5.756218
8396 5.716027
8400 5.659373
8404 5.662720
8408 5.674965
8412 5.740463
8416 5.751048
8420 5.677087
8424 5.677523
8428 5.678693
8432 5.662230
8436 5.696380
8440 5.663699
8444 5.637821
8448 5.720898
8452 5.713442
8456 5.654583
8460 5.629467
8464 5.577874
8468 5.621794
8472 5.689877
8476 5.667509
8480 5.677087
8484 5.676543
8488 5.662801
8492 5.659971
8496 5.606855
8500 5.586636
8504 5.649930
8508 5.717931
8512 5.725088
8516 5.665985
8520 5.626882
8524 5.634256
8528 5.680189
8532 5.748000
8536 5.731864
8540 5.687400
8544 5.690013
8548 5.668162
8552 5.687019
8556 5.712353
8560 5.642257
8564 5.658339
8568 5.717306
8572 5.689360
8576 5.701741
8580 5.651889
8584 5.589222
8588 5.649631
8592 5.665958
8596 5.623862
8600 5.631018
8604 5.653930
8608 5.678856
8612 5.686992
8616 5.600678
8620 5.561711
8624 5.628460
8628 5.721986
8632 5.748136
8636 5.660298
8640 5.549656
8644 5.562772
8648 5.668897
8652 5.721088
8656 5.706884
8660 5.704489
8664 5.666203
8668 5.668951
8672 5.712353
8676 5.669305
8680 5.659645
8684 5.733469
8688 5.709877
8692 5.700679
8696 5.720734
8700 5.656733
8704 5.679890
8708 5.751429
8712 5.676189
8716 5.621603
8720 5.602120
8724 5.559371
8728 5.668135
8732 5.725850
8736 5.633331
8740 5.586419
8744 5.583126
8748 5.659617
8752 5.723455
8756 5.682502
8760 5.616025
8764 5.599780
8768 5.641277
8772 5.684189
8776 5.675101
8780 5.637685
8784 5.648216
8788 5.691754
8792 5.696135
8796 5.652787
8800 5.659209
8804 5.695945
8808 5.704462
8812 5.722313
8816 5.676788
8820 5.638338
8824 5.705741
8828 5.733632
8832 5.721224
8836 5.721224
8840 5.670230
8844 5.678094
8848 5.736816
8852 5.699945
8856 5.683509
8860 5.678584
8864 5.643536
8868 5.695210
8872 5.714231
8876 5.642583
8880 5.640107
8884 5.654692
8888 5.664597
8892 5.687564
8896 5.633685
8900 5.603290
8904 5.633549
8908 5.638801
8912 5.669305
8916 5.640814
8920 5.619263
8924 5.658992
8928 5.701904
8932 5.689414
8936 5.591589
8940 5.566908
8944 5.651182
8948 5.701088
8952 5.713033
8956 5.692598
8960 5.636352
8964 5.658964
8968 5.711754
8972 5.687128
8976 5.695128
8980 5.687183
8984 5.683808
8988 5.730313
8992 5.677767
8996 5.626011
9000 5.668624
9004 5.668543
9008 5.711455
9012 5.738993
9016 5.603671
9020 5.582963
9024 5.660624
9028 5.664760
9032 5.685441
9036 5.646039
9040 5.589385
9044 5.647971
9048 5.715619
9052 5.689686
9056 5.626474
9060 5.607508
9064 5.661577
9068 5.702557
9072 5.714448
9076 5.685523
9080 5.624624
9084 5.670965
9088 5.699401
9092 5.647291
9096 5.653549
9100 5.657332
9104 5.698176
9108 5.765225
9112 5.680625
9116 5.582854
9120 5.588759
9124 5.620460
9128 5.723564
9132 5.739347
9136 5.624569
9140 5.623971
9144 5.608351
9148 5.609031
9152 5.675618
9156 5.617385
9160 5.617549
9164 5.733714
9168 5.683346
9172 5.649849
9176 5.662502
9180 5.614555
9184 5.665305
9188 5.733115
9192 5.703999
9196 5.662720
9200 5.646257
9204 5.676135
9208 5.690775
9212 5.678720
9216 5.661250
9220 5.643916
9224 5.684434
9228 5.741170
9232 5.689904
9236 5.634284
9240 5.620215
9244 5.630528
9248 5.705768
9252 5.699101
9256 5.640243
9260 5.652951
9264 5.658801
9268 5.678829
9272 5.662257
9276 5.586500
9280 5.640706
9284 5.719972
9288 5.703918
9292 5.699319
9296 5.606637
9300 5.569466
9304 5.702176
9308 5.709605
9312 5.630420
9316 5.637685
9320 5.637413
9324 5.660651
9328 5.722476
9332 5.638311
9336 5.574174
9340 5.625603
9344 5.664815
9348 5.697986
9352 5.697904
9356 5.655835
9360 5.640678
9364 5.680761
9368 5.693849
9372 5.651372
9376 5.650855
9380 5.686094
9384 5.712244
9388 5.713931
9392 5.665631
9396 5.609766
9400 5.646447
9404 5.697822
9408 5.711129
9412 5.692761
9416 5.589194
9420 5.564241
9424 5.652542
9428 5.645495
9432 5.622719
9436 5.610583
9440 5.566282
9444 5.655998
9448 5.729306
9452 5.625059
9456 5.608079
9460 5.628460
9464 5.644706
9468 5.706421
9472 5.683210
9476 5.627971
9480 5.682230
9484 5.700707
9488 5.672761
9492 5.674965
9496 5.626637
9500 5.645957
9504 5.744980
9508 5.736326
9512 5.679563
9516 5.638774
9520 5.610365
9524 5.650093
9528 5.721768
9532 5.702748
9536 5.667209
9540 5.684978
9544 5.687591
9548 5.648624
9552 5.627862
9556 5.632569
9560 5.657168
9564 5.730503
9568 5.720816
9572 5.613957
9576 5.586419
9580 5.610773
9584 5.663454
9588 5.715945
9592 5.665903
9596 5.620025
9600 5.648896
9604 5.643808
9608 5.647263
9612 5.644080
9616 5.615208
9620 5.663998
9624 5.709278
9628 5.673414
9632 5.662475
9636 5.639481
9640 5.638175
9644 5.708380
9648 5.669386
9652 5.627590
9656 5.691019
9660 5.695809
9664 5.702720
9668 5.717387
9672 5.630175
9676 5.587643
9680 5.667726
9684 5.724816
9688 5.713442
9692 5.680815
9696 5.619562
9700 5.579562
9704 5.626692
9708 5.697795
9712 5.655236
9716 5.631073
9720 5.661876
9724 5.637739
9728 5.621413
9732 5.593684
9736 5.574255
9740 5.661686
9744 5.715210
9748 5.674965
9752 5.651753
9756 5.626066
9760 5.657821
9764 5.714231
9768 5.666012
9772 5.636216
9776 5.645413
9780 5.663726
9784 5.741578
9788 5.715564
9792 5.588813
9796 5.601113
9800 5.663318
9804 5.682611
9808 5.740136
9812 5.693169
9816 5.611861
9820 5.649359
9824 5.655917
9828 5.633032
9832 5.650991
9836 5.703809
9840 5.693305
9844 5.685931
9848 5.673169
9852 5.590854
9856 5.590065
9860 5.700952
9864 5.704897
9868 5.675182
9872 5.652651
9876 5.589684
9880 5.661903
9884 5.730530
9888 5.663073
9892 5.631726
9896 5.610610
9900 5.617168
9904 5.707591
9908 5.705088
9912 5.646093
9916 5.649685
9920 5.631671
9924 5.658964
9928 5.708380
9932 5.676489
9936 5.691672
9940 5.707700
9944 5.652053
9948 5.627971
9952 5.622175
9956 5.629250
9960 5.709305
9964 5.728979
9968 5.655645
9972 5.600215
9976 5.601195
9980 5.648107
9984 5.691945
9988 5.681305
9992 5.611317
9996 5.588160
10000 5.666475
10004 5.684978
10008 5.680652
10012 5.670257
10016 5.611154
10020 5.650883
10024 5.716054
10028 5.672271
10032 5.678393
10036 5.688516
10040 5.660597
10044 5.696516
10048 5.691536
10052 5.647291
10056 5.683536
10060 5.709496
10064 5.694965
10068 5.675346
10072 5.612542
10076 5.603644
10080 5.656951
10084 5.646502
10088 5.629821
10092 5.630692
10096 5.630556
10100 5.681740
10104 5.674475
10108 5.612052
10112 5.592296
10116 5.639699
10120 5.701877
10124 5.725306
10128 5.671808
10132 5.624052
10136 5.637957
10140 5.693414
10144 5.706530
10148 5.683155
10152 5.700271
10156 5.685795
10160 5.684461
10164 5.722993
10168 5.646393
10172 5.640651
10176 5.725687
10180 5.696598
10184 5.696081
10188 5.719809
10192 5.604161
10196 5.603181
10200 5.668053
10204 5.620868
10208 5.588160
10212 5.612596
10216 5.643291
10220 5.680135
10224 5.672298
10228 5.600895
10232 5.561874
10236 5.622229
10240 5.702666
10244 5.724925
10248 5.680815
10252 5.619889
10256 5.600705
10260 5.660978
10264 5.685632
10268 5.681713
10272 5.685523
10276 5.666992
10280 5.703918
10284 5.705115
10288 5.629440
10292 5.628760
10296 5.656815
10300 5.675563
10304 5.743156
10308 5.702339
10312 5.622800
10316 5.681822
10320 5.672706
10324 5.611426
10328 5.628460
10332 5.584895
10336 5.628025
10340 5.782640
10344 5.696843
10348 5.542472
10352 5.505710
10356 5.552405
10360 5.692244
10364 5.764082
10368 5.697332
10372 5.631318
10376 5.613195
10380 5.627889
10384 5.655236
10388 5.672107
10392 5.683210
10396 5.713904
10400 5.728979
10404 5.673278
10408 5.626093
10412 5.648842
10416 5.671971
10420 5.707537
10424 5.735918
10428 5.660924
10432 5.660815
10436 5.701196
10440 5.671237
10444 5.693768
10448 5.668733
10452 5.615508
10456 5.680625
10460 5.711618
10464 5.665822
10468 5.675835
10472 5.599671
10476 5.544867
10480 5.655019
10484 5.672597
10488 5.648787
10492 5.686230
10496 5.657794
10500 5.665740
10504 5.673849
10508 5.630284
10512 5.648951
10516 5.716816
10520 5.747184
10524 5.717306
10528 5.659862
10532 5.636869
10536 5.656842
10540 5.747782
10544 5.753823
10548 5.646365
10552 5.637603
10556 5.673278
10560 5.665604
10564 5.711183
10568 5.682938
10572 5.607290
10576 5.689550
10580 5.729877
10584 5.640651
10588 5.629930
10592 5.605004
10596 5.649250
10600 5.725469
10604 5.635100
10608 5.581684
10612 5.607916
10616 5.641359
10620 5.687319
10624 5.648134
10628 5.599371
10632 5.649522
10636 5.688162
10640 5.691781
10644 5.680461
10648 5.640243
10652 5.661849
10656 5.715999
10660 5.731700
10664 5.710013
10668 5.677659
10672 5.670937
10676 5.669005
10680 5.683183
10684 5.712244
10688 5.678176
10692 5.682366
10696 5.721034
10700 5.652923
10704 5.636270
10708 5.653957
10712 5.610800
10716 5.692543
10720 5.746640
10724 5.628596
10728 5.570609
10732 5.561874
10736 5.607208
10740 5.728952
10744 5.701768
10748 5.645740
10752 5.671346
10756 5.657958
10760 5.699564
10764 5.695264
10768 5.633277
10772 5.670420
10776 5.712952
10780 5.701414
10784 5.706693
10788 5.667019
10792 5.639644
10796 5.693577
10800 5.692462
10804 5.635644
10808 5.644488
10812 5.685251
10816 5.718149
10820 5.696271
10824 5.655291
10828 5.570038
10832 5.609412
10836 5.770531
10840 5.759102
10844 5.668053
10848 5.662094
10852 5.599045
10856 5.620243
10860 5.705904
10864 5.678856
10868 5.704680
10872 5.743510
10876 5.694094
10880 5.677114
10884 5.639508
10888 5.628243
10892 5.714530
10896 5.750422
10900 5.711618
10904 5.698747
10908 5.632134
10912 5.619018
10916 5.684815
10920 5.688489
10924 5.674910
10928 5.670584
10932 5.679182
10936 5.691373
10940 5.667808
10944 5.630148
10948 5.597195
10952 5.627345
10956 5.695945
10960 5.720054
10964 5.712979
10968 5.669686
10972 5.613739
10976 5.646801
10980 5.670910
10984 5.645549
10988 5.697768
10992 5.722285
10996 5.723564
11000 5.723129
11004 5.636216
11008 5.614283
11012 5.697523
11016 5.738585
11020 5.764762
11024 5.725823
11028 5.624379
11032 5.656624
11036 5.696244
11040 5.648624
11044 5.656924
11048 5.676625
11052 5.690094
11056 5.746803
11060 5.708163
11064 5.580623
11068 5.556650
11072 5.632651
11076 5.689414
11080 5.701850
11084 5.668543
11088 5.634665
11092 5.646093
11096 5.658202
11100 5.605222
11104 5.593303
11108 5.652842
11112 5.711074
11116 5.733551
11120 5.672597
11124 5.607834
11128 5.619317
11132 5.659890
11136 5.706285
11140 5.759565
11144 5.718204
11148 5.673822
11152 5.689604
11156 5.652107
11160 5.660597
11164 5.709822
11168 5.668053
11172 5.697033
11176 5.751429
11180 5.662420
11184 5.630610
11188 5.639454
11192 5.609793
11196 5.669169
11200 5.710476
11204 5.662611
11208 5.626664
11212 5.653740
11216 5.669277
11220 5.625875
11224 5.605984
11228 5.642420
11232 5.694883
11236 5.744517
11240 5.700952
11244 5.589739
11248 5.586881
11252 5.641413
11256 5.681931
11260 5.707945
11264 5.666965
11268 5.674284
11272 5.713061
11276 5.679944
11280 5.646828
11284 5.626474
11288 5.647889
11292 5.743293
11296 5.743701
11300 5.676108
11304 5.657930
11308 5.619372
11312 5.629358
11316 5.685659
11320 5.631807
11324 5.635046
11328 5.699945
11332 5.655100
11336 5.610038
11340 5.572895
11344 5.565357
11348 5.654692
11352 5.730476
11356 5.713033
11360 5.626147
11364 5.569684
11368 5.613195
11372 5.649767
11376 5.682910
11380 5.680489
11384 5.639563
11388 5.675155
11392 5.693414
11396 5.681169
11400 5.703509
11404 5.649794
11408 5.636705
11412 5.720489
11416 5.711319
11420 5.686693
11424 5.673659
11428 5.615562
11432 5.654338
11436 5.676053
11440 5.589412
11444 5.590637
11448 5.636597
11452 5.670175
11456 5.695047
11460 5.583480
11464 5.486743
11468 5.579235
11472 5.678475
11476 5.711455
11480 5.675536
11484 5.581902
11488 5.603671
11492 5.683183
11496 5.698720
11500 5.672080
11504 5.631671
11508 5.647100
11512 5.697196
11516 5.713169
11520 5.670774
11524 5.625794
11528 5.686176
11532 5.729904
11536 5.675754
11540 5.681387
11544 5.660189
11548 5.632733
11552 5.712462
11556 5.637005
11560 5.515968
11564 5.596514
11568 5.655617
11572 5.683291
11576 5.705088
11580 5.561194
11584 5.525112
11588 5.633658
11592 5.659182
11596 5.678910
11600 5.642746
11604 5.576895
11608 5.621222
11612 5.646801
11616 5.658366
11620 5.671427
11624 5.615834
11628 5.634420
11632 5.662720
11636 5.626311
11640 5.634311
11644 5.650393
11648 5.651835
11652 5.682883
11656 5.681006
11660 5.636188
11664 5.610991
11668 5.653168
11672 5.704543
11676 5.643726
11680 5.579670
11684 5.574201
11688 5.572677
11692 5.694911
11696 5.736163
11700 5.580568
11704 5.567017
11708 5.653549
11712 5.680870
11716 5.733034
11720 5.661305
11724 5.590011
11728 5.654774
11732 5.678938
11736 5.640569
11740 5.631127
11744 5.637903
11748 5.697632
11752 5.727673
11756 5.631372
11760 5.575425
11764 5.600678
11768 5.673278
11772 5.747728
11776 5.677414
11780 5.582011
11784 5.597521
11788 5.653685
11792 5.669522
11796 5.630284
11800 5.595616
11804 5.621086
11808 5.685169
11812 5.671590
11816 5.563969
11820 5.521003
11824 5.602582
11828 5.670502
11832 5.701169
11836 5.690557
11840 5.618120
11844 5.617385
11848 5.676679
11852 5.674420
11856 5.662910
11860 5.666012
11864 5.654583
11868 5.702149
11872 5.718802
11876 5.652243
11880 5.632841
11884 5.635508
11888 5.665767
11892 5.745823
11896 5.713469
11900 5.617195
11904 5.628243
11908 5.632896
11912 5.638257
11916 5.672842
11920 5.602120
11924 5.614528
11928 5.717115
11932 5.695809
11936 5.599698
11940 5.528132
11944 5.525928
11948 5.636379
11952 5.751592
11956 5.696434
11960 5.619943
11964 5.634202
11968 5.682965
11972 5.702448
11976 5.672298
11980 5.656461
11984 5.691101
11988 5.739510
11992 5.722476
11996 5.647019
12000 5.614501
12004 5.639481
12008 5.705659
12012 5.757742
12016 5.690856
12020 5.666720
12024 5.697469
12028 5.640597
12032 5.631263
12036 5.643399
12040 5.611344
12044 5.703265
12048 5.784001
12052 5.683999
12056 5.586718
12060 5.566963
12064 5.579262
12068 5.701686
12072 5.750721
12076 5.707455
12080 5.694421
12084 5.665169
12088 5.658121
12092 5.664189
12096 5.663645
12100 5.699890
12104 5.722884
12108 5.740109
12112 5.712816
12116 5.624297
12120 5.588677
12124 5.626583
12128 5.681278
12132 5.724163
12136 5.687754
12140 5.639617
12144 5.652842
12148 5.677495
12152 5.690285
12156 5.625086
12160 5.578310
12164 5.694285
12168 5.751946
12172 5.725306
12176 5.703836
12180 5.596242
12184 5.581140
12188 5.700625
12192 5.705550
12196 5.698203
12200 5.720299
12204 5.694965
12208 5.699455
12212 5.675128
12216 5.623726
12220 5.658502
12224 5.737061
12228 5.776926
12232 5.764136
12236 5.689632
12240 5.642746
12244 5.670502
12248 5.700244
12252 5.718312
12256 5.715101
12260 5.701877
12264 5.710584
12268 5.696979
12272 5.655944
12276 5.613739
12280 5.658066
12284 5.725251
