0 5.784599
4 5.766722
8 5.739891
12 5.682067
16 5.631562
20 5.636705
24 5.706203
28 5.774395
32 5.771184
36 5.735047
40 5.732027
44 5.730476
48 5.675972
52 5.627127
56 5.653168
60 5.744626
64 5.805389
68 5.801960
72 5.782150
76 5.728517
80 5.684108
84 5.661794
88 5.650257
92 5.669386
96 5.719074
100 5.787021
104 5.815131
108 5.762368
112 5.681577
116 5.666148
120 5.685795
124 5.675917
128 5.673332
132 5.727183
136 5.801035
140 5.803158
144 5.762558
148 5.690693
152 5.625984
156 5.632324
160 5.679863
164 5.728789
168 5.742612
172 5.767102
176 5.803294
180 5.762776
184 5.664026
188 5.617875
192 5.658311
196 5.722176
200 5.752136
204 5.742286
208 5.765715
212 5.779919
216 5.736381
220 5.679890
224 5.631045
228 5.646039
232 5.702475
236 5.762749
240 5.789389
244 5.756000
248 5.725687
252 5.718557
256 5.674448
260 5.618120
264 5.637195
268 5.727782
272 5.812954
276 5.801171
280 5.726993
284 5.702013
288 5.688135
292 5.675264
296 5.666393
300 5.668706
304 5.723755
308 5.788953
312 5.807838
316 5.751184
320 5.677767
324 5.655236
328 5.678992
332 5.675672
336 5.687128
340 5.745361
344 5.802777
348 5.819376
352 5.725768
356 5.651781
360 5.650801
364 5.669958
368 5.707700
372 5.733823
376 5.752735
380 5.767919
384 5.768137
388 5.731973
392 5.656270
396 5.606201
400 5.667182
404 5.756163
408 5.764599
412 5.744952
416 5.741524
420 5.761143
424 5.724544
428 5.633821
432 5.620406
436 5.681958
440 5.755048
444 5.785606
448 5.772790
452 5.749769
456 5.723836
460 5.692625
464 5.660515
468 5.640733
472 5.664978
476 5.772273
480 5.826614
484 5.797525
488 5.741306
492 5.686230
496 5.688761
500 5.671781
504 5.653332
508 5.696870
512 5.767157
516 5.813770
520 5.798123
524 5.728653
528 5.669196
532 5.652134
536 5.668570
540 5.702421
544 5.709387
548 5.760517
552 5.830968
556 5.809443
560 5.731211
564 5.648787
568 5.640760
572 5.693360
576 5.716081
580 5.733769
584 5.781633
588 5.800845
592 5.767647
596 5.714748
600 5.651889
604 5.635726
608 5.673604
612 5.741769
616 5.783647
620 5.760599
624 5.760789
628 5.770014
632 5.722421
636 5.653359
640 5.623671
644 5.683509
648 5.771946
652 5.794722
656 5.777579
660 5.748517
664 5.712925
668 5.688706
672 5.668570
676 5.662910
680 5.704707
684 5.769062
688 5.826668
692 5.795647
696 5.724843
700 5.709414
704 5.700788
708 5.677876
712 5.664815
716 5.708652
720 5.785334
724 5.815512
728 5.777143
732 5.712326
736 5.665903
740 5.657060
744 5.686448
748 5.715727
752 5.742939
756 5.768191
760 5.793089
764 5.791702
768 5.715265
772 5.648053
776 5.660951
780 5.713088
784 5.744871
788 5.744599
792 5.768137
796 5.793906
800 5.763973
804 5.691890
808 5.639808
812 5.649876
816 5.711455
820 5.775320
824 5.797906
828 5.794668
832 5.758068
836 5.737660
840 5.704870
844 5.642202
848 5.646474
852 5.715238
856 5.791157
860 5.796572
864 5.754993
868 5.726884
872 5.716462
876 5.686067
880 5.656053
884 5.665359
888 5.718585
892 5.795321
896 5.818614
900 5.789987
904 5.717006
908 5.658638
912 5.679563
916 5.686666
920 5.675999
924 5.712761
928 5.798232
932 5.833906
936 5.763293
940 5.686448
944 5.659427
948 5.661767
952 5.678040
956 5.709142
960 5.739428
964 5.791402
968 5.815457
972 5.769143
976 5.694693
980 5.628188
984 5.644570
988 5.712054
992 5.746803
996 5.751211
1000 5.764409
1004 5.784844
1008 5.756354
1012 5.680434
1016 5.622365
1020 5.644216
1024 5.709442
1028 5.771647
1032 5.793770
1036 5.771592
1040 5.768354
1044 5.733415
1048 5.686829
1052 5.642828
1056 5.633875
1060 5.726748
1064 5.804926
1068 5.794042
1072 5.737823
1076 5.708652
1080 5.707129
1084 5.685659
1088 5.640406
1092 5.662094
1096 5.730476
1100 5.784926
1104 5.810260
1108 5.762585
1112 5.712789
1116 5.681087
1120 5.663672
1124 5.684298
1128 5.696326
1132 5.719945
1136 5.783212
1140 5.814913
1144 5.753061
1148 5.656216
1152 5.630773
1156 5.686475
1160 5.720244
1164 5.710993
1168 5.748463
1172 5.789280
1176 5.786885
1180 5.751184
1184 5.666720
1188 5.634501
1192 5.655889
1196 5.707428
1200 5.762204
1204 5.755755
1208 5.750014
1212 5.764871
1216 5.737578
1220 5.657821
1224 5.603263
1228 5.637114
1232 5.749279
1236 5.791620
1240 5.778749
1244 5.763919
1248 5.723156
1252 5.703237
1256 5.670611
1260 5.641794
1264 5.661060
1268 5.722258
1272 5.798396
1276 5.809253
1280 5.743592
1284 5.689904
1288 5.692053
1292 5.679182
1296 5.644488
1300 5.654066
1304 5.745034
1308 5.835866
1312 5.809552
1316 5.735945
1320 5.674665
1324 5.653060
1328 5.677686
1332 5.682965
1336 5.696543
1340 5.742585
1344 5.790640
1348 5.801824
1352 5.751701
1356 5.664842
1360 5.630148
1364 5.669931
1368 5.717714
1372 5.736816
1376 5.736843
1380 5.782205
1384 5.803457
1388 5.741878
1392 5.672597
1396 5.634719
1400 5.671264
1404 5.733551
1408 5.767429
1412 5.771701
1416 5.761225
1420 5.753279
1424 5.728381
1428 5.668624
1432 5.620596
1436 5.665114
1440 5.754150
1444 5.803103
1448 5.772218
1452 5.741333
1456 5.752816
1460 5.723428
1464 5.673767
1468 5.648815
1472 5.677931
1476 5.750748
1480 5.800246
1484 5.791620
1488 5.741633
1492 5.692897
1496 5.683536
1500 5.694666
1504 5.683509
1508 5.688516
1512 5.750340
1516 5.820899
1520 5.813661
1524 5.729115
1528 5.679291
1532 5.688407
1536 5.698448
1540 5.702367
1544 5.716925
1548 5.764381
1552 5.801144
1556 5.785851
1560 5.723673
1564 5.663726
1568 5.656107
1572 5.694911
1576 5.732462
1580 5.740190
1584 5.759919
1588 5.787838
1592 5.795103
1596 5.732462
1600 5.649032
1604 5.649930
1608 5.698884
1612 5.746340
1616 5.766667
1620 5.769851
1624 5.771320
1628 5.749606
1632 5.708761
1636 5.669468
1640 5.655917
1644 5.701686
1648 5.775075
1652 5.803593
1656 5.778640
1660 5.742068
1664 5.728707
1668 5.725279
1672 5.669522
1676 5.639889
1680 5.699210
1684 5.778858
1688 5.812382
1692 5.778667
1696 5.738694
1700 5.707047
1704 5.679618
1708 5.673604
1712 5.682992
1716 5.713931
1720 5.779103
1724 5.826451
1728 5.789470
1732 5.723755
1736 5.671890
1740 5.680053
1744 5.707074
1748 5.695047
1752 5.722313
1756 5.778558
1760 5.814015
1764 5.791593
1768 5.716163
1772 5.655454
1776 5.646257
1780 5.683618
1784 5.733442
1788 5.754749
1792 5.764082
1796 5.801062
1800 5.778994
1804 5.695264
1808 5.630229
1812 5.629413
1816 5.717360
1820 5.765551
1824 5.754966
1828 5.756925
1832 5.767130
1836 5.748463
1840 5.690992
1844 5.637032
1848 5.633930
1852 5.685006
1856 5.756762
1860 5.808028
1864 5.775429
1868 5.728626
1872 5.719945
1876 5.683863
1880 5.653631
1884 5.644651
1888 5.695183
1892 5.797579
1896 5.816137
1900 5.753959
1904 5.695591
1908 5.678856
1912 5.670829
1916 5.656624
1920 5.657767
1924 5.713006
1928 5.774314
1932 5.810750
1936 5.796137
1940 5.685686
1944 5.632977
1948 5.653196
1952 5.686203
1956 5.703863
1960 5.708108
1964 5.769252
1968 5.819648
1972 5.760490
1976 5.665686
1980 5.623998
1984 5.633032
1988 5.684842
1992 5.721904
1996 5.751891
2000 5.766858
2004 5.754749
2008 5.755347
2012 5.698965
2016 5.608705
2020 5.611617
2024 5.701333
2028 5.783919
2032 5.778967
2036 5.732653
2040 5.735238
2044 5.735864
2048 5.671073
2052 5.604514
2056 5.620134
2060 5.708244
2064 5.786314
2068 5.792273
2072 5.761715
2076 5.716272
2080 5.678910
2084 5.682257
2088 5.651100
2092 5.638202
2096 5.711074
2100 5.801770
2104 5.830668
2108 5.763266
2112 5.674774
2116 5.651808
2120 5.661604
2124 5.665141
2128 5.683237
2132 5.722721
2136 5.794776
2140 5.816845
2144 5.761606
2148 5.695836
2152 5.639018
2156 5.652896
2160 5.709578
2164 5.724680
2168 5.734939
2172 5.770912
2176 5.808083
2180 5.768599
2184 5.660896
2188 5.602419
2192 5.640814
2196 5.713823
2200 5.751646
2204 5.761007
2208 5.775429
2212 5.783974
2216 5.744816
2220 5.689332
2224 5.654828
2228 5.648815
2232 5.711673
2236 5.788355
2240 5.797879
2244 5.762830
2248 5.735782
2252 5.728571
2256 5.690693
2260 5.636624
2264 5.648107
2268 5.738449
2272 5.814913
2276 5.810287
2280 5.756408
2284 5.721768
2288 5.701469
2292 5.673740
2296 5.677822
2300 5.688979
2304 5.732462
2308 5.799593
2312 5.817743
2316 5.760300
2320 5.683999
2324 5.670448
2328 5.687509
2332 5.688734
2336 5.696707
2340 5.747946
2344 5.809824
2348 5.822314
2352 5.761633
2356 5.687101
2360 5.665277
2364 5.675237
2368 5.713605
2372 5.755021
2376 5.766749
2380 5.781769
2384 5.788844
2388 5.752762
2392 5.682611
2396 5.636923
2400 5.671264
2404 5.740082
2408 5.767456
2412 5.768137
2416 5.776735
2420 5.781987
2424 5.754014
2428 5.675400
2432 5.639318
2436 5.682339
2440 5.743293
2444 5.799049
2448 5.794287
2452 5.760817
2456 5.739401
2460 5.717714
2464 5.686257
2468 5.653957
2472 5.673876
2476 5.755728
2480 5.815893
2484 5.796028
2488 5.757034
2492 5.721578
2496 5.704652
2500 5.689577
2504 5.663917
2508 5.693115
2512 5.759592
2516 5.809879
2520 5.812682
2524 5.745197
2528 5.677550
2532 5.665903
2536 5.684298
2540 5.698884
2544 5.702584
2548 5.748082
2552 5.825988
2556 5.814151
2560 5.727864
2564 5.665277
2568 5.656597
2572 5.698856
2576 5.720027
2580 5.734041
2584 5.778667
2588 5.794885
2592 5.778858
2596 5.729224
2600 5.659400
2604 5.629630
2608 5.672815
2612 5.747401
2616 5.776871
2620 5.760844
2624 5.766014
2628 5.780735
2632 5.719945
2636 5.651508
2640 5.635399
2644 5.678638
2648 5.765660
2652 5.793661
2656 5.775538
2660 5.753361
2664 5.722802
2668 5.688897
2672 5.653114
2676 5.633495
2680 5.678094
2684 5.766694
2688 5.832355
2692 5.804573
2696 5.711101
2700 5.697986
2704 5.703482
2708 5.664869
2712 5.649304
2716 5.685931
2720 5.778531
2724 5.828736
2728 5.788137
2732 5.728626
2736 5.677468
2740 5.652842
2744 5.665250
2748 5.690638
2752 5.719238
2756 5.768490
2760 5.814341
2764 5.811076
2768 5.717877
2772 5.621658
2776 5.643345
2780 5.698421
2784 5.727265
2788 5.742122
2792 5.757388
2796 5.800164
2800 5.787647
2804 5.702149
2808 5.639018
2812 5.642556
2816 5.680298
2820 5.740843
2824 5.779130
2828 5.790749
2832 5.776300
2836 5.753660
2840 5.717414
2844 5.632977
2848 5.626610
2852 5.707591
2856 5.785116
2860 5.806151
2864 5.781715
2868 5.746776
2872 5.716136
2876 5.685904
2880 5.654039
2884 5.653985
2888 5.694530
2892 5.772681
2896 5.823512
2900 5.788627
2904 5.717795
2908 5.672434
2912 5.682121
2916 5.688734
2920 5.668325
2924 5.706176
2928 5.794396
2932 5.834859
2936 5.781579
2940 5.694829
2944 5.650502
2948 5.655917
2952 5.679645
2956 5.707292
2960 5.733061
2964 5.771293
2968 5.805171
2972 5.777960
2976 5.716462
2980 5.649250
2984 5.643155
2988 5.712027
2992 5.747973
2996 5.750939
3000 5.767402
3004 5.789443
3008 5.763238
3012 5.680053
3016 5.624678
3020 5.643889
3024 5.710203
3028 5.769824
3032 5.786341
3036 5.770041
3040 5.757796
3044 5.738068
3048 5.695836
3052 5.656815
3056 5.644080
3060 5.710720
3064 5.806151
3068 5.813661
3072 5.762422
3076 5.730857
3080 5.716952
3084 5.688271
3088 5.649386
3092 5.664760
3096 5.732734
3100 5.790450
3104 5.813824
3108 5.781171
3112 5.719918
3116 5.687917
3120 5.677849
3124 5.685414
3128 5.696815
3132 5.715020
3136 5.781225
3140 5.822097
3144 5.773796
3148 5.687346
3152 5.647889
3156 5.671482
3160 5.695074
3164 5.711918
3168 5.745442
3172 5.786014
3176 5.796981
3180 5.766966
3184 5.693632
3188 5.648651
3192 5.675373
3196 5.717115
3200 5.754204
3204 5.758504
3208 5.765089
3212 5.786423
3216 5.758041
3220 5.678502
3224 5.623862
3228 5.653713
3232 5.732762
3236 5.773279
3240 5.772762
3244 5.766912
3248 5.742367
3252 5.721496
3256 5.691292
3260 5.648651
3264 5.668951
3268 5.730177
3272 5.788817
3276 5.795865
3280 5.738122
3284 5.707401
3288 5.711374
3292 5.693577
3296 5.651291
3300 5.658284
3304 5.737660
3308 5.813253
3312 5.805334
3316 5.747102
3320 5.706285
3324 5.674829
3328 5.676189
3332 5.681441
3336 5.698856
3340 5.748952
3344 5.782803
3348 5.794069
3352 5.743510
3356 5.661740
3360 5.645304
3364 5.687972
3368 5.709822
3372 5.713278
3376 5.729959
3380 5.781171
3384 5.795865
3388 5.729768
3392 5.678312
3396 5.650039
3400 5.664162
3404 5.729714
3408 5.766830
3412 5.765579
3416 5.757687
3420 5.759211
3424 5.737687
3428 5.668760
3432 5.615589
3436 5.659781
3440 5.753116
3444 5.788300
3448 5.764871
3452 5.740136
3456 5.752327
3460 5.725333
3464 5.656107
3468 5.639427
3472 5.669196
3476 5.735782
3480 5.798477
3484 5.791185
3488 5.743429
3492 5.696979
3496 5.683618
3500 5.685087
3504 5.660189
3508 5.663427
3512 5.741197
3516 5.818614
3520 5.813471
3524 5.729904
3528 5.671182
3532 5.681876
3536 5.684870
3540 5.680053
3544 5.693577
3548 5.743891
3552 5.805198
3556 5.799947
3560 5.731456
3564 5.660597
3568 5.647454
3572 5.677441
3576 5.711673
3580 5.722530
3584 5.741388
3588 5.784218
3592 5.796518
3596 5.733687
3600 5.643046
3604 5.632977
3608 5.689441
3612 5.724163
3616 5.745388
3620 5.763375
3624 5.766885
3628 5.760164
3632 5.723728
3636 5.667835
3640 5.633304
3644 5.668107
3648 5.752735
3652 5.788219
3656 5.760898
3660 5.736354
3664 5.734993
3668 5.734422
3672 5.680108
3676 5.634284
3680 5.692162
3684 5.772626
3688 5.797879
3692 5.774096
3696 5.740272
3700 5.718666
3704 5.698965
3708 5.681114
3712 5.668842
3716 5.693768
3720 5.754803
3724 5.810233
3728 5.791429
3732 5.725469
3736 5.686257
3740 5.696244
3744 5.715646
3748 5.696054
3752 5.708081
3756 5.768273
3760 5.799511
3764 5.778341
3768 5.726748
3772 5.678665
3776 5.670312
3780 5.696054
3784 5.724625
3788 5.740843
3792 5.762585
3796 5.795783
3800 5.788246
3804 5.721796
3808 5.659971
3812 5.657821
3816 5.721306
3820 5.762585
3824 5.758857
3828 5.765878
3832 5.781171
3836 5.766123
3840 5.710693
3844 5.667237
3848 5.670121
3852 5.700326
3856 5.746068
3860 5.787919
3864 5.782940
3868 5.753660
3872 5.742912
3876 5.717986
3880 5.677931
3884 5.662774
3888 5.703156
3892 5.786477
3896 5.809307
3900 5.768844
3904 5.739102
3908 5.720816
3912 5.702992
3916 5.682774
3920 5.682938
3924 5.722421
3928 5.767973
3932 5.805144
3936 5.796654
3940 5.726530
3944 5.691019
3948 5.698394
3952 5.695890
3956 5.695754
3960 5.716979
3964 5.778205
3968 5.821525
3972 5.777171
3976 5.706122
3980 5.674176
3984 5.677523
3988 5.701006
3992 5.723591
3996 5.751048
4000 5.778858
4004 5.783375
4008 5.778341
4012 5.736462
4016 5.660624
4020 5.661305
4024 5.719619
4028 5.750912
4032 5.762177
4036 5.762340
4040 5.783837
4044 5.774096
4048 5.700298
4052 5.646012
4056 5.652542
4060 5.707346
4064 5.760953
4068 5.774858
4072 5.770286
4076 5.754313
4080 5.726802
4084 5.712380
4088 5.668679
4092 5.648815
4096 5.710040
4100 5.780844
4104 5.800055
4108 5.756000
4112 5.710476
4116 5.701360
4120 5.695591
4124 5.666175
4128 5.657713
4132 5.706666
4136 5.777497
4140 5.801117
4144 5.762504
4148 5.709959
4152 5.666148
4156 5.672162
4160 5.718666
4164 5.696244
4168 5.695917
4172 5.773279
4176 5.817035
4180 5.766232
4184 5.658339
4188 5.619753
4192 5.668897
4196 5.708027
4200 5.709360
4204 5.726585
4208 5.765824
4212 5.797498
4216 5.750939
4220 5.674366
4224 5.634882
4228 5.631508
4232 5.703809
4236 5.757687
4240 5.748789
4244 5.743592
4248 5.755810
4252 5.752245
4256 5.674965
4260 5.593494
4264 5.615916
4268 5.725197
4272 5.783076
4276 5.783457
4280 5.756844
4284 5.734286
4288 5.721088
4292 5.666203
4296 5.633549
4300 5.644624
4304 5.705251
4308 5.799103
4312 5.808954
4316 5.734530
4320 5.676652
4324 5.675781
4328 5.679999
4332 5.652162
4336 5.640706
4340 5.705523
4344 5.795049
4348 5.818015
4352 5.759293
4356 5.680026
4360 5.661658
4364 5.659917
4368 5.662012
4372 5.698421
4376 5.734775
4380 5.772245
4384 5.803974
4388 5.771157
4392 5.668053
4396 5.611508
4400 5.657087
4404 5.716435
4408 5.718312
4412 5.715972
4416 5.768273
4420 5.798096
4424 5.757660
4428 5.667101
4432 5.615834
4436 5.661958
4440 5.719455
4444 5.760490
4448 5.772463
4452 5.763266
4456 5.762232
4460 5.739129
4464 5.679672
4468 5.624379
4472 5.639454
4476 5.729442
4480 5.788191
4484 5.766205
4488 5.748218
4492 5.747401
4496 5.737197
4500 5.693958
4504 5.652488
4508 5.681985
4512 5.740843
4516 5.783511
4520 5.799348
4524 5.762340
4528 5.705169
4532 5.688189
4536 5.694421
4540 5.680108
4544 5.678747
4548 5.741007
4552 5.815539
4556 5.806695
4560 5.735238
4564 5.696081
4568 5.685849
4572 5.696598
4576 5.703401
4580 5.711972
4584 5.763184
4588 5.799919
4592 5.791457
4596 5.747048
4600 5.686910
4604 5.661196
4608 5.682366
4612 5.726938
4616 5.755102
4620 5.757334
4624 5.777960
4628 5.795838
4632 5.745007
4636 5.681087
4640 5.661277
4644 5.696707
4648 5.754422
4652 5.771592
4656 5.775348
4660 5.780708
4664 5.761361
4668 5.725279
4672 5.679210
4676 5.649685
4680 5.681033
4684 5.757633
4688 5.802967
4692 5.784872
4696 5.746041
4700 5.740816
4704 5.730068
4708 5.680216
4712 5.666475
4716 5.704598
4720 5.772409
4724 5.811267
4728 5.786640
4732 5.756898
4736 5.724898
4740 5.691264
4744 5.679373
4748 5.681087
4752 5.710476
4756 5.771538
4760 5.820382
4764 5.816872
4768 5.743075
4772 5.678421
4776 5.692734
4780 5.703020
4784 5.697332
4788 5.723591
4792 5.775320
4796 5.816328
4800 5.790395
4804 5.726394
4808 5.680380
4812 5.665223
4816 5.682257
4820 5.721142
4824 5.746340
4828 5.773796
4832 5.804083
4836 5.793987
4840 5.740054
4844 5.656543
4848 5.644706
4852 5.709469
4856 5.745007
4860 5.766449
4864 5.784028
4868 5.784164
4872 5.764272
4876 5.707537
4880 5.656543
4884 5.647318
4888 5.687781
4892 5.757878
4896 5.795729
4900 5.778885
4904 5.753932
4908 5.731047
4912 5.715782
4916 5.679972
4920 5.630474
4924 5.693877
4928 5.801688
4932 5.815185
4936 5.762504
4940 5.715156
4944 5.700298
4948 5.682829
4952 5.656597
4956 5.665305
4960 5.720734
4964 5.779130
4968 5.821144
4972 5.789497
4976 5.710394
4980 5.665985
4984 5.660134
4988 5.699727
4992 5.697632
4996 5.698666
5000 5.786885
5004 5.830832
5008 5.770531
5012 5.673767
5016 5.625249
5020 5.651998
5024 5.688706
5028 5.715564
5032 5.751810
5036 5.779212
5040 5.786341
5044 5.763647
5048 5.681332
5052 5.619045
5056 5.618011
5060 5.695264
5064 5.793906
5068 5.783157
5072 5.759293
5076 5.772980
5080 5.746721
5084 5.658475
5088 5.604705
5092 5.634801
5096 5.715401
5100 5.794695
5104 5.811648
5108 5.786804
5112 5.729578
5116 5.699101
5120 5.674584
5124 5.634420
5128 5.649114
5132 5.700162
5136 5.806205
5140 5.848846
5144 5.769307
5148 5.692707
5152 5.665849
5156 5.664053
5160 5.645848
5164 5.657685
5168 5.727646
5172 5.811403
5176 5.834124
5180 5.786123
5184 5.687400
5188 5.618419
5192 5.653060
5196 5.690312
5200 5.711727
5204 5.733605
5208 5.791946
5212 5.842070
5216 5.779620
5220 5.672924
5224 5.621331
5228 5.646529
5232 5.690747
5236 5.713904
5240 5.743374
5244 5.789253
5248 5.793960
5252 5.740816
5256 5.683183
5260 5.625005
5264 5.641658
5268 5.719537
5272 5.778123
5276 5.795402
5280 5.753823
5284 5.738993
5288 5.741388
5292 5.680679
5296 5.615644
5300 5.636161
5304 5.726421
5308 5.789933
5312 5.784844
5316 5.762259
5320 5.745116
5324 5.697577
5328 5.674012
5332 5.666121
5336 5.665985
5340 5.735129
5344 5.809988
5348 5.819484
5352 5.756055
5356 5.690475
5360 5.678992
5364 5.686910
5368 5.680652
5372 5.694285
5376 5.746286
5380 5.807702
5384 5.813063
5388 5.741878
5392 5.679074
5396 5.659128
5400 5.670556
5404 5.718775
5408 5.739537
5412 5.752218
5416 5.791185
5420 5.799647
5424 5.750640
5428 5.663917
5432 5.631318
5436 5.684353
5440 5.741252
5444 5.751674
5448 5.756953
5452 5.781089
5456 5.784980
5460 5.730095
5464 5.658856
5468 5.652379
5472 5.689251
5476 5.748245
5480 5.797797
5484 5.786912
5488 5.766803
5492 5.748245
5496 5.712544
5500 5.665169
5504 5.635290
5508 5.677631
5512 5.767211
5516 5.811702
5520 5.790559
5524 5.747537
5528 5.719619
5532 5.708925
5536 5.674638
5540 5.666230
5544 5.717061
5548 5.770177
5552 5.821852
5556 5.813199
5560 5.741633
5564 5.687101
5568 5.669522
5572 5.683183
5576 5.688706
5580 5.705414
5584 5.775592
5588 5.835458
5592 5.801035
5596 5.723864
5600 5.675727
5604 5.671645
5608 5.690312
5612 5.701659
5616 5.741633
5620 5.783974
5624 5.801334
5628 5.798831
5632 5.732109
5636 5.650039
5640 5.629794
5644 5.684298
5648 5.742884
5652 5.755783
5656 5.753388
5660 5.785906
5664 5.782831
5668 5.707591
5672 5.648842
5676 5.639971
5680 5.709659
5684 5.770422
5688 5.776708
5692 5.780681
5696 5.763810
5700 5.741306
5704 5.699455
5708 5.640842
5712 5.625549
5716 5.685495
5720 5.774558
5724 5.809933
5728 5.769198
5732 5.725061
5736 5.724762
5740 5.699346
5744 5.655835
5748 5.651508
5752 5.707101
5756 5.793933
5760 5.802368
5764 5.755374
5768 5.707537
5772 5.673169
5776 5.664053
5780 5.672352
5784 5.689958
5788 5.714721
5792 5.770205
5796 5.818287
5800 5.790314
5804 5.679944
5808 5.628488
5812 5.662910
5816 5.700108
5820 5.720027
5824 5.727700
5828 5.783837
5832 5.807593
5836 5.739483
5840 5.663209
5844 5.623154
5848 5.636978
5852 5.693659
5856 5.756517
5860 5.769279
5864 5.756191
5868 5.759347
5872 5.759021
5876 5.679536
5880 5.597793
5884 5.634447
5888 5.719918
5892 5.793144
5896 5.798613
5900 5.753551
5904 5.736490
5908 5.702639
5912 5.655617
5916 5.631345
5920 5.641712
5924 5.704462
5928 5.790504
5932 5.817335
5936 5.763973
5940 5.697768
5944 5.678693
5948 5.687237
5952 5.627590
5956 5.625195
5960 5.724571
5964 5.820491
5968 5.844002
5972 5.760681
5976 5.689577
5980 5.662393
5984 5.642801
5988 5.653604
5992 5.689006
5996 5.737660
6000 5.779946
6004 5.805198
6008 5.761470
6012 5.676842
6016 5.619345
6020 5.647644
6024 5.709333
6028 5.718966
6032 5.744980
6036 5.780627
6040 5.802287
6044 5.765361
6048 5.663400
6052 5.616732
6056 5.645740
6060 5.698639
6064 5.746612
6068 5.770558
6072 5.770722
6076 5.758966
6080 5.726258
6084 5.689659
6088 5.639427
6092 5.632787
6096 5.736789
6100 5.799212
6104 5.774694
6108 5.749143
6112 5.740517
6116 5.729251
6120 5.666529
6124 5.637304
6128 5.671999
6132 5.725251
6136 5.782450
6140 5.801661
6144 5.760300
6148 5.698611
6152 5.675237
6156 5.683917
6160 5.697088
6164 5.679346
6168 5.719510
6172 5.816899
6176 5.811838
6180 5.734041
6184 5.677876
6188 5.678339
6192 5.699999
6196 5.695618
6200 5.708979
6204 5.759157
6208 5.789416
6212 5.786477
6216 5.741007
6220 5.668271
6224 5.654338
6228 5.682230
6232 5.733496
6236 5.768218
6240 5.752708
6244 5.782940
6248 5.799321
6252 5.736707
6256 5.670529
6260 5.647345
6264 5.686666
6268 5.739184
6272 5.766912
6276 5.771946
6280 5.761715
6284 5.748109
6288 5.727891
6292 5.681740
6296 5.650529
6300 5.694394
6304 5.762068
6308 5.820981
6312 5.804518
6316 5.740054
6320 5.731265
6324 5.718312
6328 5.669277
6332 5.644760
6336 5.688244
6340 5.770150
6344 5.809716
6348 5.786423
6352 5.752463
6356 5.711591
6360 5.683155
6364 5.690121
6368 5.687754
6372 5.707265
6376 5.756490
6380 5.806913
6384 5.821362
6388 5.732680
6392 5.664107
6396 5.676924
6400 5.700162
6404 5.697931
6408 5.709006
6412 5.765579
6416 5.813743
6420 5.786259
6424 5.717768
6428 5.674257
6432 5.657060
6436 5.685033
6440 5.733197
6444 5.749606
6448 5.771919
6452 5.786695
6456 5.789851
6460 5.735020
6464 5.638855
6468 5.628624
6472 5.697115
6476 5.745197
6480 5.748517
6484 5.750721
6488 5.767184
6492 5.767892
6496 5.715510
6500 5.670502
6504 5.665740
6508 5.692244
6512 5.767810
6516 5.792518
6520 5.770803
6524 5.746068
6528 5.727945
6532 5.714639
6536 5.669114
6540 5.646066
6544 5.688598
6548 5.771239
6552 5.800137
6556 5.762096
6560 5.716625
6564 5.707183
6568 5.709931
6572 5.679781
6576 5.678448
6580 5.704707
6584 5.756218
6588 5.803294
6592 5.774395
6596 5.711510
6600 5.666747
6604 5.679128
6608 5.707673
6612 5.700870
6616 5.702938
6620 5.761796
6624 5.811348
6628 5.768000
6632 5.684026
6636 5.644978
6640 5.679808
6644 5.705006
6648 5.730639
6652 5.756953
6656 5.755075
6660 5.769742
6664 5.753796
6668 5.702258
6672 5.635971
6676 5.633195
6680 5.715319
6684 5.770803
6688 5.759483
6692 5.741170
6696 5.760300
6700 5.752327
6704 5.684380
6708 5.623862
6712 5.653196
6716 5.730177
6720 5.770232
6724 5.790287
6728 5.766232
6732 5.726258
6736 5.706067
6740 5.688353
6744 5.660461
6748 5.646420
6752 5.700407
6756 5.789851
6760 5.812899
6764 5.752762
6768 5.710802
6772 5.694938
6776 5.678557
6780 5.659481
6784 5.666257
6788 5.745415
6792 5.792300
6796 5.803920
6800 5.783729
6804 5.704407
6808 5.658556
6812 5.660788
6816 5.688162
6820 5.703020
6824 5.717659
6828 5.770395
6832 5.812001
6836 5.776273
6840 5.685740
6844 5.638991
6848 5.662611
6852 5.712244
6856 5.720598
6860 5.739184
6864 5.792219
6868 5.793851
6872 5.753252
6876 5.694992
6880 5.650311
6884 5.652842
6888 5.696326
6892 5.751946
6896 5.766858
6900 5.746503
6904 5.748816
6908 5.758694
6912 5.702748
6916 5.645740
6920 5.651862
6924 5.725306
6928 5.784001
6932 5.766694
6936 5.760381
6940 5.748408
6944 5.719455
6948 5.696516
6952 5.664026
6956 5.675101
6960 5.730939
6964 5.790069
6968 5.800600
6972 5.742476
6976 5.696462
6980 5.704462
6984 5.707945
6988 5.678366
6992 5.682203
6996 5.731728
7000 5.799675
7004 5.795702
7008 5.739918
7012 5.714557
7016 5.686938
7020 5.683509
7024 5.704816
7028 5.719401
7032 5.737415
7036 5.768191
7040 5.787130
7044 5.749306
7048 5.666420
7052 5.636842
7056 5.694856
7060 5.732435
7064 5.746395
7068 5.758885
7072 5.779837
7076 5.800409
7080 5.738041
7084 5.664516
7088 5.642583
7092 5.667155
7096 5.723700
7100 5.760545
7104 5.768164
7108 5.758613
7112 5.744463
7116 5.721796
7120 5.687128
7124 5.645114
7128 5.675972
7132 5.765524
7136 5.795566
7140 5.778722
7144 5.737905
7148 5.728680
7152 5.719346
7156 5.662529
7160 5.646365
7164 5.683536
7168 5.746095
7172 5.797362
7176 5.801525
7180 5.749578
7184 5.687836
7188 5.661604
7192 5.678883
7196 5.681087
7200 5.671727
7204 5.753061
7208 5.823185
7212 5.808790
7216 5.727700
7220 5.667128
7224 5.682285
7228 5.681904
7232 5.670638
7236 5.698611
7240 5.759211
7244 5.795811
7248 5.786967
7252 5.745932
7256 5.675400
7260 5.629331
7264 5.655209
7268 5.732952
7272 5.743619
7276 5.744762
7280 5.793225
7284 5.786804
7288 5.722122
7292 5.643236
7296 5.624569
7300 5.674475
7304 5.723129
7308 5.747211
7312 5.757959
7316 5.752871
7320 5.745170
7324 5.727564
7328 5.672107
7332 5.639018
7336 5.659808
7340 5.744626
7344 5.803266
7348 5.757361
7352 5.733415
7356 5.728598
7360 5.709795
7364 5.662801
7368 5.630665
7372 5.677931
7376 5.754449
7380 5.791021
7384 5.766313
7388 5.727102
7392 5.680897
7396 5.667291
7400 5.680706
7404 5.685115
7408 5.693550
7412 5.730449
7416 5.808763
7420 5.795266
7424 5.695074
7428 5.643182
7432 5.658012
7436 5.697469
7440 5.701713
7444 5.704271
7448 5.749633
7452 5.790259
7456 5.764354
7460 5.698312
7464 5.640297
7468 5.634937
7472 5.684026
7476 5.731592
7480 5.763674
7484 5.753197
7488 5.758068
7492 5.777007
7496 5.713224
7500 5.633495
7504 5.624052
7508 5.704761
7512 5.773443
7516 5.763755
7520 5.750857
7524 5.745415
7528 5.718204
7532 5.673087
7536 5.651073
7540 5.644025
7544 5.692353
7548 5.767456
7552 5.813199
7556 5.794722
7560 5.718448
7564 5.699537
7568 5.702067
7572 5.663971
7576 5.646801
7580 5.700571
7584 5.795566
7588 5.826260
7592 5.772899
7596 5.711210
7600 5.681659
7604 5.664080
7608 5.674339
7612 5.689360
7616 5.724925
7620 5.789225
7624 5.810804
7628 5.794151
7632 5.721904
7636 5.657196
7640 5.669631
7644 5.695428
7648 5.707510
7652 5.724326
7656 5.770939
7660 5.807539
7664 5.780001
7668 5.705360
7672 5.658202
7676 5.662720
7680 5.699645
7684 5.755157
7688 5.769524
7692 5.778831
7696 5.788790
7700 5.763592
7704 5.719972
7708 5.655182
7712 5.650910
7716 5.719537
7720 5.770586
7724 5.769443
7728 5.757633
7732 5.768654
7736 5.765062
7740 5.705305
7744 5.654257
7748 5.677904
7752 5.723918
7756 5.776409
7760 5.796736
7764 5.772354
7768 5.746150
7772 5.714748
7776 5.706639
7780 5.697305
7784 5.684543
7788 5.726857
7792 5.796600
7796 5.807158
7800 5.751021
7804 5.706693
7808 5.702285
7812 5.703782
7816 5.686257
7820 5.698557
7824 5.754939
7828 5.794423
7832 5.812654
7836 5.770830
7840 5.705741
7844 5.684625
7848 5.689305
7852 5.715428
7856 5.723673
7860 5.733986
7864 5.780409
7868 5.801334
7872 5.751048
7876 5.684407
7880 5.664624
7884 5.695890
7888 5.731755
7892 5.743810
7896 5.778586
7900 5.791266
7904 5.777715
7908 5.745088
7912 5.686339
7916 5.658175
7920 5.672951
7924 5.734884
7928 5.787620
7932 5.783130
7936 5.760626
7940 5.757524
7944 5.741034
7948 5.684353
7952 5.655128
7956 5.686774
7960 5.767021
7964 5.805525
7968 5.783320
7972 5.773388
7976 5.741605
7980 5.709605
7984 5.675917
7988 5.658910
7992 5.689278
7996 5.745143
8000 5.802505
8004 5.807212
8008 5.749932
8012 5.690149
8016 5.681659
8020 5.686421
8024 5.676108
8028 5.685359
8032 5.753442
8036 5.826695
8040 5.798069
8044 5.746041
8048 5.694149
8052 5.656352
8056 5.659400
8060 5.688217
8064 5.729197
8068 5.747728
8072 5.784735
8076 5.802260
8080 5.739510
8084 5.639372
8088 5.621902
8092 5.683781
8096 5.719727
8100 5.728762
8104 5.732544
8108 5.780871
8112 5.782450
8116 5.713795
8120 5.660461
8124 5.619671
8128 5.640896
8132 5.704353
8136 5.753225
8140 5.760191
8144 5.735728
8148 5.721387
8152 5.711564
8156 5.652162
8160 5.604406
8164 5.649876
8168 5.746939
8172 5.811239
8176 5.755810
8180 5.688516
8184 5.699156
8188 5.684870
8192 5.656162
8196 5.640624
8200 5.664869
8204 5.730122
8208 5.782885
8212 5.781470
8216 5.715564
8220 5.656162
8224 5.645604
8228 5.675482
8232 5.665604
8236 5.666339
8240 5.724789
8244 5.802804
8248 5.813280
8252 5.686312
8256 5.608623
8260 5.638692
8264 5.683754
8268 5.713442
8272 5.722476
8276 5.748109
8280 5.763157
8284 5.740326
8288 5.693958
8292 5.641767
8296 5.616460
8300 5.674067
8304 5.752136
8308 5.781361
8312 5.755891
8316 5.730666
8320 5.759157
8324 5.718666
8328 5.615072
8332 5.599453
8336 5.670012
8340 5.765007
8344 5.795756
8348 5.766150
8352 5.732517
8356 5.701795
8360 5.672761
8364 5.654311
8368 5.643372
8372 5.673550
8376 5.769851
8380 5.823920
8384 5.790722
8388 5.720979
8392 5.675074
8396 5.691346
8400 5.673223
8404 5.667073
8408 5.717251
8412 5.765769
8416 5.805117
8420 5.786423
8424 5.719619
8428 5.665114
8432 5.657359
8436 5.686638
8440 5.712979
8444 5.709550
8448 5.758177
8452 5.818505
8456 5.790531
8460 5.722421
8464 5.657903
8468 5.656488
8472 5.704680
8476 5.731891
8480 5.744789
8484 5.763592
8488 5.784382
8492 5.768164
8496 5.712544
8500 5.664896
8504 5.671427
8508 5.706992
8512 5.751320
8516 5.779402
8520 5.767538
8524 5.766422
8528 5.754286
8532 5.721278
8536 5.685958
8540 5.668352
8544 5.719428
8548 5.781606
8552 5.792627
8556 5.773007
8560 5.750803
8564 5.731265
8568 5.701931
8572 5.677958
8576 5.685876
8580 5.729496
8584 5.776273
8588 5.809035
8592 5.779157
8596 5.728081
8600 5.716489
8604 5.714013
8608 5.710965
8612 5.703128
8616 5.727374
8620 5.781824
8624 5.800464
8628 5.761415
8632 5.715156
8636 5.695101
8640 5.692843
8644 5.706639
8648 5.727211
8652 5.762477
8656 5.781334
8660 5.787865
8664 5.777497
8668 5.715183
8672 5.677550
8676 5.694938
8680 5.732217
8684 5.754150
8688 5.752327
8692 5.769279
8696 5.782178
8700 5.750041
8704 5.695128
8708 5.666665
8712 5.688108
8716 5.739973
8720 5.775865
8724 5.778749
8728 5.776626
8732 5.762721
8736 5.744980
8740 5.704054
8744 5.664951
8748 5.687645
8752 5.740980
8756 5.782940
8760 5.788355
8764 5.762912
8768 5.735837
8772 5.721986
8776 5.697605
8780 5.675754
8784 5.697496
8788 5.748381
8792 5.801797
8796 5.795348
8800 5.764300
8804 5.725061
8808 5.691863
8812 5.692326
8816 5.685958
8820 5.697224
8824 5.739946
8828 5.796926
8832 5.814396
8836 5.753061
8840 5.688788
8844 5.673985
8848 5.685604
8852 5.688380
8856 5.706367
8860 5.746993
8864 5.791892
8868 5.799593
8872 5.750367
8876 5.693659
8880 5.655318
8884 5.674448
8888 5.720381
8892 5.741333
8896 5.746041
8900 5.761660
8904 5.779239
8908 5.738122
8912 5.666774
8916 5.632569
8920 5.674339
8924 5.730830
8928 5.759783
8932 5.761388
8936 5.748245
8940 5.764572
8944 5.726476
8948 5.670774
8952 5.624950
8956 5.632896
8960 5.728898
8964 5.784817
8968 5.770150
8972 5.720843
8976 5.707945
8980 5.711700
8984 5.672869
8988 5.630311
8992 5.662039
8996 5.739129
9000 5.785252
9004 5.774368
9008 5.708462
9012 5.689550
9016 5.695999
9020 5.675454
9024 5.664298
9028 5.673522
9032 5.731755
9036 5.791212
9040 5.780572
9044 5.706231
9048 5.638991
9052 5.625712
9056 5.676679
9060 5.705714
9064 5.684924
9068 5.713986
9072 5.756300
9076 5.766368
9080 5.705006
9084 5.611916
9088 5.632515
9092 5.682067
9096 5.712816
9100 5.732326
9104 5.727564
9108 5.735619
9112 5.734966
9116 5.709224
9120 5.648760
9124 5.606474
9128 5.643780
9132 5.742041
9136 5.780899
9140 5.755429
9144 5.735211
9148 5.719619
9152 5.702312
9156 5.646311
9160 5.619834
9164 5.682230
9168 5.759402
9172 5.789389
9176 5.764245
9180 5.703319
9184 5.666828
9188 5.669767
9192 5.665114
9196 5.648869
9200 5.648025
9204 5.733877
9208 5.815675
9212 5.786395
9216 5.715891
9220 5.651808
9224 5.656298
9228 5.688489
9232 5.675999
9236 5.692652
9240 5.746721
9244 5.793361
9248 5.785770
9252 5.712625
9256 5.658121
9260 5.653413
9264 5.683863
9268 5.711156
9272 5.729714
9276 5.753905
9280 5.780844
9284 5.778695
9288 5.726258
9292 5.668271
9296 5.647862
9300 5.699945
9304 5.748762
9308 5.743810
9312 5.744980
9316 5.759755
9320 5.755075
9324 5.719129
9328 5.668053
9332 5.651862
9336 5.692244
9340 5.744109
9344 5.789987
9348 5.775103
9352 5.740082
9356 5.741551
9360 5.721850
9364 5.690013
9368 5.669441
9372 5.704598
9376 5.776708
9380 5.785198
9384 5.753497
9388 5.728843
9392 5.717687
9396 5.701469
9400 5.693414
9404 5.701577
9408 5.717197
9412 5.753987
9416 5.789253
9420 5.785171
9424 5.721986
9428 5.681332
9432 5.701469
9436 5.713496
9440 5.707809
9444 5.718938
9448 5.766014
9452 5.797389
9456 5.766205
9460 5.708081
9464 5.671727
9468 5.677250
9472 5.716680
9476 5.744680
9480 5.751483
9484 5.771075
9488 5.777688
9492 5.769552
9496 5.721823
9500 5.673332
9504 5.683672
9508 5.717768
9512 5.753578
9516 5.758449
9520 5.759347
9524 5.766585
9528 5.749007
9532 5.704707
9536 5.660515
9540 5.674801
9544 5.731265
9548 5.780490
9552 5.790531
9556 5.771184
9560 5.742422
9564 5.715700
9568 5.705278
9572 5.681849
9576 5.668325
9580 5.713823
9584 5.781688
9588 5.806695
9592 5.767266
9596 5.719646
9600 5.710965
9604 5.705224
9608 5.679836
9612 5.681495
9616 5.730476
9620 5.795430
9624 5.803593
9628 5.764762
9632 5.728326
9636 5.677468
9640 5.672461
9644 5.705060
9648 5.714285
9652 5.733415
9656 5.775538
9660 5.814831
9664 5.769552
9668 5.684461
9672 5.651726
9676 5.675645
9680 5.707754
9684 5.721687
9688 5.747646
9692 5.773796
9696 5.787157
9700 5.763674
9704 5.703346
9708 5.649250
9712 5.652025
9716 5.722449
9720 5.761878
9724 5.749660
9728 5.757415
9732 5.768654
9736 5.749714
9740 5.692870
9744 5.642229
9748 5.666720
9752 5.727374
9756 5.764898
9760 5.770722
9764 5.750803
9768 5.744544
9772 5.730149
9776 5.687373
9780 5.662964
9784 5.660624
9788 5.714802
9792 5.779919
9796 5.787348
9800 5.745007
9804 5.691972
9808 5.693360
9812 5.703455
9816 5.682638
9820 5.671073
9824 5.722612
9828 5.791212
9832 5.789742
9836 5.743211
9840 5.688652
9844 5.680978
9848 5.690829
9852 5.694883
9856 5.716870
9860 5.740435
9864 5.777388
9868 5.792872
9872 5.744789
9876 5.675019
9880 5.648896
9884 5.684761
9888 5.729360
9892 5.713687
9896 5.724136
9900 5.776463
9904 5.779048
9908 5.733007
9912 5.663754
9916 5.645495
9920 5.686312
9924 5.729796
9928 5.770885
9932 5.773824
9936 5.751129
9940 5.737061
9944 5.725251
9948 5.682448
9952 5.639263
9956 5.672298
9960 5.755129
9964 5.790287
9968 5.761687
9972 5.749225
9976 5.745551
9980 5.708108
9984 5.673441
9988 5.655808
9992 5.688543
9996 5.753497
10000 5.789334
10004 5.790749
10008 5.745633
10012 5.697251
10016 5.686312
10020 5.680407
10024 5.676733
10028 5.696380
10032 5.738803
10036 5.788654
10040 5.776953
10044 5.724925
10048 5.685604
10052 5.671210
10056 5.691319
10060 5.704081
10064 5.718448
10068 5.753334
10072 5.787729
10076 5.785797
10080 5.741034
10084 5.680489
10088 5.644189
10092 5.674747
10096 5.726313
10100 5.744245
10104 5.750259
10108 5.771375
10112 5.780681
10116 5.720979
10120 5.655835
10124 5.663155
10128 5.703455
10132 5.749714
10136 5.757578
10140 5.745660
10144 5.750231
10148 5.732816
10152 5.714149
10156 5.683536
10160 5.652189
10164 5.676352
10168 5.746122
10172 5.792981
10176 5.768844
10180 5.723564
10184 5.723347
10188 5.715999
10192 5.673713
10196 5.662964
10200 5.707373
10204 5.776844
10208 5.795021
10212 5.762041
10216 5.716217
10220 5.682720
10224 5.678747
10228 5.683563
10232 5.690421
10236 5.698285
10240 5.746884
10244 5.797062
10248 5.773388
10252 5.710067
10256 5.667944
10260 5.691346
10264 5.706829
10268 5.695564
10272 5.713931
10276 5.748572
10280 5.780545
10284 5.752381
10288 5.684298
10292 5.638229
10296 5.634311
10300 5.689087
10304 5.746313
10308 5.757796
10312 5.749796
10316 5.749551
10320 5.748925
10324 5.706612
10328 5.629875
10332 5.627345
10336 5.705958
10340 5.770586
10344 5.767619
10348 5.731047
10352 5.738558
10356 5.727292
10360 5.678448
10364 5.634828
10368 5.640134
10372 5.701387
10376 5.767783
10380 5.797634
10384 5.752953
10388 5.708598
10392 5.681931
10396 5.680298
10400 5.666284
10404 5.623617
10408 5.688135
10412 5.799647
10416 5.822913
10420 5.749279
10424 5.674801
10428 5.662964
10432 5.660271
10436 5.653413
10440 5.690285
10444 5.727728
10448 5.766286
10452 5.812573
10456 5.781715
10460 5.699156
10464 5.642692
10468 5.658583
10472 5.717795
10476 5.712544
10480 5.710340
10484 5.777987
10488 5.820355
10492 5.757606
10496 5.663808
10500 5.641141
10504 5.662502
10508 5.698802
10512 5.735401
10516 5.764354
10520 5.767266
10524 5.760300
10528 5.754857
10532 5.704407
10536 5.662665
10540 5.655998
10544 5.707700
10548 5.783647
10552 5.777661
10556 5.749714
10560 5.750640
10564 5.740599
10568 5.693441
10572 5.653740
10576 5.677604
10580 5.741497
10584 5.786096
10588 5.800137
10592 5.769851
10596 5.728272
10600 5.709360
10604 5.697115
10608 5.691754
10612 5.694285
10616 5.725306
10620 5.789688
10624 5.808409
10628 5.754803
10632 5.704353
10636 5.701441
10640 5.706938
10644 5.701305
10648 5.704163
10652 5.742667
10656 5.792409
10660 5.789552
10664 5.758014
10668 5.713931
10672 5.679591
10676 5.695101
10680 5.728163
10684 5.757225
10688 5.759184
10692 5.763483
10696 5.791620
10700 5.759075
10704 5.691346
10708 5.671672
10712 5.705741
10716 5.742231
10720 5.750177
10724 5.763211
10728 5.787919
10732 5.775783
10736 5.736435
10740 5.704489
10744 5.682121
10748 5.696979
10752 5.748925
10756 5.787484
10760 5.778504
10764 5.754612
10768 5.750721
10772 5.741605
10776 5.703645
10780 5.678774
10784 5.714312
10788 5.766232
10792 5.793443
10796 5.787674
10800 5.761715
10804 5.742204
10808 5.713360
10812 5.702475
10816 5.712054
10820 5.721224
10824 5.760708
10828 5.803947
10832 5.803130
10836 5.756708
10840 5.713033
10844 5.711020
10848 5.711836
10852 5.703047
10856 5.718966
10860 5.766912
10864 5.807920
10868 5.796436
10872 5.747347
10876 5.712734
10880 5.699047
10884 5.701795
10888 5.725415
10892 5.749633
10896 5.766912
10900 5.785008
10904 5.788191
10908 5.744000
10912 5.687482
10916 5.674502
10920 5.713306
10924 5.751946
10928 5.752871
10932 5.760735
10936 5.780654
10940 5.780545
10944 5.729224
10948 5.674910
10952 5.682339
10956 5.707564
10960 5.740680
10964 5.781851
10968 5.779075
10972 5.753089
10976 5.735673
10980 5.723510
10984 5.681550
10988 5.646474
10992 5.693713
10996 5.775620
11000 5.791756
11004 5.747293
11008 5.723564
11012 5.732979
11016 5.716244
11020 5.675291
11024 5.678747
11028 5.720489
11032 5.755973
11036 5.786667
11040 5.783212
11044 5.724272
11048 5.673468
11052 5.674257
11056 5.689822
11060 5.689169
11064 5.704135
11068 5.763973
11072 5.820709
11076 5.776463
11080 5.693795
11084 5.649849
11088 5.668434
11092 5.698421
11096 5.699210
11100 5.723918
11104 5.746122
11108 5.766749
11112 5.764300
11116 5.693877
11120 5.625304
11124 5.619209
11128 5.697931
11132 5.754857
11136 5.735646
11140 5.729850
11144 5.762368
11148 5.752245
11152 5.666692
11156 5.602474
11160 5.614419
11164 5.691863
11168 5.758068
11172 5.771674
11176 5.747483
11180 5.714040
11184 5.689496
11188 5.665413
11192 5.626828
11196 5.606229
11200 5.653631
11204 5.760381
11208 5.817280
11212 5.734503
11216 5.651835
11220 5.664869
11224 5.669060
11228 5.640597
11232 5.599127
11236 5.672706
11240 5.792137
11244 5.783810
11248 5.733660
11252 5.666311
11256 5.624488
11260 5.617712
11264 5.653032
11268 5.700190
11272 5.699754
11276 5.725823
11280 5.790450
11284 5.771973
11288 5.651889
11292 5.604623
11296 5.648542
11300 5.706775
11304 5.715836
11308 5.711700
11312 5.749089
11316 5.776790
11320 5.734313
11324 5.665413
11328 5.625440
11332 5.623209
11336 5.680761
11340 5.752163
11344 5.774939
11348 5.750123
11352 5.730340
11356 5.751211
11360 5.696734
11364 5.612324
11368 5.629767
11372 5.711918
11376 5.787184
11380 5.776708
11384 5.738721
11388 5.735320
11392 5.720244
11396 5.687346
11400 5.668733
11404 5.683482
11408 5.722748
11412 5.771810
11416 5.794749
11420 5.766939
11424 5.711346
11428 5.688189
11432 5.696217
11436 5.687700
11440 5.687264
11444 5.726911
11448 5.786014
11452 5.804926
11456 5.749742
11460 5.687836
11464 5.685006
11468 5.699074
11472 5.705360
11476 5.722884
11480 5.744844
11484 5.768572
11488 5.769987
11492 5.750367
11496 5.710612
11500 5.668162
11504 5.685632
11508 5.728027
11512 5.747129
11516 5.752517
11520 5.766368
11524 5.784409
11528 5.750531
11532 5.688407
11536 5.672543
11540 5.700598
11544 5.734721
11548 5.765170
11552 5.781198
11556 5.764000
11560 5.733959
11564 5.717142
11568 5.704353
11572 5.683672
11576 5.684353
11580 5.743537
11584 5.793579
11588 5.775293
11592 5.748245
11596 5.745279
11600 5.738911
11604 5.702312
11608 5.674257
11612 5.700298
11616 5.744408
11620 5.779184
11624 5.794069
11628 5.761279
11632 5.721088
11636 5.701632
11640 5.704054
11644 5.716870
11648 5.719891
11652 5.753116
11656 5.796627
11660 5.791321
11664 5.740408
11668 5.699564
11672 5.702584
11676 5.710802
11680 5.710557
11684 5.720136
11688 5.751701
11692 5.787348
11696 5.784926
11700 5.749823
11704 5.703210
11708 5.679509
11712 5.694639
11716 5.727646
11720 5.757007
11724 5.761960
11728 5.774477
11732 5.788708
11736 5.747429
11740 5.678148
11744 5.661876
11748 5.709469
11752 5.748599
11756 5.745197
11760 5.753034
11764 5.767565
11768 5.755783
11772 5.728217
11776 5.689877
11780 5.683074
11784 5.700462
11788 5.739428
11792 5.788191
11796 5.777524
11800 5.742476
11804 5.731700
11808 5.728870
11812 5.682176
11816 5.633304
11820 5.678257
11824 5.761687
11828 5.786178
11832 5.765198
11836 5.738775
11840 5.716516
11844 5.697441
11848 5.690421
11852 5.689931
11856 5.706612
11860 5.740762
11864 5.781715
11868 5.785171
11872 5.709387
11876 5.655944
11880 5.693087
11884 5.710421
11888 5.682366
11892 5.689360
11896 5.749279
11900 5.796763
11904 5.758232
11908 5.706503
11912 5.675509
11916 5.660570
11920 5.689305
11924 5.712244
11928 5.729932
11932 5.747810
11936 5.752354
11940 5.758041
11944 5.702829
11948 5.632760
11952 5.632488
11956 5.693931
11960 5.742041
11964 5.731782
11968 5.726938
11972 5.742775
11976 5.752136
11980 5.711700
11984 5.653631
11988 5.654447
11992 5.700380
11996 5.743673
12000 5.767973
12004 5.770150
12008 5.737796
12012 5.697931
12016 5.690856
12020 5.670774
12024 5.644733
12028 5.688897
12032 5.763429
12036 5.797933
12040 5.755211
12044 5.704353
12048 5.717387
12052 5.702938
12056 5.669223
12060 5.684189
12064 5.718122
12068 5.747048
12072 5.762096
12076 5.771837
12080 5.729660
12084 5.654529
12088 5.653005
12092 5.695346
12096 5.715401
12100 5.714013
12104 5.755674
12108 5.811403
12112 5.792708
12116 5.703428
12120 5.654393
12124 5.695428
12128 5.706584
12132 5.709659
12136 5.742857
12140 5.761932
12144 5.764381
12148 5.752245
12152 5.722966
12156 5.675237
12160 5.647291
12164 5.696434
12168 5.761089
12172 5.763347
12176 5.756436
12180 5.758123
12184 5.755483
12188 5.712217
12192 5.649032
12196 5.665196
12200 5.723809
12204 5.765742
12208 5.784137
12212 5.770341
12216 5.742258
12220 5.721278
12224 5.713387
12228 5.688108
12232 5.679808
12236 5.716408
12240 5.769252
12244 5.797035
12248 5.768898
12252 5.729551
12256 5.715401
12260 5.718530
12264 5.697088
12268 5.679618
12272 5.733687
12276 5.789579
12280 5.785906
12284 5.760408
