0 5.829689
2 5.830832
4 5.824192
6 5.794967
8 5.751619
10 5.723782
12 5.735728
14 5.781688
16 5.825743
18 5.832628
20 5.802069
22 5.765307
24 5.750177
26 5.754422
28 5.755538
30 5.743891
32 5.734095
34 5.746150
36 5.781633
38 5.814886
40 5.815321
42 5.780545
44 5.737986
46 5.718721
48 5.731728
50 5.757987
52 5.773715
54 5.773116
56 5.766014
58 5.761851
60 5.756735
62 5.738911
64 5.708244
66 5.681604
68 5.680489
70 5.714802
72 5.769034
74 5.808736
76 5.811430
78 5.781878
80 5.742503
82 5.715047
84 5.706203
86 5.709741
88 5.714775
90 5.715891
92 5.721115
94 5.743673
96 5.779919
98 5.803049
100 5.788436
102 5.743238
104 5.697986
106 5.678720
108 5.691074
110 5.718394
112 5.736626
114 5.736571
116 5.734204
118 5.753769
120 5.796246
122 5.832328
124 5.830859
126 5.792491
128 5.752517
130 5.746830
132 5.776028
134 5.807675
136 5.810804
138 5.784545
140 5.757633
142 5.758368
144 5.783212
146 5.800709
148 5.788246
150 5.759211
152 5.748163
154 5.771239
156 5.809062
158 5.827294
160 5.808926
162 5.768654
164 5.738939
166 5.739129
168 5.757007
170 5.766531
172 5.758803
174 5.750966
176 5.765633
178 5.801362
180 5.828900
182 5.819321
184 5.773225
186 5.723537
188 5.706829
190 5.729877
192 5.768436
194 5.792763
196 5.792790
198 5.783810
200 5.783810
202 5.788436
204 5.777715
206 5.744381
208 5.707455
210 5.697305
212 5.728462
214 5.787076
216 5.836655
218 5.841662
220 5.801117
222 5.747701
224 5.712571
226 5.702149
228 5.704734
230 5.710530
232 5.721496
234 5.742340
236 5.773225
238 5.803130
240 5.807729
242 5.773606
244 5.720625
246 5.688489
248 5.703645
250 5.755483
252 5.802804
254 5.812056
256 5.787048
258 5.759701
260 5.753061
262 5.759102
264 5.757334
266 5.743265
268 5.731837
270 5.744463
272 5.785089
274 5.828736
276 5.845526
278 5.826015
280 5.784599
282 5.747837
284 5.733252
286 5.739782
288 5.754313
290 5.762939
292 5.767538
294 5.782123
296 5.807838
298 5.827403
300 5.821634
302 5.789144
304 5.753578
306 5.742177
308 5.760109
310 5.787647
312 5.798096
314 5.784028
316 5.762858
318 5.753225
320 5.757225
322 5.761361
324 5.748980
326 5.721796
328 5.701305
330 5.708734
332 5.743456
334 5.778259
336 5.784436
338 5.760082
340 5.729850
342 5.724680
344 5.748789
346 5.772109
348 5.772273
350 5.756436
352 5.744381
354 5.751347
356 5.773715
358 5.786423
360 5.769824
362 5.731047
364 5.701414
366 5.709251
368 5.746122
370 5.780001
372 5.790123
374 5.779239
376 5.767266
378 5.771375
380 5.783103
382 5.776463
384 5.741714
386 5.701850
388 5.690992
390 5.719673
392 5.769252
394 5.810858
396 5.826015
398 5.816382
400 5.798096
402 5.782994
404 5.770368
406 5.752653
408 5.730775
410 5.717877
412 5.725605
414 5.752408
416 5.783511
418 5.800600
420 5.798913
422 5.789035
424 5.782531
426 5.784355
428 5.792246
430 5.800872
432 5.806613
434 5.808409
436 5.807593
438 5.803375
440 5.794232
442 5.781933
444 5.769742
446 5.761361
448 5.764626
450 5.784980
452 5.814069
454 5.830559
456 5.820491
458 5.794668
460 5.775130
462 5.769334
464 5.766613
466 5.755184
468 5.738068
470 5.735701
472 5.766341
474 5.819430
476 5.855975
478 5.842396
480 5.786123
482 5.731673
484 5.716027
486 5.737360
488 5.766313
490 5.777416
492 5.771647
494 5.770694
496 5.787974
498 5.809144
500 5.803647
502 5.758776
504 5.703292
506 5.684842
508 5.721605
510 5.781878
512 5.815512
514 5.803130
516 5.768245
518 5.745796
520 5.748762
522 5.761551
524 5.760272
526 5.738721
528 5.716353
530 5.718829
532 5.747401
534 5.772001
536 5.764082
538 5.725959
540 5.681033
542 5.654611
544 5.661250
546 5.694639
548 5.736571
550 5.770640
552 5.789062
554 5.795130
556 5.792083
558 5.776953
560 5.751129
562 5.723183
564 5.706312
566 5.711727
568 5.740463
570 5.782178
572 5.816872
574 5.826968
576 5.816246
578 5.803212
580 5.796572
582 5.789797
584 5.773633
586 5.749551
588 5.731211
590 5.732136
592 5.753197
594 5.779402
596 5.788300
598 5.773497
600 5.755075
602 5.758232
604 5.784273
606 5.806287
608 5.797770
610 5.764409
612 5.739537
614 5.749306
616 5.783620
618 5.800382
620 5.770041
622 5.711945
624 5.676978
626 5.694530
628 5.741578
630 5.768245
632 5.754857
634 5.729632
636 5.731075
638 5.763783
640 5.791919
642 5.781062
644 5.736081
646 5.696434
648 5.702122
650 5.751238
652 5.797062
654 5.799756
656 5.760572
658 5.710312
660 5.679863
662 5.675699
664 5.684924
666 5.696815
668 5.711999
670 5.739755
672 5.783130
674 5.822886
676 5.829607
678 5.793117
680 5.729469
682 5.667808
684 5.632025
686 5.632651
688 5.667427
690 5.719755
692 5.769960
694 5.807974
696 5.831076
698 5.836736
700 5.821063
702 5.784355
704 5.740789
706 5.709986
708 5.704571
710 5.724245
712 5.751592
714 5.763538
716 5.750993
718 5.726721
720 5.714965
722 5.727945
724 5.754231
726 5.774586
728 5.781280
730 5.785307
732 5.802450
734 5.825144
736 5.824437
738 5.785742
740 5.729360
742 5.695509
744 5.707319
746 5.749279
748 5.786096
750 5.793933
752 5.778558
754 5.764844
756 5.764735
758 5.765796
760 5.749796
762 5.715700
764 5.690666
766 5.707455
768 5.764245
770 5.819240
772 5.825362
774 5.777361
776 5.719564
778 5.692434
780 5.695945
782 5.705360
784 5.699591
786 5.686829
788 5.696217
790 5.738394
792 5.791185
794 5.817117
796 5.798477
798 5.755728
800 5.716326
802 5.692489
804 5.682366
806 5.674257
808 5.663536
810 5.658937
812 5.670774
814 5.704543
816 5.749823
818 5.784001
820 5.793225
822 5.780463
824 5.761960
826 5.754395
828 5.758939
830 5.764109
832 5.758667
834 5.737986
836 5.714530
838 5.707020
840 5.718938
842 5.737551
844 5.745361
846 5.737823
848 5.733823
850 5.754830
852 5.797008
854 5.830995
856 5.827784
858 5.789824
860 5.751293
862 5.741116
864 5.755102
866 5.765252
868 5.754095
870 5.735945
872 5.740762
874 5.778178
876 5.822478
878 5.832138
880 5.789606
882 5.724843
884 5.691428
886 5.713823
888 5.760599
890 5.778558
892 5.751510
894 5.710448
896 5.691373
898 5.698258
900 5.703890
902 5.685060
904 5.653903
906 5.647753
908 5.691428
910 5.768626
912 5.830423
914 5.838070
916 5.792763
918 5.724843
920 5.669305
922 5.642638
924 5.637821
926 5.644433
928 5.661495
930 5.692353
932 5.732462
934 5.762068
936 5.763511
938 5.740381
940 5.712190
942 5.699020
944 5.708353
946 5.731102
948 5.753823
950 5.766014
952 5.763619
954 5.752980
956 5.743429
958 5.737823
960 5.733034
962 5.724925
964 5.717414
966 5.722966
968 5.747347
970 5.778450
972 5.790096
974 5.766395
976 5.724653
978 5.699700
980 5.708544
982 5.738340
984 5.760381
986 5.757905
988 5.741660
990 5.736381
992 5.753796
994 5.773007
996 5.760028
998 5.710476
1000 5.661522
1002 5.658747
1004 5.712190
1006 5.780409
1008 5.808028
1010 5.777307
1012 5.718530
1014 5.679455
1016 5.675618
1018 5.679074
1020 5.662556
1022 5.629304
1024 5.608133
1026 5.633114
1028 5.703564
1030 5.777252
1032 5.812926
1034 5.800436
1036 5.762613
1038 5.731047
1040 5.715755
1042 5.706503
1044 5.692516
1046 5.674747
1048 5.668380
1050 5.684625
1052 5.716408
1054 5.748626
1056 5.768245
1058 5.769960
1060 5.759402
1062 5.747619
1064 5.742748
1066 5.743646
1068 5.742531
1070 5.736163
1072 5.727428
1074 5.721442
1076 5.722013
1078 5.725768
1080 5.725850
1082 5.723891
1084 5.729115
1086 5.750585
1088 5.782858
1090 5.803675
1092 5.797579
1094 5.768817
1096 5.733551
1098 5.707510
1100 5.691210
1102 5.675346
1104 5.662230
1106 5.663618
1108 5.689414
1110 5.735047
1112 5.773688
1114 5.776055
1116 5.736163
1118 5.680026
1120 5.650474
1122 5.665767
1124 5.704707
1126 5.737088
1128 5.748245
1130 5.749388
1132 5.761306
1134 5.775484
1136 5.752027
1138 5.664080
1140 5.539125
1142 5.448947
1144 5.446579
1146 5.526363
1148 5.644080
1150 5.743184
1152 5.785824
1154 5.780382
1156 5.761443
1158 5.745687
1160 5.722911
1162 5.683645
1164 5.641005
1166 5.619508
1168 5.633685
1170 5.680353
1172 5.735265
1174 5.765715
1176 5.758857
1178 5.732979
1180 5.719102
1182 5.732789
1184 5.762531
1186 5.782586
1188 5.776518
1190 5.751021
1192 5.724000
1194 5.704108
1196 5.690176
1198 5.679046
1200 5.669223
1202 5.670856
1204 5.702720
1206 5.765905
1208 5.829634
1210 5.852927
1212 5.823539
1214 5.771157
1216 5.735918
1218 5.730394
1220 5.736789
1222 5.732190
1224 5.716680
1226 5.716272
1228 5.749796
1230 5.797443
1232 5.816927
1234 5.785960
1236 5.725523
1238 5.681740
1240 5.682557
1242 5.713251
1244 5.738367
1246 5.742667
1248 5.742912
1250 5.763837
1252 5.805334
1254 5.834505
1256 5.816246
1258 5.752980
1260 5.688788
1262 5.667618
1264 5.692679
1266 5.727564
1268 5.737143
1270 5.721170
1272 5.706040
1274 5.714448
1276 5.744463
1278 5.768436
1280 5.758014
1282 5.720326
1284 5.691890
1286 5.696217
1288 5.722258
1290 5.740054
1292 5.730966
1294 5.700462
1296 5.669223
1298 5.661413
1300 5.685985
1302 5.727156
1304 5.762912
1306 5.780735
1308 5.783320
1310 5.785252
1312 5.791348
1314 5.790722
1316 5.770150
1318 5.728435
1320 5.685822
1322 5.669958
1324 5.691809
1326 5.737714
1328 5.777334
1330 5.789878
1332 5.786423
1334 5.790395
1336 5.804001
1338 5.807539
1340 5.783266
1342 5.739483
1344 5.710040
1346 5.723483
1348 5.773307
1350 5.818015
1352 5.818396
1354 5.779266
1356 5.741252
1358 5.735020
1360 5.753660
1362 5.766585
1364 5.755919
1366 5.738503
1368 5.748136
1370 5.794287
1372 5.840220
1374 5.837199
1376 5.782232
1378 5.722394
1380 5.706639
1382 5.741986
1384 5.787946
1386 5.800573
1388 5.779320
1390 5.756245
1392 5.757415
1394 5.776218
1396 5.777824
1398 5.742395
1400 5.692026
1402 5.669631
1404 5.700271
1406 5.762694
1408 5.806586
1410 5.804355
1412 5.765633
1414 5.712652
1416 5.665631
1418 5.635427
1420 5.625903
1422 5.641114
1424 5.680652
1426 5.735782
1428 5.786341
1430 5.811539
1432 5.808382
1434 5.781443
1436 5.736653
1438 5.693115
1440 5.668407
1442 5.669849
1444 5.693877
1446 5.726231
1448 5.753034
1450 5.766259
1452 5.765524
1454 5.757551
1456 5.747157
1458 5.737850
1460 5.734939
1462 5.740980
1464 5.758531
1466 5.785470
1468 5.806532
1470 5.802885
1472 5.773688
1474 5.742313
1476 5.734748
1478 5.751021
1480 5.769116
1482 5.770041
1484 5.756027
1486 5.749796
1488 5.766150
1490 5.788491
1492 5.787919
1494 5.756735
1496 5.720054
1498 5.713959
1500 5.744327
1502 5.783919
1504 5.801443
1506 5.787511
1508 5.764191
1510 5.759483
1512 5.773198
1514 5.780409
1516 5.760354
1518 5.718585
1520 5.687727
1522 5.697360
1524 5.746558
1526 5.801334
1528 5.819838
1530 5.797035
1532 5.766096
1534 5.749932
1536 5.743728
1538 5.728952
1540 5.698448
1542 5.667264
1544 5.656787
1546 5.680706
1548 5.728979
1550 5.770177
1552 5.787457
1554 5.784926
1556 5.768762
1558 5.749578
1560 5.735646
1562 5.730558
1564 5.735075
1566 5.741905
1568 5.744816
1570 5.746313
1572 5.749170
1574 5.753578
1576 5.753687
1578 5.741388
1580 5.725143
1582 5.724489
1584 5.747973
1586 5.784055
1588 5.806505
1590 5.799620
1592 5.775348
1594 5.756381
1596 5.751265
1598 5.747918
1600 5.733578
1602 5.719455
1604 5.730530
1606 5.775293
1608 5.831349
1610 5.858152
1612 5.831049
1614 5.767048
1616 5.711782
1618 5.697577
1620 5.715482
1622 5.734857
1624 5.743347
1626 5.753687
1628 5.782395
1630 5.825879
1632 5.852410
1634 5.828002
1636 5.758885
1638 5.694421
1640 5.681985
1642 5.724108
1644 5.780028
1646 5.807185
1648 5.798423
1650 5.782423
1652 5.786940
1654 5.807457
1656 5.814260
1658 5.789606
1660 5.750531
1662 5.731483
1664 5.749252
1666 5.785198
1668 5.800110
1670 5.774776
1672 5.727483
1674 5.692815
1676 5.690176
1678 5.711972
1680 5.739918
1682 5.763511
1684 5.781198
1686 5.796083
1688 5.807675
1690 5.803865
1692 5.773960
1694 5.723782
1696 5.673359
1698 5.647835
1700 5.660325
1702 5.702149
1704 5.750476
1706 5.781225
1708 5.783674
1710 5.769279
1712 5.755456
1714 5.747782
1716 5.737633
1718 5.717741
1720 5.699863
1722 5.705958
1724 5.742857
1726 5.791756
1728 5.820246
1730 5.808818
1732 5.769769
1734 5.738122
1736 5.738558
1738 5.760599
1740 5.773688
1742 5.762994
1744 5.744517
1746 5.747075
1748 5.779021
1750 5.812219
1752 5.813144
1754 5.781307
1756 5.746857
1758 5.740762
1760 5.763728
1762 5.785824
1764 5.781933
1766 5.755891
1768 5.733741
1770 5.737333
1772 5.758966
1774 5.771701
1776 5.761823
1778 5.742721
1780 5.742748
1782 5.775375
1784 5.820655
1786 5.841716
1788 5.818042
1790 5.766667
1792 5.724816
1794 5.706884
1796 5.699455
1798 5.687945
1800 5.675645
1802 5.681931
1804 5.720381
1806 5.778803
1808 5.826668
1810 5.836219
1812 5.806967
1814 5.766123
1816 5.736408
1818 5.721360
1820 5.713768
1822 5.708163
1824 5.708544
1826 5.721932
1828 5.746585
1830 5.771075
1832 5.779484
1834 5.761279
1836 5.725415
1838 5.698884
1840 5.702530
1842 5.733415
1844 5.767592
1846 5.782559
1848 5.776109
1850 5.762041
1852 5.757116
1854 5.763266
1856 5.763864
1858 5.746340
1860 5.717523
1862 5.700353
1864 5.716680
1866 5.760626
1868 5.800709
1870 5.810722
1872 5.789117
1874 5.759048
1876 5.748327
1878 5.764191
1880 5.789878
1882 5.801117
1884 5.788355
1886 5.767075
1888 5.758123
1890 5.761334
1892 5.757551
1894 5.735238
1896 5.707237
1898 5.701060
1900 5.733007
1902 5.792899
1904 5.848329
1906 5.870016
1908 5.856791
1910 5.828546
1912 5.800300
1914 5.772273
1916 5.740898
1918 5.712326
1920 5.700897
1922 5.714176
1924 5.745306
1926 5.777905
1928 5.797715
1930 5.800627
1932 5.790831
1934 5.777062
1936 5.768082
1938 5.765524
1940 5.764898
1942 5.762667
1944 5.758830
1946 5.754449
1948 5.748844
1950 5.739020
1952 5.723755
1954 5.708027
1956 5.700952
1958 5.709659
1960 5.733007
1962 5.761062
1964 5.779620
1966 5.778286
1968 5.759402
1970 5.734694
1972 5.712598
1974 5.694883
1976 5.679672
1978 5.669005
1980 5.673359
1982 5.700489
1984 5.739701
1986 5.762640
1988 5.747129
1990 5.703890
1992 5.669985
1994 5.674067
1996 5.715101
1998 5.765170
2000 5.792981
2002 5.789851
2004 5.775456
2006 5.774069
2008 5.782885
2010 5.776599
2012 5.741878
2014 5.694230
2016 5.663345
2018 5.669386
2020 5.708054
2022 5.755429
2024 5.788953
2026 5.803811
2028 5.811103
2030 5.822641
2032 5.835267
2034 5.834070
2036 5.808464
2038 5.764626
2040 5.723918
2042 5.706802
2044 5.717551
2046 5.742748
2048 5.761660
2050 5.764327
2052 5.762068
2054 5.772790
2056 5.796300
2058 5.812355
2060 5.804219
2062 5.778640
2064 5.757061
2066 5.751157
2068 5.751048
2070 5.736544
2072 5.699373
2074 5.656924
2076 5.641032
2078 5.667536
2080 5.721034
2082 5.769579
2084 5.790858
2086 5.787892
2088 5.780518
2090 5.780490
2092 5.775728
2094 5.746122
2096 5.694312
2098 5.649223
2100 5.642855
2102 5.679618
2104 5.727483
2106 5.745959
2108 5.725224
2110 5.691672
2112 5.676216
2114 5.685985
2116 5.705904
2118 5.719374
2120 5.728027
2122 5.749959
2124 5.791185
2126 5.827158
2128 5.821961
2130 5.767293
2132 5.692462
2134 5.638093
2136 5.627671
2138 5.656243
2140 5.698557
2142 5.731483
2144 5.750476
2146 5.767511
2148 5.791185
2150 5.808382
2152 5.799294
2154 5.765116
2156 5.728734
2158 5.715292
2160 5.732952
2162 5.766259
2164 5.788491
2166 5.782722
2168 5.755075
2170 5.728435
2172 5.721442
2174 5.735701
2176 5.759293
2178 5.777905
2180 5.788110
2182 5.796899
2184 5.806994
2186 5.810205
2188 5.792110
2190 5.744245
2192 5.681169
2194 5.635780
2196 5.632052
2198 5.662529
2200 5.694094
2202 5.702666
2204 5.698013
2206 5.707319
2208 5.743619
2210 5.786613
2212 5.793906
2214 5.750204
2216 5.693958
2218 5.679155
2220 5.714693
2222 5.750259
2224 5.733442
2226 5.672298
2228 5.618528
2230 5.612515
2232 5.651182
2234 5.696162
2236 5.717006
2238 5.720625
2240 5.739673
2242 5.793035
2244 5.854778
2246 5.874234
2248 5.828981
2250 5.747129
2252 5.679890
2254 5.653631
2256 5.656896
2258 5.668679
2260 5.681604
2262 5.701931
2264 5.738177
2266 5.785389
2268 5.822423
2270 5.827485
2272 5.796763
2274 5.752191
2276 5.723102
2278 5.719183
2280 5.729251
2282 5.737034
2284 5.734721
2286 5.726748
2288 5.719510
2290 5.716380
2292 5.718367
2294 5.721687
2296 5.723401
2298 5.728245
2300 5.743837
2302 5.772381
2304 5.803566
2306 5.819838
2308 5.807620
2310 5.766368
2312 5.713850
2314 5.674148
2316 5.657577
2318 5.658502
2320 5.666937
2322 5.679237
2324 5.699346
2326 5.725986
2328 5.747619
2330 5.750939
2332 5.732871
2334 5.711782
2336 5.716680
2338 5.752490
2340 5.791429
2342 5.799783
2344 5.767375
2346 5.715700
2348 5.674747
2350 5.654747
2352 5.643427
2354 5.626283
2356 5.612188
2358 5.632597
2360 5.705877
2362 5.807457
2364 5.877309
2366 5.868928
2368 5.796708
2370 5.721877
2372 5.686938
2374 5.680108
2376 5.662665
2378 5.623998
2380 5.595562
2382 5.613685
2384 5.682148
2386 5.763973
2388 5.808056
2390 5.795212
2392 5.754204
2394 5.726421
2396 5.728517
2398 5.744027
2400 5.750531
2402 5.741578
2404 5.723918
2406 5.711265
2408 5.710530
2410 5.714176
2412 5.712761
2414 5.707265
2416 5.706312
2418 5.719210
2420 5.749660
2422 5.790205
2424 5.822450
2426 5.827076
2428 5.801879
2430 5.766694
2432 5.744082
2434 5.741088
2436 5.749442
2438 5.752898
2440 5.740789
2442 5.721251
2444 5.714394
2446 5.727891
2448 5.744898
2450 5.742068
2452 5.720870
2454 5.710176
2456 5.735401
2458 5.790450
2460 5.839648
2462 5.849417
2464 5.819512
2466 5.777688
2468 5.742694
2470 5.705605
2472 5.651508
2474 5.591398
2476 5.562827
2478 5.597684
2480 5.688652
2482 5.785661
2484 5.833879
2486 5.822804
2488 5.788953
2490 5.767973
2492 5.756490
2494 5.726884
2496 5.671128
2498 5.618773
2500 5.609467
2502 5.653957
2504 5.717768
2506 5.749007
2508 5.730041
2510 5.692189
2512 5.681142
2514 5.714231
2516 5.768028
2518 5.801987
2520 5.796572
2522 5.767756
2524 5.747374
2526 5.746150
2528 5.744816
2530 5.723455
2532 5.687455
2534 5.663645
2536 5.675482
2538 5.720870
2540 5.773116
2542 5.804382
2544 5.803130
2546 5.778803
2548 5.751565
2550 5.734340
2552 5.729251
2554 5.732245
2556 5.736163
2558 5.740109
2560 5.750259
2562 5.768191
2564 5.785225
2566 5.783729
2568 5.751483
2570 5.700788
2572 5.663481
2574 5.666094
2576 5.707319
2578 5.756953
2580 5.784980
2582 5.790042
2584 5.794559
2586 5.809797
2588 5.816029
2590 5.785171
2592 5.717142
2594 5.648896
2596 5.626991
2598 5.664951
2600 5.727374
2602 5.761715
2604 5.745306
2606 5.706884
2608 5.694829
2610 5.719238
2612 5.746449
2614 5.744680
2616 5.715755
2618 5.696244
2620 5.714367
2622 5.748544
2624 5.751402
2626 5.702421
2628 5.627943
2630 5.581874
2632 5.597848
2634 5.658719
2636 5.720517
2638 5.755347
2640 5.769851
2642 5.786423
2644 5.809579
2646 5.819103
2648 5.793307
2650 5.735945
2652 5.679917
2654 5.658148
2656 5.676951
2658 5.715809
2660 5.747674
2662 5.761960
2664 5.764327
2666 5.762858
2668 5.760599
2670 5.754531
2672 5.742694
2674 5.731945
2676 5.731238
2678 5.746095
2680 5.774912
2682 5.803783
2684 5.813607
2686 5.794341
2688 5.753578
2690 5.712489
2692 5.690557
2694 5.693060
2696 5.711836
2698 5.731075
2700 5.740925
2702 5.747483
2704 5.760436
2706 5.772654
2708 5.764272
2710 5.728054
2712 5.686448
2714 5.670529
2716 5.689713
2718 5.725932
2720 5.745306
2722 5.728571
2724 5.694938
2726 5.682312
2728 5.703782
2730 5.732054
2732 5.729197
2734 5.694965
2736 5.676407
2738 5.714721
2740 5.791974
2742 5.843594
2744 5.821090
2746 5.742122
2748 5.671863
2750 5.655590
2752 5.681659
2754 5.704897
2756 5.699319
2758 5.685115
2760 5.703537
2762 5.765007
2764 5.830315
2766 5.847866
2768 5.807811
2770 5.748844
2772 5.716353
2774 5.725088
2776 5.754095
2778 5.771728
2780 5.765715
2782 5.749415
2784 5.743020
2786 5.750041
2788 5.755810
2790 5.749170
2792 5.734530
2794 5.724299
2796 5.729496
2798 5.752082
2800 5.781280
2802 5.800681
2804 5.798260
2806 5.774341
2808 5.742258
2810 5.717115
2812 5.705550
2814 5.706475
2816 5.714584
2818 5.726204
2820 5.741850
2822 5.761170
2824 5.776817
2826 5.776926
2828 5.754857
2830 5.720435
2832 5.696843
2834 5.701278
2836 5.729333
2838 5.756980
2840 5.762667
2842 5.747646
2844 5.728163
2846 5.712652
2848 5.692108
2850 5.655291
2852 5.613685
2854 5.602963
2856 5.649849
2858 5.740599
2860 5.821308
2862 5.839539
2864 5.797416
2866 5.745959
2868 5.722802
2870 5.717414
2872 5.700108
2874 5.664488
2876 5.637413
2878 5.652379
2880 5.712217
2882 5.777905
2884 5.802015
2886 5.775484
2888 5.735428
2890 5.726449
2892 5.757143
2894 5.792899
2896 5.799021
2898 5.776137
2900 5.753442
2902 5.754939
2904 5.773851
2906 5.783021
2908 5.767130
2910 5.737714
2912 5.721714
2914 5.738531
2916 5.777824
2918 5.809144
2920 5.811593
2922 5.787783
2924 5.755619
2926 5.730068
2928 5.714067
2930 5.705714
2932 5.704924
2934 5.711891
2936 5.727592
2938 5.752517
2940 5.780436
2942 5.797987
2944 5.793089
2946 5.764653
2948 5.723319
2950 5.689251
2952 5.680271
2954 5.697523
2956 5.726231
2958 5.750150
2960 5.764055
2962 5.775320
2964 5.784137
2966 5.771511
2968 5.729932
2970 5.679346
2972 5.642501
2974 5.635835
2976 5.659209
2978 5.694394
2980 5.722231
2982 5.733850
2984 5.736952
2986 5.744871
2988 5.753442
2990 5.749034
2992 5.725877
2994 5.694203
2996 5.679563
2998 5.694802
3000 5.725279
3002 5.741932
3004 5.724435
3006 5.682992
3008 5.652515
3010 5.656787
3012 5.687645
3014 5.717170
3016 5.729741
3018 5.739837
3020 5.768191
3022 5.808328
3024 5.829090
3026 5.805443
3028 5.748980
3030 5.698693
3032 5.685577
3034 5.712952
3036 5.757279
3038 5.790912
3040 5.805607
3042 5.809062
3044 5.808790
3046 5.804926
3048 5.790668
3050 5.763102
3052 5.732081
3054 5.715619
3056 5.727020
3058 5.761198
3060 5.794994
3062 5.805988
3064 5.787620
3066 5.752544
3068 5.723020
3070 5.711020
3072 5.712625
3074 5.718639
3076 5.723265
3078 5.729660
3080 5.745225
3082 5.768245
3084 5.785307
3086 5.779511
3088 5.746122
3090 5.705387
3092 5.684625
3094 5.691400
3096 5.709822
3098 5.714721
3100 5.695618
3102 5.668434
3104 5.660461
3106 5.681359
3108 5.708897
3110 5.714666
3112 5.701958
3114 5.703890
3116 5.743864
3118 5.804790
3120 5.836328
3122 5.803239
3124 5.726966
3126 5.661305
3128 5.639671
3130 5.653767
3132 5.675264
3134 5.689060
3136 5.703047
3138 5.731537
3140 5.772055
3142 5.800001
3144 5.791729
3146 5.745905
3148 5.685740
3150 5.646229
3152 5.647318
3154 5.677060
3156 5.706285
3158 5.716136
3160 5.712408
3162 5.715537
3164 5.734639
3166 5.754939
3168 5.755075
3170 5.733605
3172 5.714612
3174 5.723455
3176 5.759320
3178 5.793960
3180 5.796681
3182 5.764980
3184 5.724489
3186 5.698802
3188 5.689251
3190 5.681631
3192 5.665985
3194 5.649277
3196 5.650964
3198 5.684951
3200 5.740871
3202 5.785933
3204 5.794232
3206 5.771783
3208 5.749034
3210 5.747891
3212 5.762177
3214 5.767320
3216 5.744653
3218 5.700707
3220 5.663345
3222 5.651781
3224 5.653005
3226 5.643889
3228 5.625984
3230 5.621467
3232 5.652352
3234 5.720707
3236 5.797198
3238 5.839566
3240 5.827811
3242 5.779946
3244 5.734966
3246 5.712952
3248 5.697822
3250 5.667237
3252 5.624977
3254 5.599562
3256 5.622692
3258 5.697088
3260 5.783756
3262 5.829362
3264 5.807702
3266 5.748299
3268 5.710993
3270 5.721034
3272 5.746939
3274 5.745878
3276 5.715755
3278 5.690257
3280 5.692979
3282 5.715238
3284 5.733605
3286 5.732435
3288 5.713251
3290 5.694639
3292 5.701305
3294 5.742830
3296 5.801171
3298 5.845743
3300 5.857199
3302 5.834995
3304 5.793498
3306 5.753470
3308 5.725523
3310 5.704734
3312 5.683944
3314 5.667509
3316 5.670366
3318 5.700217
3320 5.742068
3322 5.767837
3324 5.764708
3326 5.748327
3328 5.744762
3330 5.761470
3332 5.780763
3334 5.781633
3336 5.762368
3338 5.739537
3340 5.726639
3342 5.715755
3344 5.685604
3346 5.631372
3348 5.579208
3350 5.566718
3352 5.611344
3354 5.691183
3356 5.761606
3358 5.793198
3360 5.787702
3362 5.764572
3364 5.737551
3366 5.699264
3368 5.639018
3370 5.576432
3372 5.548404
3374 5.570446
3376 5.626420
3378 5.680380
3380 5.700026
3382 5.683863
3384 5.659754
3386 5.654855
3388 5.674774
3390 5.703509
3392 5.721904
3394 5.725034
3396 5.720517
3398 5.715999
3400 5.709278
3402 5.689223
3404 5.651563
3406 5.606338
3408 5.569167
3410 5.560269
3412 5.595589
3414 5.670529
3416 5.758449
3418 5.822750
3420 5.843703
3422 5.835349
3424 5.826097
3426 5.825743
3428 5.816491
3430 5.777878
3432 5.717632
3434 5.667264
3436 5.654529
3438 5.680216
3440 5.718857
3442 5.743864
3444 5.748408
3446 5.747810
3448 5.762966
3450 5.795157
3452 5.821879
3454 5.820219
3456 5.789851
3458 5.753905
3460 5.735564
3462 5.733932
3464 5.726721
3466 5.697904
3468 5.661658
3470 5.651971
3472 5.686475
3474 5.746776
3476 5.794668
3478 5.805471
3480 5.788463
3482 5.768055
3484 5.747020
3486 5.708843
3488 5.650747
3490 5.595018
3492 5.574419
3494 5.602337
3496 5.659345
3498 5.707292
3500 5.721360
3502 5.709142
3504 5.692924
3506 5.685795
3508 5.685495
3510 5.685142
3512 5.689006
3514 5.708489
3516 5.744190
3518 5.781960
3520 5.799185
3522 5.777552
3524 5.719210
3526 5.648760
3528 5.595344
3530 5.577766
3532 5.597902
3534 5.645876
3536 5.704326
3538 5.752925
3540 5.784355
3542 5.807321
3544 5.825063
3546 5.826124
3548 5.799838
3550 5.754041
3552 5.716027
3554 5.708544
3556 5.726612
3558 5.740082
3560 5.720843
3562 5.675291
3564 5.644053
3566 5.663073
3568 5.730666
3570 5.803811
3572 5.834423
3574 5.818804
3576 5.797226
3578 5.798504
3580 5.802940
3582 5.771647
3584 5.700462
3586 5.627916
3588 5.602691
3590 5.643780
3592 5.720299
3594 5.777143
3596 5.790259
3598 5.785525
3600 5.799484
3602 5.832682
3604 5.849254
3606 5.820954
3608 5.760463
3610 5.710122
3612 5.701795
3614 5.726639
3616 5.745497
3618 5.730476
3620 5.691618
3622 5.664298
3624 5.674420
3626 5.714067
3628 5.748490
3630 5.750993
3632 5.733469
3634 5.736000
3636 5.778178
3638 5.830042
3640 5.841580
3642 5.796790
3644 5.725796
3646 5.672625
3648 5.656951
3650 5.661958
3652 5.663481
3654 5.660243
3656 5.665196
3658 5.685414
3660 5.717714
3662 5.752735
3664 5.776164
3666 5.774341
3668 5.752490
3670 5.732245
3672 5.726694
3674 5.732081
3676 5.737061
3678 5.730095
3680 5.708326
3682 5.684951
3684 5.680135
3686 5.699999
3688 5.731428
3690 5.759810
3692 5.781633
3694 5.803947
3696 5.832491
3698 5.857662
3700 5.855512
3702 5.812654
3704 5.744163
3706 5.684353
3708 5.658992
3710 5.667618
3712 5.691074
3714 5.712299
3716 5.731564
3718 5.763783
3720 5.812518
3722 5.852927
3724 5.853390
3726 5.810831
3728 5.757851
3730 5.732898
3732 5.744000
3734 5.762123
3736 5.753769
3738 5.719700
3740 5.692162
3742 5.693414
3744 5.710530
3746 5.715945
3748 5.701496
3750 5.690149
3752 5.712462
3754 5.770640
3756 5.831675
3758 5.851485
3760 5.818695
3762 5.767048
3764 5.734149
3766 5.727183
3768 5.731837
3770 5.730313
3772 5.719863
3774 5.714530
3776 5.725741
3778 5.751347
3780 5.775211
3782 5.775402
3784 5.748327
3786 5.717034
3788 5.709904
3790 5.738884
3792 5.785797
3794 5.817063
3796 5.814478
3798 5.782559
3800 5.737932
3802 5.699047
3804 5.676407
3806 5.671590
3808 5.677849
3810 5.691292
3812 5.716897
3814 5.759374
3816 5.814069
3818 5.861254
3820 5.871404
3822 5.833934
3824 5.773878
3826 5.728027
3828 5.711292
3830 5.710720
3832 5.708027
3834 5.701006
3836 5.702611
3838 5.723129
3840 5.755075
3842 5.778205
3844 5.781579
3846 5.775973
3848 5.781361
3850 5.804273
3852 5.828274
3854 5.828138
3856 5.797933
3858 5.757306
3860 5.729279
3862 5.718367
3864 5.712380
3866 5.701088
3868 5.690448
3870 5.696326
3872 5.729251
3874 5.779293
3876 5.813634
3878 5.806096
3880 5.766341
3882 5.729197
3884 5.714421
3886 5.712244
3888 5.705768
3890 5.690965
3892 5.677414
3894 5.684271
3896 5.722639
3898 5.770885
3900 5.788926
3902 5.766014
3904 5.731809
3906 5.721170
3908 5.742748
3910 5.775266
3912 5.789906
3914 5.777062
3916 5.754340
3918 5.748299
3920 5.764517
3922 5.781661
3924 5.774314
3926 5.734122
3928 5.680407
3930 5.651318
3932 5.671754
3934 5.730939
3936 5.790640
3938 5.815675
3940 5.803539
3942 5.781470
3944 5.777334
3946 5.793525
3948 5.804600
3950 5.789606
3952 5.760191
3954 5.744000
3956 5.751810
3958 5.769062
3960 5.770885
3962 5.744571
3964 5.703346
3966 5.680434
3968 5.700761
3970 5.754966
3972 5.807566
3974 5.831049
3976 5.827811
3978 5.819811
3980 5.817144
3982 5.804817
3984 5.764272
3986 5.702639
3988 5.655128
3990 5.656162
3992 5.706666
3994 5.771973
3996 5.809770
3998 5.802804
4000 5.770749
4002 5.745388
4004 5.735238
4006 5.725578
4008 5.706802
4010 5.690911
4012 5.699210
4014 5.735184
4016 5.775211
4018 5.784872
4020 5.746041
4022 5.678339
4024 5.626147
4026 5.616787
4028 5.643998
4030 5.686938
4032 5.726285
4034 5.750177
4036 5.760789
4038 5.769552
4040 5.771973
4042 5.746612
4044 5.691781
4046 5.640515
4048 5.630311
4050 5.669713
4052 5.730666
4054 5.767728
4056 5.759184
4058 5.725932
4060 5.703700
4062 5.709251
4064 5.731619
4066 5.750259
4068 5.759647
4070 5.770803
4072 5.794069
4074 5.823512
4076 5.837526
4078 5.820709
4080 5.779456
4082 5.733796
4084 5.704571
4086 5.703101
4088 5.722612
4090 5.743810
4092 5.754177
4094 5.760354
4096 5.775973
4098 5.798940
4100 5.810913
4102 5.797008
4104 5.762123
4106 5.730041
4108 5.722530
4110 5.737660
4112 5.752789
4114 5.749333
4116 5.731483
4118 5.720761
4120 5.731129
4122 5.756191
4124 5.778178
4126 5.781198
4128 5.765334
4130 5.749469
4132 5.751755
4134 5.770558
4136 5.783076
4138 5.764381
4140 5.718748
4142 5.679101
4144 5.670121
4146 5.685958
4148 5.701414
4150 5.701686
4152 5.699673
4154 5.715755
4156 5.752436
4158 5.790586
4160 5.799811
4162 5.765606
4164 5.710394
4166 5.674094
4168 5.675781
4170 5.700897
4172 5.725006
4174 5.734993
4176 5.730122
4178 5.721659
4180 5.721251
4182 5.722095
4184 5.708353
4186 5.679046
4188 5.654366
4190 5.660896
4192 5.705441
4194 5.767157
4196 5.814260
4198 5.825444
4200 5.803947
4202 5.772381
4204 5.746313
4206 5.725006
4208 5.706584
4210 5.696652
4212 5.705278
4214 5.736435
4216 5.777225
4218 5.804573
4220 5.804926
4222 5.785933
4224 5.767619
4226 5.762939
4228 5.769524
4230 5.775075
4232 5.769688
4234 5.756517
4236 5.747946
4238 5.749578
4240 5.753660
4242 5.750259
4244 5.739592
4246 5.732707
4248 5.743265
4250 5.776953
4252 5.820219
4254 5.842995
4256 5.825362
4258 5.777606
4260 5.728109
4262 5.697142
4264 5.684053
4266 5.677523
4268 5.674067
4270 5.684244
4272 5.721796
4274 5.780001
4276 5.824682
4278 5.824927
4280 5.780545
4282 5.720217
4284 5.682693
4286 5.686475
4288 5.717170
4290 5.745959
4292 5.753497
4294 5.745252
4296 5.742286
4298 5.753551
4300 5.766368
4302 5.756572
4304 5.713251
4306 5.661658
4308 5.642746
4310 5.667726
4312 5.710421
4314 5.735047
4316 5.727864
4318 5.705251
4320 5.694530
4322 5.708625
4324 5.733496
4326 5.741878
4328 5.725006
4330 5.700407
4332 5.688842
4334 5.694829
4336 5.704897
4338 5.704707
4340 5.694448
4342 5.688325
4344 5.700217
4346 5.727809
4348 5.753578
4350 5.762885
4352 5.754259
4354 5.737279
4356 5.720190
4358 5.701387
4360 5.677523
4362 5.655509
4364 5.647753
4366 5.663345
4368 5.701060
4370 5.747510
4372 5.785525
4374 5.803266
4376 5.801035
4378 5.788817
4380 5.773388
4382 5.752327
4384 5.725006
4386 5.699727
4388 5.689523
4390 5.701088
4392 5.728000
4394 5.755510
4396 5.768871
4398 5.761062
4400 5.738476
4402 5.717115
4404 5.707836
4406 5.708761
4408 5.709986
4410 5.707890
4412 5.711374
4414 5.731183
4416 5.766041
4418 5.794967
4420 5.787375
4422 5.736190
4424 5.673169
4426 5.641168
4428 5.657223
4430 5.699890
4432 5.730966
4434 5.732000
4436 5.715700
4438 5.706367
4440 5.714394
4442 5.724517
4444 5.714231
4446 5.683890
4448 5.660651
4450 5.673332
4452 5.721659
4454 5.769824
4456 5.778803
4458 5.742422
4460 5.691564
4462 5.664679
4464 5.675182
4466 5.706231
4468 5.734340
4470 5.751837
4472 5.768790
4474 5.791865
4476 5.805688
4478 5.787212
4480 5.736218
4482 5.678257
4484 5.643971
4486 5.647236
4488 5.679944
4490 5.723074
4492 5.759701
4494 5.781960
4496 5.791212
4498 5.788654
4500 5.772572
4502 5.746259
4504 5.721714
4506 5.713496
4508 5.727455
4510 5.755701
4512 5.783239
4514 5.796491
4516 5.787919
4518 5.760871
4520 5.729768
4522 5.710367
4524 5.708407
4526 5.717768
4528 5.728789
4530 5.739265
4532 5.754721
4534 5.776926
4536 5.793606
4538 5.785742
4540 5.749089
4542 5.704271
4544 5.680597
4546 5.691019
4548 5.720381
4550 5.740680
4552 5.737986
4554 5.722639
4556 5.716299
4558 5.725170
4560 5.733823
4562 5.724190
4564 5.696788
4566 5.675972
4568 5.691400
4570 5.739837
4572 5.781769
4574 5.777987
4576 5.726530
4578 5.667454
4580 5.641359
4582 5.650583
4584 5.670448
4586 5.680461
4588 5.680434
4590 5.692815
4592 5.732435
4594 5.781851
4596 5.806042
4598 5.785579
4600 5.736707
4602 5.696516
4604 5.686393
4606 5.697088
4608 5.703237
4610 5.691264
4612 5.674910
4614 5.675944
4616 5.698448
4618 5.724925
4620 5.733360
4622 5.721170
4624 5.707129
4626 5.710367
4628 5.734639
4630 5.764926
4632 5.782096
4634 5.782069
4636 5.774259
4638 5.767021
4640 5.758857
4642 5.742150
4644 5.718312
4646 5.699156
4648 5.694366
4650 5.709142
4652 5.740408
4654 5.772545
4656 5.787157
4658 5.777334
4660 5.752871
4662 5.734694
4664 5.733170
4666 5.740272
4668 5.741633
4670 5.728789
4672 5.709142
4674 5.703319
4676 5.720489
4678 5.741551
4680 5.734666
4682 5.691400
4684 5.644488
4686 5.636733
4688 5.678257
4690 5.739592
4692 5.773824
4694 5.759973
4696 5.723156
4698 5.698829
4700 5.694067
4702 5.687754
4704 5.663645
4706 5.637222
4708 5.641223
4710 5.688924
4712 5.755973
4714 5.798695
4716 5.794559
4718 5.761034
4720 5.734177
4722 5.736408
4724 5.758857
4726 5.775620
4728 5.774994
4730 5.769089
4732 5.773171
4734 5.784545
4736 5.780681
4738 5.743918
4740 5.687999
4742 5.649903
4744 5.657060
4746 5.703727
4748 5.757687
4750 5.790994
4752 5.801226
4754 5.803049
4756 5.806505
4758 5.804300
4760 5.782123
4762 5.741932
4764 5.705496
4766 5.693985
4768 5.710748
4770 5.739456
4772 5.759783
4774 5.763293
4776 5.755347
4778 5.749333
4780 5.757415
4782 5.777334
4784 5.793253
4786 5.790940
4788 5.770395
4790 5.746286
4792 5.732871
4794 5.727619
4796 5.711863
4798 5.673822
4800 5.629440
4802 5.609603
4804 5.635699
4806 5.705115
4808 5.784191
4810 5.827838
4812 5.818287
4814 5.778803
4816 5.744925
4818 5.728027
4820 5.714204
4822 5.689142
4824 5.657577
4826 5.640569
4828 5.656978
4830 5.703972
4832 5.751429
4834 5.764762
4836 5.737551
4838 5.698911
4840 5.685305
4842 5.705877
4844 5.738721
4846 5.757715
4848 5.760545
4850 5.767538
4852 5.791783
4854 5.816328
4856 5.811457
4858 5.770967
4860 5.719401
4862 5.688625
4864 5.689985
4866 5.709033
4868 5.727537
4870 5.741578
4872 5.759048
4874 5.785008
4876 5.807620
4878 5.808926
4880 5.785470
4882 5.749823
4884 5.722884
4886 5.720108
4888 5.736462
4890 5.752327
4892 5.752816
4894 5.739129
4896 5.727347
4898 5.730830
4900 5.745388
4902 5.756517
4904 5.758966
4906 5.761769
4908 5.777035
4910 5.804545
4912 5.825988
4914 5.814641
4916 5.759864
4918 5.680842
4920 5.610773
4922 5.578283
4924 5.596814
4926 5.656679
4928 5.726966
4930 5.775320
4932 5.791239
4934 5.799457
4936 5.817879
4938 5.821498
4940 5.780137
4942 5.704353
4944 5.639399
4946 5.628079
4948 5.670774
4950 5.727129
4952 5.756490
4954 5.743238
4956 5.708407
4958 5.689550
4960 5.701713
4962 5.729551
4964 5.748952
4966 5.751157
4968 5.757851
4970 5.789715
4972 5.830804
4974 5.842750
4976 5.807212
4978 5.745687
4980 5.696679
4982 5.683563
4984 5.702802
4986 5.729578
4988 5.742612
4990 5.748191
4992 5.764708
4994 5.794287
4996 5.817199
4998 5.810913
5000 5.775946
5002 5.739592
5004 5.730095
5006 5.753334
5008 5.782259
5010 5.781688
5012 5.750531
5014 5.717877
5016 5.708680
5018 5.723265
5020 5.742367
5022 5.751891
5024 5.758504
5026 5.778504
5028 5.818342
5030 5.858097
5032 5.865200
5034 5.826451
5036 5.756708
5038 5.689740
5040 5.655944
5042 5.655345
5044 5.664189
5046 5.663917
5048 5.659890
5050 5.675781
5052 5.722966
5054 5.781824
5056 5.814668
5058 5.795375
5060 5.738966
5062 5.693741
5064 5.689632
5066 5.716272
5068 5.742612
5070 5.744571
5072 5.724108
5074 5.703237
5076 5.701496
5078 5.722013
5080 5.745905
5082 5.752816
5084 5.747211
5086 5.750585
5088 5.779293
5090 5.822940
5092 5.844682
5094 5.819675
5096 5.764926
5098 5.720163
5100 5.709550
5102 5.723619
5104 5.736462
5106 5.734558
5108 5.724952
5110 5.727864
5112 5.755619
5114 5.790940
5116 5.801498
5118 5.776028
5120 5.738857
5122 5.727102
5124 5.752517
5126 5.790395
5128 5.806260
5130 5.788708
5132 5.757551
5134 5.739211
5136 5.736326
5138 5.729986
5140 5.706040
5142 5.675019
5144 5.667999
5146 5.707945
5148 5.784763
5150 5.858397
5152 5.886533
5154 5.859703
5156 5.809443
5158 5.771402
5160 5.751646
5162 5.732598
5164 5.700108
5166 5.665305
5168 5.656651
5170 5.686856
5172 5.734177
5174 5.757987
5176 5.740871
5178 5.705931
5180 5.690421
5182 5.714122
5184 5.763511
5186 5.799702
5188 5.796436
5190 5.760082
5192 5.713033
5194 5.671890
5196 5.640515
5198 5.616188
5200 5.599344
5202 5.601712
5204 5.639563
5206 5.715972
5208 5.803185
5210 5.856057
5212 5.852601
5214 5.809389
5216 5.757796
5218 5.716054
5220 5.686557
5222 5.670393
5224 5.669822
5226 5.684380
5228 5.711537
5230 5.743129
5232 5.767592
5234 5.776926
5236 5.769851
5238 5.756436
5240 5.754721
5242 5.771320
5244 5.795021
5246 5.808164
5248 5.800573
5250 5.779320
5252 5.760735
5254 5.749742
5256 5.735837
5258 5.710394
5260 5.682965
5262 5.674801
5264 5.698013
5266 5.745415
5268 5.792981
5270 5.813743
5272 5.802858
5274 5.782450
5276 5.775538
5278 5.780463
5280 5.775756
5282 5.750612
5284 5.719891
5286 5.706829
5288 5.720653
5290 5.746939
5292 5.756735
5294 5.735320
5296 5.697088
5298 5.669005
5300 5.670121
5302 5.697414
5304 5.727075
5306 5.739374
5308 5.736544
5310 5.733796
5312 5.742912
5314 5.751837
5316 5.733279
5318 5.676652
5320 5.602991
5322 5.554473
5324 5.565221
5326 5.627780
5328 5.701115
5330 5.751102
5332 5.773960
5334 5.783620
5336 5.785280
5338 5.775892
5340 5.757116
5342 5.732272
5344 5.707727
5346 5.694829
5348 5.697224
5350 5.708680
5352 5.718802
5354 5.720544
5356 5.716108
5358 5.715047
5360 5.727211
5362 5.754993
5364 5.787783
5366 5.810722
5368 5.819539
5370 5.817444
5372 5.805171
5374 5.779293
5376 5.740163
5378 5.700462
5380 5.676244
5382 5.677033
5384 5.700679
5386 5.735728
5388 5.767892
5390 5.784273
5392 5.777987
5394 5.756925
5396 5.736490
5398 5.721170
5400 5.706258
5402 5.692951
5404 5.693550
5406 5.718258
5408 5.758721
5410 5.789770
5412 5.784681
5414 5.735945
5416 5.671073
5418 5.634501
5420 5.646121
5422 5.685985
5424 5.718693
5426 5.729551
5428 5.736326
5430 5.758857
5432 5.786912
5434 5.786395
5436 5.735456
5438 5.654338
5440 5.594664
5442 5.592541
5444 5.640515
5446 5.696707
5448 5.718884
5450 5.704435
5452 5.689196
5454 5.704190
5456 5.744408
5458 5.779239
5460 5.786395
5462 5.772218
5464 5.757497
5466 5.755102
5468 5.757252
5470 5.744680
5472 5.711564
5474 5.676489
5476 5.665441
5478 5.687591
5480 5.728462
5482 5.765878
5484 5.789117
5486 5.801362
5488 5.808872
5490 5.808845
5492 5.790613
5494 5.752082
5496 5.708897
5498 5.681931
5500 5.682094
5502 5.704761
5504 5.735537
5506 5.761062
5508 5.773552
5510 5.773388
5512 5.767130
5514 5.758340
5516 5.742585
5518 5.716299
5520 5.684951
5522 5.666121
5524 5.674801
5526 5.705523
5528 5.737143
5530 5.750123
5532 5.739428
5534 5.718095
5536 5.705741
5538 5.710775
5540 5.723129
5542 5.725660
5544 5.714666
5546 5.704407
5548 5.712135
5550 5.740735
5552 5.770722
5554 5.771647
5556 5.734993
5558 5.690502
5560 5.676788
5562 5.698040
5564 5.721251
5566 5.716789
5568 5.691564
5570 5.676053
5572 5.689496
5574 5.721523
5576 5.740816
5578 5.729578
5580 5.705958
5582 5.706149
5584 5.747020
5586 5.804709
5588 5.834206
5590 5.813416
5592 5.759293
5594 5.707782
5596 5.683346
5598 5.684543
5600 5.695781
5602 5.709632
5604 5.732517
5606 5.773252
5608 5.823022
5610 5.852900
5612 5.840655
5614 5.793334
5616 5.737877
5618 5.699020
5620 5.685359
5622 5.692380
5624 5.712598
5626 5.739864
5628 5.770531
5630 5.800382
5632 5.817308
5634 5.807593
5636 5.771130
5638 5.726966
5640 5.700054
5642 5.702666
5644 5.724816
5646 5.744245
5648 5.744925
5650 5.729251
5652 5.712652
5654 5.706203
5656 5.708544
5658 5.711727
5660 5.713578
5662 5.721578
5664 5.742694
5666 5.773796
5668 5.800137
5670 5.801253
5672 5.766205
5674 5.709414
5676 5.664978
5678 5.662339
5680 5.700435
5682 5.747320
5684 5.771538
5686 5.767592
5688 5.751102
5690 5.736680
5692 5.722231
5694 5.698938
5696 5.668135
5698 5.644216
5700 5.647481
5702 5.687781
5704 5.749007
5706 5.795511
5708 5.797171
5710 5.756082
5712 5.707265
5714 5.682584
5716 5.684353
5718 5.692026
5720 5.686992
5722 5.679264
5724 5.697305
5726 5.745061
5728 5.791212
5730 5.798858
5732 5.764381
5734 5.721224
5736 5.700298
5738 5.702884
5740 5.710312
5742 5.706992
5744 5.696951
5746 5.698122
5748 5.720054
5750 5.753415
5752 5.777334
5754 5.777497
5756 5.761878
5758 5.751565
5760 5.756653
5762 5.766585
5764 5.764055
5766 5.746776
5768 5.729524
5770 5.725523
5772 5.733932
5774 5.741524
5776 5.735374
5778 5.719727
5780 5.711428
5782 5.722231
5784 5.747973
5786 5.771103
5788 5.777280
5790 5.764463
5792 5.737877
5794 5.711564
5796 5.698747
5798 5.696543
5800 5.697278
5802 5.699972
5804 5.707510
5806 5.724027
5808 5.747401
5810 5.765606
5812 5.762803
5814 5.727673
5816 5.674339
5818 5.639427
5820 5.645195
5822 5.684325
5824 5.729279
5826 5.751129
5828 5.743619
5830 5.723374
5832 5.708217
5834 5.699700
5836 5.685414
5838 5.663509
5840 5.653060
5842 5.675046
5844 5.730313
5846 5.789987
5848 5.817607
5850 5.802559
5852 5.762068
5854 5.722639
5856 5.701305
5858 5.695972
5860 5.696652
5862 5.700571
5864 5.712761
5866 5.739292
5868 5.770395
5870 5.782531
5872 5.764762
5874 5.733306
5876 5.718448
5878 5.736544
5880 5.773388
5882 5.800300
5884 5.802069
5886 5.786831
5888 5.775075
5890 5.773279
5892 5.768273
5894 5.750830
5896 5.731564
5898 5.729333
5900 5.751483
5902 5.786232
5904 5.813661
5906 5.819131
5908 5.801960
5910 5.778041
5912 5.765198
5914 5.765334
5916 5.767483
5918 5.764136
5920 5.759891
5922 5.765361
5924 5.782885
5926 5.802722
5928 5.809171
5930 5.792817
5932 5.763211
5934 5.741469
5936 5.741850
5938 5.761198
5940 5.782613
5942 5.790014
5944 5.780218
5946 5.760218
5948 5.740408
5950 5.726394
5952 5.715727
5954 5.702693
5956 5.687808
5958 5.681196
5960 5.698503
5962 5.742721
5964 5.792219
5966 5.818260
5968 5.807593
5970 5.770096
5972 5.729034
5974 5.702258
5976 5.693033
5978 5.693468
5980 5.693985
5982 5.697196
5984 5.715319
5986 5.746313
5988 5.766803
5990 5.757225
5992 5.723428
5994 5.690013
5996 5.676733
5998 5.683509
6000 5.695673
6002 5.700516
6004 5.699972
6006 5.708217
6008 5.729714
6010 5.748245
6012 5.743864
6014 5.715673
6016 5.684625
6018 5.674801
6020 5.695237
6022 5.733932
6024 5.765007
6026 5.769960
6028 5.756163
6030 5.744735
6032 5.745578
6034 5.748463
6036 5.737143
6038 5.714557
6040 5.703700
6042 5.720435
6044 5.756082
6046 5.784028
6048 5.784763
6050 5.763647
6052 5.741524
6054 5.734530
6056 5.744816
6058 5.761388
6060 5.772001
6062 5.776354
6064 5.782504
6066 5.794096
6068 5.803239
6070 5.793851
6072 5.757715
6074 5.706584
6076 5.668842
6078 5.669631
6080 5.708380
6082 5.759211
6084 5.793824
6086 5.802722
6088 5.797797
6090 5.791620
6092 5.778395
6094 5.747918
6096 5.705360
6098 5.666148
6100 5.650801
6102 5.671073
6104 5.717387
6106 5.765606
6108 5.788463
6110 5.774450
6112 5.742775
6114 5.722340
6116 5.723129
6118 5.734204
6120 5.738313
6122 5.734394
6124 5.737088
6126 5.751184
6128 5.759810
6130 5.742558
6132 5.700380
6134 5.660760
6136 5.653985
6138 5.689115
6140 5.747320
6142 5.794504
6144 5.809280
6146 5.798613
6148 5.783892
6150 5.776708
6152 5.767810
6154 5.746041
6156 5.720653
6158 5.711210
6160 5.729224
6162 5.768245
6164 5.801933
6166 5.806232
6168 5.781905
6170 5.751674
6172 5.738721
6174 5.745742
6176 5.757034
6178 5.761306
6180 5.761769
6182 5.769769
6184 5.791538
6186 5.814614
6188 5.815376
6190 5.783293
6192 5.734041
6194 5.698884
6196 5.699890
6198 5.727728
6200 5.752163
6202 5.753007
6204 5.737823
6206 5.729143
6208 5.734422
6210 5.740898
6212 5.732517
6214 5.702693
6216 5.666992
6218 5.655971
6220 5.682257
6222 5.726177
6224 5.750449
6226 5.734476
6228 5.698720
6230 5.680353
6232 5.695156
6234 5.727809
6236 5.748055
6238 5.744599
6240 5.737959
6242 5.752218
6244 5.786559
6246 5.809171
6248 5.790994
6250 5.744408
6252 5.705033
6254 5.694802
6256 5.710176
6258 5.731401
6260 5.744163
6262 5.752191
6264 5.766395
6266 5.792110
6268 5.817988
6270 5.821226
6272 5.792327
6274 5.747238
6276 5.714911
6278 5.715074
6280 5.742095
6282 5.774259
6284 5.793035
6286 5.790341
6288 5.773688
6290 5.758422
6292 5.750395
6294 5.744272
6296 5.734367
6298 5.723864
6300 5.727918
6302 5.756300
6304 5.798613
6306 5.827131
6308 5.817797
6310 5.776082
6312 5.731428
6314 5.709169
6316 5.714802
6318 5.733197
6320 5.745252
6322 5.749497
6324 5.756000
6326 5.770912
6328 5.785307
6330 5.780708
6332 5.749742
6334 5.707782
6336 5.683210
6338 5.698094
6340 5.745796
6342 5.783348
6344 5.770858
6346 5.713795
6348 5.654094
6350 5.621685
6352 5.615045
6354 5.617902
6356 5.625358
6358 5.652733
6360 5.714231
6362 5.790504
6364 5.833226
6366 5.815430
6368 5.757715
6370 5.701441
6372 5.671509
6374 5.668516
6376 5.680108
6378 5.697822
6380 5.721170
6382 5.749987
6384 5.780055
6386 5.799838
6388 5.798477
6390 5.774123
6392 5.742068
6394 5.728462
6396 5.742857
6398 5.768926
6400 5.783212
6402 5.777661
6404 5.763102
6406 5.754204
6408 5.753170
6410 5.754721
6412 5.755701
6414 5.756490
6416 5.759347
6418 5.768028
6420 5.784082
6422 5.802477
6424 5.811539
6426 5.798858
6428 5.767565
6430 5.737796
6432 5.728734
6434 5.741878
6436 5.762477
6438 5.775919
6440 5.778695
6442 5.779593
6444 5.789389
6446 5.802831
6448 5.803430
6450 5.784872
6452 5.756408
6454 5.737877
6456 5.745333
6458 5.774286
6460 5.802368
6462 5.809253
6464 5.794695
6466 5.777661
6468 5.771511
6470 5.767864
6472 5.749850
6474 5.713795
6476 5.679237
6478 5.675591
6480 5.711537
6482 5.764708
6484 5.801144
6486 5.801171
6488 5.771756
6490 5.733905
6492 5.703999
6494 5.684815
6496 5.670611
6498 5.662883
6500 5.671563
6502 5.701795
6504 5.739347
6506 5.757578
6508 5.744952
6510 5.718503
6512 5.704707
6514 5.715646
6516 5.740843
6518 5.761334
6520 5.770205
6522 5.773742
6524 5.773824
6526 5.766667
6528 5.750558
6530 5.727755
6532 5.706720
6534 5.700298
6536 5.720108
6538 5.767429
6540 5.824328
6542 5.862370
6544 5.862016
6546 5.826314
6548 5.780681
6550 5.749007
6552 5.733061
6554 5.720081
6556 5.705251
6558 5.699945
6560 5.719564
6562 5.761932
6564 5.803566
6566 5.818015
6568 5.795620
6570 5.755619
6572 5.733197
6574 5.746531
6576 5.781797
6578 5.805906
6580 5.795239
6582 5.761252
6584 5.738041
6586 5.741850
6588 5.754150
6590 5.744327
6592 5.711564
6594 5.689985
6596 5.708353
6598 5.763102
6600 5.818178
6602 5.829934
6604 5.790994
6606 5.737823
6608 5.710149
6610 5.714503
6612 5.724898
6614 5.717170
6616 5.698448
6618 5.695754
6620 5.726476
6622 5.774613
6624 5.794804
6626 5.760436
6628 5.696298
6630 5.651699
6632 5.655645
6634 5.694394
6636 5.729496
6638 5.742775
6640 5.744735
6642 5.750367
6644 5.757932
6646 5.752517
6648 5.726748
6650 5.690720
6652 5.660978
6654 5.654447
6656 5.680924
6658 5.729224
6660 5.773606
6662 5.794314
6664 5.796926
6666 5.799865
6668 5.804627
6670 5.798940
6672 5.777797
6674 5.747755
6676 5.724707
6678 5.722231
6680 5.736925
6682 5.754531
6684 5.763674
6686 5.759973
6688 5.748082
6690 5.739782
6692 5.747646
6694 5.772273
6696 5.795076
6698 5.798450
6700 5.785579
6702 5.773497
6704 5.773579
6706 5.773905
6708 5.749633
6710 5.698339
6712 5.651182
6714 5.643862
6716 5.683563
6718 5.743211
6720 5.785824
6722 5.793552
6724 5.777987
6726 5.763238
6728 5.754449
6730 5.731211
6732 5.681659
6734 5.627807
6736 5.609793
6738 5.648406
6740 5.719346
6742 5.770232
6744 5.768028
6746 5.724653
6748 5.683808
6750 5.675944
6752 5.686747
6754 5.689251
6756 5.685958
6758 5.700598
6760 5.745415
6762 5.800817
6764 5.824981
6766 5.797906
6768 5.738313
6770 5.685876
6772 5.667509
6774 5.680162
6776 5.706149
6778 5.731156
6780 5.751129
6782 5.770994
6784 5.792028
6786 5.804028
6788 5.798586
6790 5.779756
6792 5.762585
6794 5.759456
6796 5.768028
6798 5.776300
6800 5.775021
6802 5.762776
6804 5.743891
6806 5.723374
6808 5.707809
6810 5.709333
6812 5.734585
6814 5.774341
6816 5.808437
6818 5.823131
6820 5.821961
6822 5.813280
6824 5.794259
6826 5.757361
6828 5.704571
6830 5.653604
6832 5.632134
6834 5.656787
6836 5.716761
6838 5.778586
6840 5.810559
6842 5.807130
6844 5.787266
6846 5.770586
6848 5.757987
6850 5.732136
6852 5.685169
6854 5.640406
6856 5.631263
6858 5.664570
6860 5.709115
6862 5.723455
6864 5.701387
6866 5.678829
6868 5.685713
6870 5.711319
6872 5.722040
6874 5.703564
6876 5.681849
6878 5.691183
6880 5.728109
6882 5.756898
6884 5.752163
6886 5.723918
6888 5.706258
6890 5.721251
6892 5.754966
6894 5.773905
6896 5.762041
6898 5.738258
6900 5.731456
6902 5.747102
6904 5.766613
6906 5.769715
6908 5.754585
6910 5.741497
6912 5.750612
6914 5.778286
6916 5.802586
6918 5.805824
6920 5.790477
6922 5.771375
6924 5.756245
6926 5.742014
6928 5.725387
6930 5.711482
6932 5.711265
6934 5.729224
6936 5.758721
6938 5.791402
6940 5.819185
6942 5.831757
6944 5.820655
6946 5.784028
6948 5.733115
6950 5.689468
6952 5.671291
6954 5.685931
6956 5.720925
6958 5.750231
6960 5.764599
6962 5.777416
6964 5.800681
6966 5.824165
6968 5.818314
6970 5.771973
6972 5.716516
6974 5.694639
6976 5.719863
6978 5.761143
6980 5.771973
6982 5.739864
6984 5.693795
6986 5.669903
6988 5.678148
6990 5.695645
6992 5.698693
6994 5.694938
6996 5.710993
6998 5.755728
7000 5.803348
7002 5.812355
7004 5.767075
7006 5.696843
7008 5.650366
7010 5.653767
7012 5.689931
7014 5.723156
7016 5.736490
7018 5.744517
7020 5.769905
7022 5.803920
7024 5.809960
7026 5.773933
7028 5.726068
7030 5.709959
7032 5.738612
7034 5.783266
7036 5.806477
7038 5.798151
7040 5.777143
7042 5.765905
7044 5.766123
7046 5.761987
7048 5.745170
7050 5.728081
7052 5.731238
7054 5.762558
7056 5.806994
7058 5.837390
7060 5.836083
7062 5.806532
7064 5.767429
7066 5.735510
7068 5.715156
7070 5.703999
7072 5.702829
7074 5.713823
7076 5.733252
7078 5.752735
7080 5.765524
7082 5.768191
7084 5.762368
7086 5.750014
7088 5.733279
7090 5.721442
7092 5.728027
7094 5.755592
7096 5.786287
7098 5.794477
7100 5.772409
7102 5.738041
7104 5.713959
7106 5.707156
7108 5.708135
7110 5.705360
7112 5.700162
7114 5.707129
7116 5.734530
7118 5.770205
7120 5.787103
7122 5.768218
7124 5.725850
7126 5.692434
7128 5.689332
7130 5.706693
7132 5.717251
7134 5.710612
7136 5.706666
7138 5.730775
7140 5.774776
7142 5.797824
7144 5.773007
7146 5.717659
7148 5.679346
7150 5.688706
7152 5.727319
7154 5.751973
7156 5.746531
7158 5.731809
7160 5.733496
7162 5.751565
7164 5.761660
7166 5.742204
7168 5.699292
7170 5.666339
7172 5.674883
7174 5.722503
7176 5.775348
7178 5.802668
7180 5.800817
7182 5.789797
7184 5.785633
7186 5.782232
7188 5.762123
7190 5.723074
7192 5.689877
7194 5.691019
7196 5.725333
7198 5.764844
7200 5.782042
7202 5.771075
7204 5.747184
7206 5.725605
7208 5.709605
7210 5.697550
7212 5.692053
7214 5.701360
7216 5.727292
7218 5.756463
7220 5.773334
7222 5.769552
7224 5.743456
7226 5.705169
7228 5.670257
7230 5.647944
7232 5.646801
7234 5.671781
7236 5.716816
7238 5.762204
7240 5.782150
7242 5.769960
7244 5.740789
7246 5.713088
7248 5.698611
7250 5.695564
7252 5.695509
7254 5.703809
7256 5.729551
7258 5.766096
7260 5.788736
7262 5.775701
7264 5.735782
7266 5.703401
7268 5.703292
7270 5.733578
7272 5.770177
7274 5.786776
7276 5.782586
7278 5.777007
7280 5.780055
7282 5.778531
7284 5.750966
7286 5.700353
7288 5.660597
7290 5.663509
7292 5.711455
7294 5.770939
7296 5.798831
7298 5.785198
7300 5.759456
7302 5.754640
7304 5.771347
7306 5.779402
7308 5.760218
7310 5.732190
7312 5.726911
7314 5.754939
7316 5.793280
7318 5.808437
7320 5.791212
7322 5.761361
7324 5.745361
7326 5.752953
7328 5.768381
7330 5.772137
7332 5.763592
7334 5.756817
7336 5.764681
7338 5.782531
7340 5.791729
7342 5.780763
7344 5.756599
7346 5.736898
7348 5.735837
7350 5.749497
7352 5.761143
7354 5.759946
7356 5.748517
7358 5.735292
7360 5.724517
7362 5.714013
7364 5.700571
7366 5.687183
7368 5.682693
7370 5.694203
7372 5.717659
7374 5.741687
7376 5.756980
7378 5.756681
7380 5.738150
7382 5.707809
7384 5.678148
7386 5.659590
7388 5.655372
7390 5.668434
7392 5.698611
7394 5.735619
7396 5.773606
7398 5.812654
7400 5.839485
7402 5.831267
7404 5.779973
7406 5.707591
7408 5.654121
7410 5.645495
7412 5.674638
7414 5.711510
7416 5.732653
7418 5.741143
7420 5.756055
7422 5.779810
7424 5.790722
7426 5.769769
7428 5.725578
7430 5.692217
7432 5.699754
7434 5.742476
7436 5.784872
7438 5.794477
7440 5.770858
7442 5.740680
7444 5.728680
7446 5.738204
7448 5.751456
7450 5.752191
7452 5.747782
7454 5.759755
7456 5.792844
7458 5.821607
7460 5.813634
7462 5.766858
7464 5.714231
7466 5.690666
7468 5.703836
7470 5.733605
7472 5.754939
7474 5.763375
7476 5.773035
7478 5.788872
7480 5.793960
7482 5.764898
7484 5.701224
7486 5.637141
7488 5.614310
7490 5.644161
7492 5.705441
7494 5.761905
7496 5.786205
7498 5.775402
7500 5.744163
7502 5.707292
7504 5.668869
7506 5.629794
7508 5.606365
7510 5.621304
7512 5.675019
7514 5.742612
7516 5.791429
7518 5.804056
7520 5.786423
7522 5.755429
7524 5.727020
7526 5.711727
7528 5.710258
7530 5.720326
7532 5.737088
7534 5.753197
7536 5.765443
7538 5.774858
7540 5.779810
7542 5.775892
7544 5.761252
7546 5.743129
7548 5.737088
7550 5.753197
7552 5.785062
7554 5.812328
7556 5.813933
7558 5.787293
7560 5.753633
7562 5.735809
7564 5.739673
7566 5.752272
7568 5.755619
7570 5.748517
7572 5.750640
7574 5.777579
7576 5.817797
7578 5.836818
7580 5.811430
7582 5.757198
7584 5.712489
7586 5.702938
7588 5.720898
7590 5.734558
7592 5.724598
7594 5.707809
7596 5.710584
7598 5.734721
7600 5.754776
7602 5.744027
7604 5.701496
7606 5.657386
7608 5.649740
7610 5.688652
7612 5.738612
7614 5.758504
7616 5.748381
7618 5.736871
7620 5.741224
7622 5.745932
7624 5.725143
7626 5.682230
7628 5.649740
7630 5.657332
7632 5.704135
7634 5.754776
7636 5.776980
7638 5.771973
7640 5.758885
7642 5.752055
7644 5.750014
7646 5.739837
7648 5.719401
7650 5.703047
7652 5.705578
7654 5.729932
7656 5.762368
7658 5.782858
7660 5.778695
7662 5.752299
7664 5.724217
7666 5.718312
7668 5.737687
7670 5.765497
7672 5.783048
7674 5.785062
7676 5.777198
7678 5.765633
7680 5.751565
7682 5.732952
7684 5.708544
7686 5.685686
7688 5.679128
7690 5.701006
7692 5.754885
7694 5.823185
7696 5.870751
7698 5.870968
7700 5.827267
7702 5.769443
7704 5.728190
7706 5.711047
7708 5.707673
7710 5.705115
7712 5.703972
7714 5.724027
7716 5.773878
7718 5.824274
7720 5.829988
7722 5.779892
7724 5.711891
7726 5.676434
7728 5.693087
7730 5.739782
7732 5.768708
7734 5.750558
7736 5.710911
7738 5.694747
7740 5.704870
7742 5.706231
7744 5.673849
7746 5.625794
7748 5.611236
7750 5.658012
7752 5.745170
7754 5.812409
7756 5.811457
7758 5.755946
7760 5.698584
7762 5.675509
7764 5.682448
7766 5.691074
7768 5.688979
7770 5.695210
7772 5.731292
7774 5.784654
7776 5.811811
7778 5.784055
7780 5.722966
7782 5.681278
7784 5.689360
7786 5.732272
7788 5.770912
7790 5.780871
7792 5.774803
7794 5.779048
7796 5.792926
7798 5.792790
7800 5.766123
7802 5.727428
7804 5.699890
7806 5.695700
7808 5.714503
7810 5.745633
7812 5.774259
7814 5.791674
7816 5.797933
7818 5.797498
7820 5.794668
7822 5.790368
7824 5.784273
7826 5.774069
7828 5.759293
7830 5.746585
7832 5.743320
7834 5.749524
7836 5.758857
7838 5.760980
7840 5.752517
7842 5.743537
7844 5.746449
7846 5.763837
7848 5.786096
7850 5.795321
7852 5.785307
7854 5.768572
7856 5.760354
7858 5.757279
7860 5.736762
7862 5.686339
7864 5.628270
7866 5.602909
7868 5.629739
7870 5.696026
7872 5.763728
7874 5.797851
7876 5.797498
7878 5.794722
7880 5.801933
7882 5.790776
7884 5.738667
7886 5.669740
7888 5.629113
7890 5.643155
7892 5.698312
7894 5.752599
7896 5.774477
7898 5.767102
7900 5.758912
7902 5.764735
7904 5.772001
7906 5.764463
7908 5.745524
7910 5.736571
7912 5.756245
7914 5.794804
7916 5.820927
7918 5.812627
7920 5.774558
7922 5.728435
7924 5.698530
7926 5.700707
7928 5.727646
7930 5.756626
7932 5.775048
7934 5.788599
7936 5.804573
7938 5.817144
7940 5.810069
7942 5.777851
7944 5.734939
7946 5.703700
7948 5.699264
7950 5.722231
7952 5.752953
7954 5.771592
7956 5.777524
7958 5.775320
7960 5.763102
7962 5.742912
7964 5.728245
7966 5.733551
7968 5.756300
7970 5.780327
7972 5.797226
7974 5.807593
7976 5.807539
7978 5.786042
7980 5.737986
7982 5.680951
7984 5.646202
7986 5.649495
7988 5.686339
7990 5.737224
7992 5.775919
7994 5.791021
7996 5.795647
7998 5.800817
8000 5.790858
8002 5.747374
8004 5.686584
8006 5.647291
8008 5.650774
8010 5.688162
8012 5.730204
8014 5.747184
8016 5.728843
8018 5.694938
8020 5.686611
8022 5.719972
8024 5.761606
8026 5.775130
8028 5.764898
8030 5.759293
8032 5.770014
8034 5.783756
8036 5.781008
8038 5.753007
8040 5.714612
8042 5.697577
8044 5.718666
8046 5.761796
8048 5.796137
8050 5.806341
8052 5.803974
8054 5.808600
8056 5.818777
8058 5.815920
8060 5.792055
8062 5.757959
8064 5.732000
8066 5.725632
8068 5.738911
8070 5.762858
8072 5.782205
8074 5.784790
8076 5.769470
8078 5.746449
8080 5.731102
8082 5.731918
8084 5.745905
8086 5.761170
8088 5.764953
8090 5.759837
8092 5.765824
8094 5.789797
8096 5.807811
8098 5.792953
8100 5.746503
8102 5.693849
8104 5.661114
8106 5.661903
8108 5.694421
8110 5.737388
8112 5.766422
8114 5.779212
8116 5.788273
8118 5.797307
8120 5.793198
8122 5.762177
8124 5.715727
8126 5.680842
8128 5.672869
8130 5.691672
8132 5.719210
8134 5.730585
8136 5.721115
8138 5.714693
8140 5.733605
8142 5.768082
8144 5.790314
8146 5.791892
8148 5.792083
8150 5.810124
8152 5.838532
8154 5.845689
8156 5.808028
8158 5.739184
8160 5.678801
8162 5.659699
8164 5.684244
8166 5.724571
8168 5.754204
8170 5.775293
8172 5.806151
8174 5.850124
8176 5.880982
8178 5.868819
8180 5.815239
8182 5.752953
8184 5.718666
8186 5.723700
8188 5.744680
8190 5.753823
8192 5.747211
8194 5.738531
8196 5.742204
8198 5.757633
8200 5.767320
8202 5.760191
8204 5.745034
8206 5.741224
8208 5.764517
8210 5.806232
8212 5.832682
8214 5.818042
8216 5.769824
8218 5.717877
8220 5.684706
8222 5.672625
8224 5.677604
8226 5.698584
8228 5.730313
8230 5.760789
8232 5.782531
8234 5.796436
8236 5.799049
8238 5.781497
8240 5.745225
8242 5.708816
8244 5.692788
8246 5.706666
8248 5.740000
8250 5.765987
8252 5.764953
8254 5.744544
8256 5.730149
8258 5.734068
8260 5.745769
8262 5.754449
8264 5.763266
8266 5.782259
8268 5.814151
8270 5.845879
8272 5.858506
8274 5.841852
8276 5.802178
8278 5.761497
8280 5.740952
8282 5.740680
8284 5.742476
8286 5.733850
8288 5.726585
8290 5.744354
8292 5.791266
8294 5.840764
8296 5.856546
8298 5.825879
8300 5.775919
8302 5.750449
8304 5.766205
8306 5.795457
8308 5.794123
8310 5.754313
8312 5.714938
8314 5.709795
8316 5.731374
8318 5.749306
8320 5.743864
8322 5.724081
8324 5.718857
8326 5.751538
8328 5.812546
8330 5.855104
8332 5.842288
8334 5.789634
8336 5.740871
8338 5.718421
8340 5.707809
8342 5.686475
8344 5.658202
8346 5.648216
8348 5.674910
8350 5.734939
8352 5.800192
8354 5.835158
8356 5.828138
8358 5.797498
8360 5.771538
8362 5.759783
8364 5.752299
8366 5.742286
8368 5.732843
8370 5.727646
8372 5.724054
8374 5.717687
8376 5.714312
8378 5.719319
8380 5.728136
8382 5.736952
8384 5.746122
8386 5.761388
8388 5.788382
8390 5.821416
8392 5.843294
8394 5.836709
8396 5.802069
8398 5.763919
8400 5.744980
8402 5.744272
8404 5.748245
8406 5.750912
8408 5.760980
8410 5.789307
8412 5.827321
8414 5.849607
8416 5.837934
8418 5.799566
8420 5.764000
8422 5.754177
8424 5.764245
8426 5.772273
8428 5.764354
8430 5.749143
8432 5.747510
8434 5.764164
8436 5.782232
8438 5.779048
8440 5.750204
8442 5.721605
8444 5.724571
8446 5.762368
8448 5.807702
8450 5.823675
8452 5.800164
8454 5.763946
8456 5.741442
8458 5.732000
8460 5.717360
8462 5.689196
8464 5.665822
8466 5.671971
8468 5.708680
8470 5.753905
8472 5.776300
8474 5.768055
8476 5.753470
8478 5.752109
8480 5.763592
8482 5.771538
8484 5.764136
8486 5.752708
8488 5.749660
8490 5.750993
8492 5.746286
8494 5.725333
8496 5.693550
8498 5.671754
8500 5.673604
8502 5.699128
8504 5.738340
8506 5.776953
8508 5.806777
8510 5.820791
8512 5.812682
8514 5.786749
8516 5.753143
8518 5.725796
8520 5.713986
8522 5.713496
8524 5.720544
8526 5.737469
8528 5.766694
8530 5.804981
8532 5.835648
8534 5.841009
8536 5.820219
8538 5.791266
8540 5.775919
8542 5.776871
8544 5.778150
8546 5.769089
8548 5.755619
8550 5.754340
8552 5.774314
8554 5.798777
8556 5.799783
8558 5.769171
8560 5.729986
8562 5.718231
8564 5.746531
8566 5.787402
8568 5.804872
8570 5.792491
8572 5.776218
8574 5.778776
8576 5.789416
8578 5.779348
8580 5.739973
8582 5.694312
8584 5.676978
8586 5.698503
8588 5.737605
8590 5.761932
8592 5.754395
8594 5.729904
8596 5.712516
8598 5.710666
8600 5.719700
8602 5.732190
8604 5.742340
8606 5.752436
8608 5.766259
8610 5.779456
8612 5.774041
8614 5.737769
8616 5.687264
8618 5.652760
8620 5.648216
8622 5.672080
8624 5.716272
8626 5.766422
8628 5.810341
8630 5.836301
8632 5.836492
8634 5.806423
8636 5.749333
8638 5.684570
8640 5.637984
8642 5.625549
8644 5.650257
8646 5.700543
8648 5.756708
8650 5.797389
8652 5.808437
8654 5.800790
8656 5.794831
8658 5.795538
8660 5.793062
8662 5.777361
8664 5.753606
8666 5.742449
8668 5.755837
8670 5.782749
8672 5.799511
8674 5.788518
8676 5.757089
8678 5.735510
8680 5.748163
8682 5.788382
8684 5.822097
8686 5.822124
8688 5.797688
8690 5.780463
8692 5.788327
8694 5.807321
8696 5.808355
8698 5.780164
8700 5.744245
8702 5.735428
8704 5.767647
8706 5.816029
8708 5.838668
8710 5.814532
8712 5.762885
8714 5.721986
8716 5.709795
8718 5.708734
8720 5.691863
8722 5.660216
8724 5.648515
8726 5.685713
8728 5.755919
8730 5.810668
8732 5.813416
8734 5.770830
8736 5.720381
8738 5.689115
8740 5.673305
8742 5.665822
8744 5.670257
8746 5.697877
8748 5.746531
8750 5.790994
8752 5.810341
8754 5.800899
8756 5.770368
8758 5.733986
8760 5.703836
8762 5.686829
8764 5.687128
8766 5.702693
8768 5.728081
8770 5.754095
8772 5.770858
8774 5.773960
8776 5.763102
8778 5.742912
8780 5.725551
8782 5.722013
8784 5.734857
8786 5.757170
8788 5.778259
8790 5.788872
8792 5.782667
8794 5.761361
8796 5.739483
8798 5.733333
8800 5.746612
8802 5.768572
8804 5.783103
8806 5.787157
8808 5.790994
8810 5.801253
8812 5.808790
8814 5.796572
8816 5.763320
8818 5.731075
8820 5.725061
8822 5.751810
8824 5.792137
8826 5.818069
8828 5.819484
8830 5.809933
8832 5.807076
8834 5.811430
8836 5.807212
8838 5.785008
8840 5.756490
8842 5.745279
8844 5.764599
8846 5.801171
8848 5.823321
8850 5.813498
8852 5.786287
8854 5.768517
8856 5.770041
8858 5.775320
8860 5.765334
8862 5.742639
8864 5.729877
8866 5.745034
8868 5.781116
8870 5.808164
8872 5.800464
8874 5.763837
8876 5.728435
8878 5.716571
8880 5.725387
8882 5.737415
8884 5.740490
8886 5.740843
8888 5.750095
8890 5.766395
8892 5.773552
8894 5.756327
8896 5.720462
8898 5.691863
8900 5.689904
8902 5.706720
8904 5.719972
8906 5.721006
8908 5.724625
8910 5.740762
8912 5.754640
8914 5.748735
8916 5.726748
8918 5.707455
8920 5.705686
8922 5.721061
8924 5.744844
8926 5.769225
8928 5.787511
8930 5.793062
8932 5.774831
8934 5.729088
8936 5.676924
8938 5.646910
8940 5.653032
8942 5.690775
8944 5.737415
8946 5.770313
8948 5.787076
8950 5.795375
8952 5.799348
8954 5.796246
8956 5.778939
8958 5.749197
8960 5.722503
8962 5.718857
8964 5.745116
8966 5.781388
8968 5.797661
8970 5.787892
8972 5.773143
8974 5.772599
8976 5.781769
8978 5.783919
8980 5.774069
8982 5.764028
8984 5.770395
8986 5.795620
8988 5.816464
8990 5.805498
8992 5.763701
8994 5.722367
8996 5.712435
8998 5.732626
9000 5.755538
9002 5.761225
9004 5.754939
9006 5.762613
9008 5.797144
9010 5.832219
9012 5.825906
9014 5.767048
9016 5.691346
9018 5.652461
9020 5.670393
9022 5.715918
9024 5.747646
9026 5.752517
9028 5.750966
9030 5.760953
9032 5.771402
9034 5.763075
9036 5.733469
9038 5.696543
9040 5.677087
9042 5.691890
9044 5.734694
9046 5.780082
9048 5.801906
9050 5.796708
9052 5.775810
9054 5.745687
9056 5.713142
9058 5.692815
9060 5.694611
9062 5.717251
9064 5.747782
9066 5.773334
9068 5.789280
9070 5.797851
9072 5.802124
9074 5.797144
9076 5.772953
9078 5.735646
9080 5.711782
9082 5.721360
9084 5.757524
9086 5.787892
9088 5.785252
9090 5.757633
9092 5.734149
9094 5.731728
9096 5.741088
9098 5.745361
9100 5.744544
9102 5.754095
9104 5.785008
9106 5.827893
9108 5.851131
9110 5.827893
9112 5.766504
9114 5.702911
9116 5.669005
9118 5.666039
9120 5.674747
9122 5.685142
9124 5.706693
9126 5.751048
9128 5.809988
9130 5.845961
9132 5.825770
9134 5.764898
9136 5.711564
9138 5.697659
9140 5.710748
9142 5.713714
9144 5.694258
9146 5.678611
9148 5.693958
9150 5.733905
9152 5.760898
9154 5.745932
9156 5.703863
9158 5.678693
9160 5.704435
9162 5.769279
9164 5.820791
9166 5.816546
9168 5.770368
9170 5.734313
9172 5.735673
9174 5.751510
9176 5.748408
9178 5.722775
9180 5.700380
9182 5.709387
9184 5.751021
9186 5.797334
9188 5.819240
9190 5.811920
9192 5.790668
9194 5.769034
9196 5.749714
9198 5.735646
9200 5.733741
9202 5.745442
9204 5.762667
9206 5.774286
9208 5.776218
9210 5.771674
9212 5.764871
9214 5.757742
9216 5.748245
9218 5.736626
9220 5.731510
9222 5.742476
9224 5.771919
9226 5.808518
9228 5.827539
9230 5.813307
9232 5.776109
9234 5.740136
9236 5.720870
9238 5.713550
9240 5.706775
9242 5.703782
9244 5.717278
9246 5.752163
9248 5.793062
9250 5.808981
9252 5.786504
9254 5.749225
9256 5.728190
9258 5.730748
9260 5.740571
9262 5.744027
9264 5.745796
9266 5.753714
9268 5.766259
9270 5.770531
9272 5.750095
9274 5.707863
9276 5.674529
9278 5.681305
9280 5.728870
9282 5.782967
9284 5.807865
9286 5.802505
9288 5.791810
9290 5.791729
9292 5.787783
9294 5.753769
9296 5.694883
9298 5.650692
9300 5.657658
9302 5.717850
9304 5.789851
9306 5.821035
9308 5.797307
9310 5.749442
9312 5.719020
9314 5.717687
9316 5.726748
9318 5.730149
9320 5.726476
9322 5.727102
9324 5.749034
9326 5.788082
9328 5.810532
9330 5.786640
9332 5.726367
9334 5.674339
9336 5.662121
9338 5.683563
9340 5.714285
9342 5.737197
9344 5.753415
9346 5.770368
9348 5.786259
9350 5.793579
9352 5.787212
9354 5.767919
9356 5.745361
9358 5.729768
9360 5.729088
9362 5.745796
9364 5.769225
9366 5.784300
9368 5.781933
9370 5.762286
9372 5.739428
9374 5.730939
9376 5.739728
9378 5.757361
9380 5.774885
9382 5.789117
9384 5.800790
9386 5.806668
9388 5.802450
9390 5.785062
9392 5.753660
9394 5.718231
9396 5.698094
9398 5.705496
9400 5.735129
9402 5.767211
9404 5.785797
9406 5.793443
9408 5.798532
9410 5.798994
9412 5.780572
9414 5.734367
9416 5.677332
9418 5.643263
9420 5.652406
9422 5.696734
9424 5.740136
9426 5.750612
9428 5.732707
9430 5.712925
9432 5.709931
9434 5.712734
9436 5.698149
9438 5.668760
9440 5.654230
9442 5.679699
9444 5.744082
9446 5.806314
9448 5.817308
9450 5.771674
9452 5.712652
9454 5.686339
9456 5.695237
9458 5.710421
9460 5.715455
9462 5.717251
9464 5.731292
9466 5.763347
9468 5.793470
9470 5.797797
9472 5.771456
9474 5.733061
9476 5.715863
9478 5.734286
9480 5.769633
9482 5.792464
9484 5.787457
9486 5.768354
9488 5.758585
9490 5.762123
9492 5.761796
9494 5.742939
9496 5.714149
9498 5.704870
9500 5.733333
9502 5.787157
9504 5.832872
9506 5.843893
9508 5.823702
9510 5.793280
9512 5.766667
9514 5.745878
9516 5.726394
9518 5.707183
9520 5.697387
9522 5.705578
9524 5.736109
9526 5.778586
9528 5.808437
9530 5.810423
9532 5.789579
9534 5.763973
9536 5.753905
9538 5.760191
9540 5.771919
9542 5.779348
9544 5.774586
9546 5.757116
9548 5.735347
9550 5.719319
9552 5.714775
9554 5.717306
9556 5.719537
9558 5.725986
9560 5.744299
9562 5.779239
9564 5.818205
9566 5.833580
9568 5.808709
9570 5.755021
9572 5.701741
9574 5.675373
9576 5.673985
9578 5.682802
9580 5.697496
9582 5.718585
9584 5.750367
9586 5.785443
9588 5.803675
9590 5.790450
9592 5.753932
9594 5.718911
9596 5.708353
9598 5.720870
9600 5.737116
9602 5.740190
9604 5.731020
9606 5.726830
9608 5.734340
9610 5.739755
9612 5.731183
9614 5.712952
9616 5.702775
9618 5.717469
9620 5.752354
9622 5.786395
9624 5.797416
9626 5.781797
9628 5.761062
9630 5.751674
9632 5.749687
9634 5.743592
9636 5.726748
9638 5.713850
9640 5.725605
9642 5.761551
9644 5.795919
9646 5.795620
9648 5.757225
9650 5.718666
9652 5.715183
9654 5.744327
9656 5.778477
9658 5.790940
9660 5.782858
9662 5.777797
9664 5.789280
9666 5.806668
9668 5.804300
9670 5.768790
9672 5.717278
9674 5.678829
9676 5.674067
9678 5.706312
9680 5.754885
9682 5.794804
9684 5.812382
9686 5.809716
9688 5.800573
9690 5.788627
9692 5.768762
9694 5.740463
9696 5.706965
9698 5.677958
9700 5.665441
9702 5.676570
9704 5.712489
9706 5.758422
9708 5.784355
9710 5.774558
9712 5.742694
9714 5.717823
9716 5.719428
9718 5.737252
9720 5.748898
9722 5.742449
9724 5.723782
9726 5.710584
9728 5.707428
9730 5.699509
9732 5.680135
9734 5.660162
9736 5.661794
9738 5.696135
9740 5.749034
9742 5.791783
9744 5.801715
9746 5.783810
9748 5.761660
9750 5.748463
9752 5.738667
9754 5.725551
9756 5.712897
9758 5.716244
9760 5.744435
9762 5.782014
9764 5.800953
9766 5.786395
9768 5.752898
9770 5.728353
9772 5.723619
9774 5.728734
9776 5.733034
9778 5.735564
9780 5.750803
9782 5.787348
9784 5.828056
9786 5.839730
9788 5.802042
9790 5.732598
9792 5.675128
9794 5.660597
9796 5.687400
9798 5.726721
9800 5.749415
9802 5.755973
9804 5.768300
9806 5.797579
9808 5.827076
9810 5.824546
9812 5.781443
9814 5.727428
9816 5.699346
9818 5.709632
9820 5.735809
9822 5.747810
9824 5.741769
9826 5.729143
9828 5.718122
9830 5.718829
9832 5.737007
9834 5.766939
9836 5.790940
9838 5.792028
9840 5.779946
9842 5.772327
9844 5.771973
9846 5.772354
9848 5.759075
9850 5.722122
9852 5.676489
9854 5.653304
9856 5.676543
9858 5.735265
9860 5.787783
9862 5.805307
9864 5.791402
9866 5.770368
9868 5.761687
9870 5.758368
9872 5.738993
9874 5.702367
9876 5.675972
9878 5.692407
9880 5.748517
9882 5.802559
9884 5.816682
9886 5.788681
9888 5.749143
9890 5.726149
9892 5.718285
9894 5.710612
9896 5.697360
9898 5.688162
9900 5.703727
9902 5.747211
9904 5.794341
9906 5.812654
9908 5.791865
9910 5.754857
9912 5.732299
9914 5.731183
9916 5.735564
9918 5.729714
9920 5.717605
9922 5.719455
9924 5.744871
9926 5.778586
9928 5.794885
9930 5.784001
9932 5.763701
9934 5.760735
9936 5.778640
9938 5.797117
9940 5.794096
9942 5.768000
9944 5.737796
9946 5.719292
9948 5.713768
9950 5.713224
9952 5.708761
9954 5.704326
9956 5.715646
9958 5.749850
9960 5.795321
9962 5.823321
9964 5.815484
9966 5.781416
9968 5.741388
9970 5.707482
9972 5.686203
9974 5.679944
9976 5.688081
9978 5.708380
9980 5.734694
9982 5.760817
9984 5.778178
9986 5.780490
9988 5.767429
9990 5.737197
9992 5.697305
9994 5.670366
9996 5.673985
9998 5.709278
10000 5.752381
10002 5.773225
10004 5.770449
10006 5.763728
10008 5.766722
10010 5.770912
10012 5.756490
10014 5.723836
10016 5.696679
10018 5.699673
10020 5.737088
10022 5.783348
10024 5.803294
10026 5.787212
10028 5.759511
10030 5.750776
10032 5.765198
10034 5.779456
10036 5.774586
10038 5.756408
10040 5.746068
10042 5.757823
10044 5.782205
10046 5.793498
10048 5.777688
10050 5.748599
10052 5.733632
10054 5.744789
10056 5.770014
10058 5.790504
10060 5.796110
10062 5.789443
10064 5.781062
10066 5.774776
10068 5.761796
10070 5.734122
10072 5.699673
10074 5.680597
10076 5.690693
10078 5.719619
10080 5.744027
10082 5.747619
10084 5.733333
10086 5.718639
10088 5.716217
10090 5.719129
10092 5.717578
10094 5.712081
10096 5.717850
10098 5.741823
10100 5.768626
10102 5.777579
10104 5.761170
10106 5.729496
10108 5.698094
10110 5.678339
10112 5.677931
10114 5.697278
10116 5.726503
10118 5.759238
10120 5.789144
10122 5.809770
10124 5.813008
10126 5.793144
10128 5.759456
10130 5.729034
10132 5.710802
10134 5.708652
10136 5.724326
10138 5.751429
10140 5.779837
10142 5.796328
10144 5.793361
10146 5.779674
10148 5.771048
10150 5.776354
10152 5.788790
10154 5.789525
10156 5.773606
10158 5.760626
10160 5.771184
10162 5.798668
10164 5.809552
10166 5.781633
10168 5.733306
10170 5.707591
10172 5.728653
10174 5.778041
10176 5.814097
10178 5.811838
10180 5.783674
10182 5.766259
10184 5.782749
10186 5.811675
10188 5.807375
10190 5.754912
10192 5.691536
10194 5.666448
10196 5.690448
10198 5.732626
10200 5.755755
10202 5.743565
10204 5.707646
10206 5.678366
10208 5.675318
10210 5.688434
10212 5.701251
10214 5.714067
10216 5.731619
10218 5.751347
10220 5.767592
10222 5.773334
10224 5.759891
10226 5.727700
10228 5.688217
10230 5.656543
10232 5.648624
10234 5.669713
10236 5.708952
10238 5.752735
10240 5.789307
10242 5.811049
10244 5.812899
10246 5.796137
10248 5.769443
10250 5.739020
10252 5.707020
10254 5.684897
10256 5.687155
10258 5.713088
10260 5.746884
10262 5.767810
10264 5.771375
10266 5.768463
10268 5.769062
10270 5.773688
10272 5.774041
10274 5.763619
10276 5.754830
10278 5.764871
10280 5.791103
10282 5.807620
10284 5.791566
10286 5.751592
10288 5.715809
10290 5.703945
10292 5.715482
10294 5.733714
10296 5.743293
10298 5.747456
10300 5.762504
10302 5.796790
10304 5.830968
10306 5.831811
10308 5.789579
10310 5.734721
10312 5.709632
10314 5.730313
10316 5.768844
10318 5.783157
10320 5.759320
10322 5.719238
10324 5.697849
10326 5.704952
10328 5.715700
10330 5.702965
10332 5.672434
10334 5.664379
10336 5.715700
10338 5.805824
10340 5.870696
10342 5.860682
10344 5.784110
10346 5.693033
10348 5.628324
10350 5.597793
10352 5.592133
10354 5.604161
10356 5.639508
10358 5.703210
10360 5.779348
10362 5.836873
10364 5.852301
10366 5.827947
10368 5.785987
10370 5.746150
10372 5.719591
10374 5.706503
10376 5.701278
10378 5.704054
10380 5.715292
10382 5.729224
10384 5.742258
10386 5.753034
10388 5.760245
10390 5.765932
10392 5.771756
10394 5.783756
10396 5.802967
10398 5.818831
10400 5.817525
10402 5.795021
10404 5.760327
10406 5.729333
10408 5.713714
10410 5.718231
10412 5.737279
10414 5.753524
10416 5.760000
10418 5.770286
10420 5.795457
10422 5.822369
10424 5.823920
10426 5.790858
10428 5.749252
10430 5.732598
10432 5.749524
10434 5.778695
10436 5.789089
10438 5.774450
10440 5.758204
10442 5.762749
10444 5.781089
10446 5.783865
10448 5.756490
10450 5.718966
10452 5.704054
10454 5.726285
10456 5.768926
10458 5.799375
10460 5.799212
10462 5.775075
10464 5.753197
10466 5.754749
10468 5.763783
10470 5.743374
10472 5.687264
10474 5.634284
10476 5.630964
10478 5.681931
10480 5.742231
10482 5.770014
10484 5.761034
10486 5.740000
10488 5.736299
10490 5.755619
10492 5.773987
10494 5.767429
10496 5.744980
10498 5.736707
10500 5.751755
10502 5.766912
10504 5.760653
10506 5.737034
10508 5.717523
10510 5.717006
10512 5.735891
10514 5.769034
10516 5.804083
10518 5.827158
10520 5.833934
10522 5.825362
10524 5.803539
10526 5.774395
10528 5.746612
10530 5.729007
10532 5.723238
10534 5.725959
10536 5.742830
10538 5.783212
10540 5.834315
10542 5.861281
10544 5.840111
10546 5.784110
10548 5.732136
10550 5.711673
10552 5.723619
10554 5.747701
10556 5.759211
10558 5.753742
10560 5.751293
10562 5.769225
10564 5.796926
10566 5.802341
10568 5.768926
10570 5.718829
10572 5.693033
10574 5.717034
10576 5.775511
10578 5.820655
10580 5.816355
10582 5.771429
10584 5.726938
10586 5.712707
10588 5.716734
10590 5.709115
10592 5.691890
10594 5.694747
10596 5.735918
10598 5.791810
10600 5.812083
10602 5.778558
10604 5.720898
10606 5.677631
10608 5.667672
10610 5.680216
10612 5.694421
10614 5.707428
10616 5.727129
10618 5.754068
10620 5.772245
10622 5.764572
10624 5.734449
10626 5.700843
10628 5.686257
10630 5.702611
10632 5.736435
10634 5.764055
10636 5.775320
10638 5.776681
10640 5.778041
10642 5.777933
10644 5.766613
10646 5.744980
10648 5.727401
10650 5.727945
10652 5.749061
10654 5.778695
10656 5.802940
10658 5.816219
10660 5.818804
10662 5.812029
10664 5.796953
10666 5.778531
10668 5.764762
10670 5.758667
10672 5.757932
10674 5.757633
10676 5.754857
10678 5.756245
10680 5.769606
10682 5.789552
10684 5.799457
10686 5.788355
10688 5.765660
10690 5.755075
10692 5.770313
10694 5.797906
10696 5.808219
10698 5.782586
10700 5.738694
10702 5.714013
10704 5.722775
10706 5.742694
10708 5.741143
10710 5.714911
10712 5.697986
10714 5.722149
10716 5.780028
10718 5.831784
10720 5.834478
10722 5.783865
10724 5.716843
10726 5.672216
10728 5.658148
10730 5.654148
10732 5.648270
10734 5.655236
10736 5.693604
10738 5.758939
10740 5.816001
10742 5.825634
10744 5.789225
10746 5.746803
10748 5.733143
10750 5.747075
10752 5.758966
10754 5.752680
10756 5.745170
10758 5.758177
10760 5.786395
10762 5.801117
10764 5.782531
10766 5.745197
10768 5.720517
10770 5.726694
10772 5.757497
10774 5.788790
10776 5.801062
10778 5.796110
10780 5.789606
10782 5.791538
10784 5.794396
10786 5.782559
10788 5.755048
10790 5.729714
10792 5.727129
10794 5.750095
10796 5.780409
10798 5.793797
10800 5.779456
10802 5.748082
10804 5.722530
10806 5.718448
10808 5.732109
10810 5.752218
10812 5.773443
10814 5.794559
10816 5.805280
10818 5.798260
10820 5.783647
10822 5.769143
10824 5.742721
10826 5.698421
10828 5.656461
10830 5.650012
10832 5.697142
10834 5.781661
10836 5.859376
10838 5.884275
10840 5.847104
10842 5.788736
10844 5.755946
10846 5.753034
10848 5.750204
10850 5.723918
10852 5.686366
10854 5.674747
10856 5.707401
10858 5.760681
10860 5.793416
10862 5.787783
10864 5.766858
10866 5.765878
10868 5.793634
10870 5.826396
10872 5.832546
10874 5.809280
10876 5.782069
10878 5.768980
10880 5.764436
10882 5.751864
10884 5.726993
10886 5.708489
10888 5.715782
10890 5.752109
10892 5.802505
10894 5.837662
10896 5.838968
10898 5.818097
10900 5.800055
10902 5.794695
10904 5.787511
10906 5.760082
10908 5.720761
10910 5.697387
10912 5.706421
10914 5.740082
10916 5.771728
10918 5.781878
10920 5.775810
10922 5.767266
10924 5.762667
10926 5.760980
10928 5.758912
10930 5.760272
10932 5.767592
10934 5.775946
10936 5.778776
10938 5.770640
10940 5.754830
10942 5.737823
10944 5.717687
10946 5.696434
10948 5.684380
10950 5.689768
10952 5.714911
10954 5.751456
10956 5.783429
10958 5.802205
10960 5.808001
10962 5.806722
10964 5.801987
10966 5.786776
10968 5.757823
10970 5.723700
10972 5.700598
10974 5.705414
10976 5.733660
10978 5.758150
10980 5.757851
10982 5.739946
10984 5.733306
10986 5.753796
10988 5.786804
10990 5.808818
10992 5.810614
10994 5.805552
10996 5.810831
10998 5.819865
11000 5.810450
11002 5.772735
11004 5.722966
11006 5.692707
11008 5.701115
11010 5.740109
11012 5.784926
11014 5.813743
11016 5.826423
11018 5.838750
11020 5.852982
11022 5.850097
11024 5.814097
11026 5.756027
11028 5.712135
11030 5.710584
11032 5.744218
11034 5.779021
11036 5.783538
11038 5.759293
11040 5.735456
11042 5.731537
11044 5.744218
11046 5.759238
11048 5.765252
11050 5.767157
11052 5.778477
11054 5.805253
11056 5.834260
11058 5.835811
11060 5.795021
11062 5.729088
11064 5.666502
11066 5.633984
11068 5.643100
11070 5.678856
11072 5.720353
11074 5.754667
11076 5.777416
11078 5.790205
11080 5.790314
11082 5.777143
11084 5.757524
11086 5.736735
11088 5.722857
11090 5.722367
11092 5.733496
11094 5.746177
11096 5.743891
11098 5.720598
11100 5.690720
11102 5.673740
11104 5.680978
11106 5.708544
11108 5.741388
11110 5.771864
11112 5.799402
11114 5.819131
11116 5.821226
11118 5.798885
11120 5.758885
11122 5.719319
11124 5.694394
11126 5.691400
11128 5.706802
11130 5.727918
11132 5.747320
11134 5.767130
11136 5.793307
11138 5.825716
11140 5.847213
11142 5.839322
11144 5.806069
11146 5.772164
11148 5.760953
11150 5.769960
11152 5.776109
11154 5.762994
11156 5.738558
11158 5.728381
11160 5.747810
11162 5.781280
11164 5.797851
11166 5.783048
11168 5.755619
11170 5.751728
11172 5.783756
11174 5.825797
11176 5.838478
11178 5.804464
11180 5.749252
11182 5.716217
11184 5.717197
11186 5.729469
11188 5.726095
11190 5.705088
11192 5.695319
11194 5.715346
11196 5.754694
11198 5.789715
11200 5.797879
11202 5.779375
11204 5.750667
11206 5.724707
11208 5.714204
11210 5.722884
11212 5.740490
11214 5.755129
11216 5.754612
11218 5.735918
11220 5.710720
11222 5.692679
11224 5.691400
11226 5.706829
11228 5.728408
11230 5.753334
11232 5.782123
11234 5.810668
11236 5.831893
11238 5.827593
11240 5.787184
11242 5.726938
11244 5.675046
11246 5.656026
11248 5.671863
11250 5.700571
11252 5.726694
11254 5.747728
11256 5.768681
11258 5.789634
11260 5.795266
11262 5.777878
11264 5.753524
11266 5.744435
11268 5.760191
11270 5.786640
11272 5.798640
11274 5.788545
11276 5.765715
11278 5.744653
11280 5.732871
11282 5.723782
11284 5.712843
11286 5.711591
11288 5.734340
11290 5.781552
11292 5.829770
11294 5.848601
11296 5.830206
11298 5.792572
11300 5.762640
11302 5.751211
11304 5.744626
11306 5.728326
11308 5.705632
11310 5.695237
11312 5.714775
11314 5.751946
11316 5.771103
11318 5.753878
11320 5.717741
11322 5.699618
11324 5.721714
11326 5.763565
11328 5.788001
11330 5.777307
11332 5.742476
11334 5.712135
11336 5.696108
11338 5.680135
11340 5.658719
11342 5.643155
11344 5.651236
11346 5.689033
11348 5.740871
11350 5.788355
11352 5.817716
11354 5.820845
11356 5.800273
11358 5.761170
11360 5.713197
11362 5.673550
11364 5.656842
11366 5.670067
11368 5.699618
11370 5.722231
11372 5.735374
11374 5.750340
11376 5.769334
11378 5.779892
11380 5.767483
11382 5.741007
11384 5.726911
11386 5.737143
11388 5.762613
11390 5.781361
11392 5.779348
11394 5.767756
11396 5.766912
11398 5.780572
11400 5.790341
11402 5.773851
11404 5.736789
11406 5.711863
11408 5.723809
11410 5.766694
11412 5.807348
11414 5.816328
11416 5.798042
11418 5.778695
11420 5.774150
11422 5.775728
11424 5.761388
11426 5.728626
11428 5.702421
11430 5.706911
11432 5.740190
11434 5.769443
11436 5.761769
11438 5.720027
11440 5.675890
11442 5.660379
11444 5.677659
11446 5.703890
11448 5.723537
11450 5.739238
11452 5.756681
11454 5.777443
11456 5.781824
11458 5.744163
11460 5.670747
11462 5.599426
11464 5.572922
11466 5.603453
11468 5.665577
11470 5.726313
11472 5.765579
11474 5.786178
11476 5.798423
11478 5.794804
11480 5.763130
11482 5.712353
11484 5.669033
11486 5.660080
11488 5.689468
11490 5.734503
11492 5.769279
11494 5.784246
11496 5.784817
11498 5.776626
11500 5.758313
11502 5.734966
11504 5.718612
11506 5.717659
11508 5.733524
11510 5.758966
11512 5.782885
11514 5.797906
11516 5.799266
11518 5.784926
11520 5.756626
11522 5.725115
11524 5.711918
11526 5.731156
11528 5.773089
11530 5.810450
11532 5.815947
11534 5.789525
11536 5.761470
11538 5.756109
11540 5.767973
11542 5.770613
11544 5.746912
11546 5.717823
11548 5.719346
11550 5.757524
11552 5.798096
11554 5.790640
11556 5.721659
11558 5.639046
11560 5.600705
11562 5.625005
11564 5.683046
11566 5.727700
11568 5.742912
11570 5.749497
11572 5.769361
11574 5.796382
11576 5.790423
11578 5.729442
11580 5.646828
11582 5.597712
11584 5.611535
11586 5.668652
11588 5.721061
11590 5.743755
11592 5.746585
11594 5.752191
11596 5.766123
11598 5.763837
11600 5.730095
11602 5.686013
11604 5.663862
11606 5.676516
11608 5.707809
11610 5.729306
11612 5.733632
11614 5.734286
11616 5.745061
11618 5.760898
11620 5.759075
11622 5.732517
11624 5.704217
11626 5.699809
11628 5.721415
11630 5.746068
11632 5.749143
11634 5.732027
11636 5.713442
11638 5.709741
11640 5.722040
11642 5.735483
11644 5.738830
11646 5.736653
11648 5.739592
11650 5.753170
11652 5.769878
11654 5.776763
11656 5.769143
11658 5.748952
11660 5.724544
11662 5.705605
11664 5.698584
11666 5.710693
11668 5.741034
11670 5.774341
11672 5.791946
11674 5.775592
11676 5.730721
11678 5.688462
11680 5.667917
11682 5.664706
11684 5.662638
11686 5.653304
11688 5.660515
11690 5.708734
11692 5.782912
11694 5.836464
11696 5.824546
11698 5.750558
11700 5.668298
11702 5.630909
11704 5.654175
11706 5.705741
11708 5.740980
11710 5.754014
11712 5.769415
11714 5.799811
11716 5.822233
11718 5.804246
11720 5.749578
11722 5.696407
11724 5.677550
11726 5.701006
11728 5.742476
11730 5.768545
11732 5.766722
11734 5.747048
11736 5.728870
11738 5.721932
11740 5.720163
11742 5.719863
11744 5.726830
11746 5.748435
11748 5.785606
11750 5.817008
11752 5.815348
11754 5.775320
11756 5.718911
11758 5.676897
11760 5.662828
11762 5.669033
11764 5.688734
11766 5.719238
11768 5.761470
11770 5.809199
11772 5.836192
11774 5.819294
11776 5.765851
11778 5.706312
11780 5.670039
11782 5.666094
11784 5.685169
11786 5.715374
11788 5.741279
11790 5.755402
11792 5.756136
11794 5.741823
11796 5.717659
11798 5.695945
11800 5.684516
11802 5.689387
11804 5.709605
11806 5.740299
11808 5.773089
11810 5.783919
11812 5.758966
11814 5.708081
11816 5.649876
11818 5.610011
11820 5.607725
11822 5.640107
11824 5.689305
11826 5.730966
11828 5.756300
11830 5.774586
11832 5.787457
11834 5.791076
11836 5.778259
11838 5.743782
11840 5.706367
11842 5.690557
11844 5.705169
11846 5.737252
11848 5.762558
11850 5.768354
11852 5.759755
11854 5.749578
11856 5.749415
11858 5.755238
11860 5.753687
11862 5.745061
11864 5.741959
11866 5.757606
11868 5.788627
11870 5.811049
11872 5.804192
11874 5.772218
11876 5.737442
11878 5.720136
11880 5.719238
11882 5.721387
11884 5.722231
11886 5.728163
11888 5.752000
11890 5.794450
11892 5.832600
11894 5.838097
11896 5.800899
11898 5.743075
11900 5.704353
11902 5.700353
11904 5.714721
11906 5.724245
11908 5.718775
11910 5.712244
11912 5.723728
11914 5.748218
11916 5.758912
11918 5.733632
11920 5.687945
11922 5.668842
11924 5.700652
11926 5.759674
11928 5.803647
11930 5.808437
11932 5.781497
11934 5.737524
11936 5.685523
11938 5.641712
11940 5.614583
11942 5.602501
11944 5.611861
11946 5.652025
11948 5.722040
11950 5.797498
11952 5.839049
11954 5.829525
11956 5.784491
11958 5.735265
11960 5.706911
11962 5.704435
11964 5.720925
11966 5.745986
11968 5.768762
11970 5.783647
11972 5.787919
11974 5.777797
11976 5.758313
11978 5.743374
11980 5.742721
11982 5.756300
11984 5.777987
11986 5.804001
11988 5.826777
11990 5.830913
11992 5.809280
11994 5.771347
11996 5.733796
11998 5.709469
12000 5.701251
12002 5.707237
12004 5.725714
12006 5.754368
12008 5.792627
12010 5.830859
12012 5.845254
12014 5.821933
12016 5.777933
12018 5.748408
12020 5.754340
12022 5.778014
12024 5.784953
12026 5.762150
12028 5.726557
12030 5.708271
12032 5.717306
12034 5.732517
12036 5.730857
12038 5.711972
12040 5.699754
12042 5.726503
12044 5.791783
12046 5.854288
12048 5.871758
12050 5.835512
12052 5.770994
12054 5.710829
12056 5.673577
12058 5.659645
12060 5.653740
12062 5.649713
12064 5.666148
12066 5.718476
12068 5.788763
12070 5.835784
12072 5.838587
12074 5.816029
12076 5.795674
12078 5.787429
12080 5.783130
12082 5.770967
12084 5.753361
12086 5.743238
12088 5.744871
12090 5.750640
12092 5.751048
12094 5.747320
12096 5.751483
12098 5.767892
12100 5.787946
12102 5.802885
12104 5.811239
12106 5.819158
12108 5.827947
12110 5.824981
12112 5.800110
12114 5.757334
12116 5.711754
12118 5.681686
12120 5.675454
12122 5.688570
12124 5.712734
12126 5.739292
12128 5.767728
12130 5.796191
12132 5.811511
12134 5.803130
12136 5.776218
12138 5.745660
12140 5.728000
12142 5.728598
12144 5.739592
12146 5.752816
12148 5.763130
12150 5.772626
12152 5.776218
12154 5.756572
12156 5.711836
12158 5.669686
12160 5.665604
12162 5.712544
12164 5.781742
12166 5.830070
12168 5.839294
12170 5.824410
12172 5.812573
12174 5.808437
12176 5.790668
12178 5.743020
12180 5.682040
12182 5.647073
12184 5.666393
12186 5.727537
12188 5.786613
12190 5.806477
12192 5.792191
12194 5.778613
12196 5.785280
12198 5.801607
12200 5.807484
12202 5.796436
12204 5.781715
12206 5.779184
12208 5.785851
12210 5.783647
12212 5.761252
12214 5.729251
12216 5.710122
12218 5.716244
12220 5.745469
12222 5.786205
12224 5.824192
12226 5.850533
12228 5.863621
12230 5.864628
12232 5.850778
12234 5.818886
12236 5.776409
12238 5.741741
12240 5.728843
12242 5.737551
12244 5.756517
12246 5.773960
12248 5.786259
12250 5.796137
12252 5.804491
12254 5.807566
12256 5.802477
12258 5.793661
12260 5.790205
12262 5.793824
12264 5.798205
12266 5.795239
12268 5.783293
12270 5.765796
12272 5.741633
12274 5.714394
12276 5.699537
12278 5.710503
12280 5.744816
12282 5.784844
12284 5.812546
12286 5.823675
