0 4.814867
4 4.748444
8 4.846459
12 4.826813
16 4.683028
20 4.607053
24 4.691436
28 4.850976
32 4.907059
36 4.808037
40 4.717559
44 4.753315
48 4.837615
52 4.762566
56 4.607734
60 4.613584
64 4.789914
68 4.915522
72 4.829017
76 4.712742
80 4.722294
84 4.827003
88 4.897834
92 4.833316
96 4.721341
100 4.690592
104 4.749151
108 4.731818
112 4.638346
116 4.647435
120 4.823792
124 5.005945
128 4.952638
132 4.734892
136 4.626918
140 4.694919
144 4.794104
148 4.764879
152 4.705695
156 4.745206
160 4.886161
164 4.947930
168 4.814567
172 4.671136
176 4.662946
180 4.764607
184 4.762512
188 4.687980
192 4.678864
196 4.778267
200 4.904011
204 4.848527
208 4.686511
212 4.715926
216 4.866949
220 4.967931
224 4.820880
228 4.592876
232 4.558345
236 4.725287
240 4.845099
244 4.790513
248 4.758485
252 4.828690
256 4.896528
260 4.802812
264 4.634972
268 4.576740
272 4.706348
276 4.896800
280 4.871303
284 4.724334
288 4.684388
292 4.818241
296 4.911658
300 4.768063
304 4.633530
308 4.667327
312 4.756281
316 4.786485
320 4.704361
324 4.678102
328 4.781832
332 4.908283
336 4.875875
340 4.764526
344 4.717096
348 4.799193
352 4.837860
356 4.683164
360 4.577257
364 4.647136
368 4.836309
372 4.939958
376 4.827738
380 4.712470
384 4.697885
388 4.765015
392 4.716742
396 4.617176
400 4.656605
404 4.816391
408 4.941699
412 4.847575
416 4.703980
420 4.700089
424 4.834704
428 4.867575
432 4.711219
436 4.628169
440 4.685994
444 4.799302
448 4.779818
452 4.654837
456 4.660823
460 4.807982
464 4.966679
468 4.901453
472 4.711872
476 4.676415
480 4.761206
484 4.784417
488 4.664333
492 4.623162
496 4.741723
500 4.963332
504 4.980013
508 4.770648
512 4.580713
516 4.600414
520 4.767628
524 4.830677
528 4.750974
532 4.699436
536 4.801043
540 4.912719
544 4.826785
548 4.708062
552 4.699137
556 4.819928
560 4.894705
564 4.770104
568 4.596849
572 4.616768
576 4.804091
580 4.920964
584 4.814703
588 4.637911
592 4.739382
596 4.889780
600 4.894079
604 4.723872
608 4.600659
612 4.682783
616 4.831003
620 4.819520
624 4.740335
628 4.756716
632 4.860147
636 4.900882
640 4.736852
644 4.558971
648 4.580685
652 4.806077
656 4.914107
660 4.793778
664 4.684823
668 4.745314
672 4.878541
676 4.862459
680 4.747872
684 4.712661
688 4.774104
692 4.814214
696 4.739518
700 4.635326
704 4.651789
708 4.832119
712 4.916773
716 4.766485
720 4.704878
724 4.743491
728 4.833289
732 4.785859
736 4.645639
740 4.627435
744 4.784853
748 4.957318
752 4.932719
756 4.796145
760 4.746865
764 4.817397
768 4.840037
772 4.706103
776 4.611897
780 4.699899
784 4.847983
788 4.821588
792 4.673721
796 4.639272
800 4.785424
804 4.953454
808 4.886052
812 4.708688
816 4.664578
820 4.772390
824 4.847085
828 4.744389
832 4.665803
836 4.778458
840 4.948692
844 4.930270
848 4.707572
852 4.589720
856 4.698103
860 4.821044
864 4.766512
868 4.653422
872 4.663109
876 4.819438
880 4.978924
884 4.888474
888 4.683272
892 4.646891
896 4.779955
900 4.842405
904 4.723192
908 4.634482
912 4.729586
916 4.870596
920 4.840010
924 4.677939
928 4.632714
932 4.771682
936 4.917563
940 4.856990
944 4.651707
948 4.564576
952 4.702212
956 4.873018
960 4.868500
964 4.777342
968 4.760009
972 4.872065
976 4.871330
980 4.716498
984 4.588631
988 4.610618
992 4.775029
996 4.863847
1000 4.778676
1004 4.712361
1008 4.806894
1012 4.927522
1016 4.854432
1020 4.661966
1024 4.580005
1028 4.701069
1032 4.827928
1036 4.788363
1040 4.680252
1044 4.656306
1048 4.745423
1052 4.817479
1056 4.789832
1060 4.722158
1064 4.735736
1068 4.840201
1072 4.821506
1076 4.665476
1080 4.600904
1084 4.748934
1088 4.949373
1092 4.910678
1096 4.742049
1100 4.705422
1104 4.760417
1108 4.787138
1112 4.685449
1116 4.581747
1120 4.644986
1124 4.821153
1128 4.892446
1132 4.808282
1136 4.699001
1140 4.754294
1144 4.854106
1148 4.776009
1152 4.649748
1156 4.654755
1160 4.798377
1164 4.901834
1168 4.797778
1172 4.636904
1176 4.640551
1180 4.805125
1184 4.882623
1188 4.767328
1192 4.645830
1196 4.684960
1200 4.774376
1204 4.763818
1208 4.651843
1212 4.674021
1216 4.892963
1220 5.017129
1224 4.865262
1228 4.654401
1232 4.590999
1236 4.710702
1240 4.822486
1244 4.739627
1248 4.629584
1252 4.668061
1256 4.818187
1260 4.880201
1264 4.696388
1268 4.621747
1272 4.743682
1276 4.862351
1280 4.807438
1284 4.669395
1288 4.682483
1292 4.814186
1296 4.870949
1300 4.765179
1304 4.663299
1308 4.678565
1312 4.867058
1316 4.916256
1320 4.721858
1324 4.571542
1328 4.650728
1332 4.804363
1336 4.816445
1340 4.730974
1344 4.734049
1348 4.812309
1352 4.881018
1356 4.772825
1360 4.615407
1364 4.652524
1368 4.806023
1372 4.885154
1376 4.785016
1380 4.648360
1384 4.675708
1388 4.843820
1392 4.868881
1396 4.741940
1400 4.646156
1404 4.692443
1408 4.834894
1412 4.838541
1416 4.721450
1420 4.666429
1424 4.738321
1428 4.850704
1432 4.829751
1436 4.737205
1440 4.743137
1444 4.818649
1448 4.838922
1452 4.701667
1456 4.579842
1460 4.647925
1464 4.812663
1468 4.899277
1472 4.817724
1476 4.691055
1480 4.689041
1484 4.766648
1488 4.812935
1492 4.748607
1496 4.700416
1500 4.767084
1504 4.858187
1508 4.815792
1512 4.697096
1516 4.676279
1520 4.776471
1524 4.880800
1528 4.829370
1532 4.731654
1536 4.706837
1540 4.779193
1544 4.816336
1548 4.736716
1552 4.679055
1556 4.743056
1560 4.866596
1564 4.863793
1568 4.778594
1572 4.727437
1576 4.749668
1580 4.761777
1584 4.684742
1588 4.650129
1592 4.726022
1596 4.870922
1600 4.900011
1604 4.757614
1608 4.659109
1612 4.699735
1616 4.820445
1620 4.849262
1624 4.747791
1628 4.720715
1632 4.788200
1636 4.814459
1640 4.742457
1644 4.663218
1648 4.716389
1652 4.855031
1656 4.872881
1660 4.759709
1664 4.672742
1668 4.690239
1672 4.791791
1676 4.809452
1680 4.703110
1684 4.685123
1688 4.825534
1692 4.962271
1696 4.883793
1700 4.684170
1704 4.630918
1708 4.726375
1712 4.806948
1716 4.763655
1720 4.693722
1724 4.760036
1728 4.888201
1732 4.875847
1736 4.690701
1740 4.599761
1744 4.736362
1748 4.917563
1752 4.902678
1756 4.715572
1760 4.606427
1764 4.683681
1768 4.845997
1772 4.840935
1776 4.750729
1780 4.750430
1784 4.823738
1788 4.848228
1792 4.697177
1796 4.560440
1800 4.633013
1804 4.792336
1808 4.846105
1812 4.772744
1816 4.717559
1820 4.821153
1824 4.896419
1828 4.815030
1832 4.646945
1836 4.589665
1840 4.694402
1844 4.811710
1848 4.829044
1852 4.741886
1856 4.656959
1860 4.709341
1864 4.820445
1868 4.802622
1872 4.725559
1876 4.727246
1880 4.805125
1884 4.804853
1888 4.693395
1892 4.620441
1896 4.701069
1900 4.867847
1904 4.941236
1908 4.843847
1912 4.657122
1916 4.642156
1920 4.709504
1924 4.722266
1928 4.650809
1932 4.646428
1936 4.760172
1940 4.863684
1944 4.842350
1948 4.773614
1952 4.714130
1956 4.761179
1960 4.788417
1964 4.707327
1968 4.663408
1972 4.730103
1976 4.867956
1980 4.860310
1984 4.707735
1988 4.648061
1992 4.732743
1996 4.852446
2000 4.817588
2004 4.678919
2008 4.638265
2012 4.684715
2016 4.719953
2020 4.736199
2024 4.763274
2028 4.837398
2032 4.939549
2036 4.892310
2040 4.694293
2044 4.561474
2048 4.608958
2052 4.756825
2056 4.779274
2060 4.697885
2064 4.711382
2068 4.812391
2072 4.813180
2076 4.725831
2080 4.649394
2084 4.678483
2088 4.780989
2092 4.815574
2096 4.714185
2100 4.645367
2104 4.744770
2108 4.902188
2112 4.860283
2116 4.694211
2120 4.662809
2124 4.812554
2128 4.910896
2132 4.783002
2136 4.604223
2140 4.562644
2144 4.676007
2148 4.848990
2152 4.837806
2156 4.779955
2160 4.815846
2164 4.870868
2168 4.794023
2172 4.613502
2176 4.581039
2180 4.746865
2184 4.896719
2188 4.859630
2192 4.747491
2196 4.665095
2200 4.785805
2204 4.847874
2208 4.749369
2212 4.640850
2216 4.662156
2220 4.791329
2224 4.849071
2228 4.748389
2232 4.668388
2236 4.746784
2240 4.884365
2244 4.865752
2248 4.743600
2252 4.709477
2256 4.783873
2260 4.824364
2264 4.731926
2268 4.626101
2272 4.610264
2276 4.840445
2280 4.982353
2284 4.905562
2288 4.743818
2292 4.678293
2296 4.752498
2300 4.778186
2304 4.716253
2308 4.702973
2312 4.771764
2316 4.871929
2320 4.857235
2324 4.707518
2328 4.669259
2332 4.771220
2336 4.886269
2340 4.827330
2344 4.681939
2348 4.645095
2352 4.755056
2356 4.870596
2360 4.833860
2364 4.750757
2368 4.767954
2372 4.845888
2376 4.857752
2380 4.768961
2384 4.657966
2388 4.659517
2392 4.761614
2396 4.794377
2400 4.702348
2404 4.748280
2408 4.849969
2412 4.942978
2416 4.857180
2420 4.696660
2424 4.651626
2428 4.756036
2432 4.853833
2436 4.833452
2440 4.762702
2444 4.754185
2448 4.789615
2452 4.744879
2456 4.718593
2460 4.716443
2464 4.790894
2468 4.857534
2472 4.757287
2476 4.628632
2480 4.645122
2484 4.803465
2488 4.917427
2492 4.860827
2496 4.789996
2500 4.809969
2504 4.879439
2508 4.839248
2512 4.681395
2516 4.607053
2520 4.701885
2524 4.845833
2528 4.833588
2532 4.739165
2536 4.748852
2540 4.869834
2544 4.864827
2548 4.691327
2552 4.578944
2556 4.660551
2560 4.860364
2564 4.936202
2568 4.785560
2572 4.661857
2576 4.730103
2580 4.880718
2584 4.883113
2588 4.718947
2592 4.660442
2596 4.760689
2600 4.798295
2604 4.696878
2608 4.590237
2612 4.661667
2616 4.875548
2620 4.969945
2624 4.844908
2628 4.699164
2632 4.710293
2636 4.823221
2640 4.821506
2644 4.669095
2648 4.592495
2652 4.678157
2656 4.928638
2660 4.950243
2664 4.778159
2668 4.681558
2672 4.760199
2676 4.802594
2680 4.709123
2684 4.641476
2688 4.710538
2692 4.853643
2696 4.907168
2700 4.776227
2704 4.640034
2708 4.703055
2712 4.908828
2716 4.920991
2720 4.726974
2724 4.597094
2728 4.651952
2732 4.758893
2736 4.796009
2740 4.755764
2744 4.787138
2748 4.910515
2752 4.936638
2756 4.777342
2760 4.613666
2764 4.616904
2768 4.741913
2772 4.812363
2776 4.747981
2780 4.610917
2784 4.725096
2788 4.879793
2792 4.898324
2796 4.772662
2800 4.669721
2804 4.671816
2808 4.744008
2812 4.747246
2816 4.691599
2820 4.701613
2824 4.797125
2828 4.878188
2832 4.794159
2836 4.745614
2840 4.781914
2844 4.848691
2848 4.823710
2852 4.646510
2856 4.531106
2860 4.644469
2864 4.848691
2868 4.922189
2872 4.808663
2876 4.757995
2880 4.782948
2884 4.814214
2888 4.714838
2892 4.591978
2896 4.630564
2900 4.803737
2904 4.883195
2908 4.744933
2912 4.716307
2916 4.812663
2920 4.940012
2924 4.862704
2928 4.662673
2932 4.582998
2936 4.682919
2940 4.834894
2944 4.807329
2948 4.646129
2952 4.662701
2956 4.875657
2960 4.907386
2964 4.795900
2968 4.670320
2972 4.708252
2976 4.804907
2980 4.748607
2984 4.607625
2988 4.609366
2992 4.807329
2996 5.014626
3000 4.956312
3004 4.721858
3008 4.603951
3012 4.677749
3016 4.788363
3020 4.745532
3024 4.639272
3028 4.683354
3032 4.862160
3036 4.949209
3040 4.814486
3044 4.693286
3048 4.754294
3052 4.843684
3056 4.798349
3060 4.658265
3064 4.605257
3068 4.718702
3072 4.857289
3076 4.841534
3080 4.737369
3084 4.732416
3088 4.824500
3092 4.922978
3096 4.814023
3100 4.675218
3104 4.659871
3108 4.732389
3112 4.771084
3116 4.748280
3120 4.765532
3124 4.862296
3128 4.959196
3132 4.859521
3136 4.659843
3140 4.593312
3144 4.684334
3148 4.781506
3152 4.773070
3156 4.748144
3160 4.771138
3164 4.850759
3168 4.877371
3172 4.820826
3176 4.745287
3180 4.734484
3184 4.780853
3188 4.772852
3192 4.696742
3196 4.677966
3200 4.754811
3204 4.852255
3208 4.838459
3212 4.729913
3216 4.703110
3220 4.798975
3224 4.828527
3228 4.762811
3232 4.682864
3236 4.681313
3240 4.764498
3244 4.874732
3248 4.886705
3252 4.827275
3256 4.794975
3260 4.794921
3264 4.766430
3268 4.680551
3272 4.646020
3276 4.733124
3280 4.843357
3284 4.838432
3288 4.759002
3292 4.767192
3296 4.812608
3300 4.881018
3304 4.839194
3308 4.732253
3312 4.684334
3316 4.737695
3320 4.803139
3324 4.762213
3328 4.733015
3332 4.807193
3336 4.876038
3340 4.806214
3344 4.724797
3348 4.681667
3352 4.714484
3356 4.781342
3360 4.744961
3364 4.673204
3368 4.719191
3372 4.876882
3376 4.981210
3380 4.880501
3384 4.728334
3388 4.696633
3392 4.771927
3396 4.785696
3400 4.701776
3404 4.678238
3408 4.769886
3412 4.871603
3416 4.840418
3420 4.724198
3424 4.719681
3428 4.843765
3432 4.900692
3436 4.768281
3440 4.631598
3444 4.641748
3448 4.780472
3452 4.874623
3456 4.786975
3460 4.721123
3464 4.810731
3468 4.874895
3472 4.862215
3476 4.697150
3480 4.608495
3484 4.691436
3488 4.824500
3492 4.818513
3496 4.714212
3500 4.708688
3504 4.869888
3508 4.957155
3512 4.791111
3516 4.620115
3520 4.608332
3524 4.726566
3528 4.813506
3532 4.757369
3536 4.705450
3540 4.743627
3544 4.825207
3548 4.858677
3552 4.749723
3556 4.686565
3560 4.762485
3564 4.824853
3568 4.720198
3572 4.605856
3576 4.664034
3580 4.800771
3584 4.898515
3588 4.855820
3592 4.756498
3596 4.695817
3600 4.787356
3604 4.762158
3608 4.661204
3612 4.610047
3616 4.671898
3620 4.827738
3624 4.893236
3628 4.839711
3632 4.779029
3636 4.800227
3640 4.817642
3644 4.728253
3648 4.618237
3652 4.631788
3656 4.749940
3660 4.841017
3664 4.783057
3668 4.663326
3672 4.656415
3676 4.782186
3680 4.848854
3684 4.785397
3688 4.699763
3692 4.700797
3696 4.733369
3700 4.693368
3704 4.683164
3708 4.748253
3712 4.861861
3716 4.948965
3720 4.869235
3724 4.683300
3728 4.632197
3732 4.675762
3736 4.723192
3740 4.611380
3744 4.570318
3748 4.726212
3752 4.890977
3756 4.890596
3760 4.762621
3764 4.659081
3768 4.678402
3772 4.746729
3776 4.749750
3780 4.710103
3784 4.692334
3788 4.789887
3792 4.881018
3796 4.756607
3800 4.628523
3804 4.679136
3808 4.833779
3812 4.851493
3816 4.682783
3820 4.559542
3824 4.623462
3828 4.795764
3832 4.835901
3836 4.743192
3840 4.752281
3844 4.875984
3848 4.949672
3852 4.814404
3856 4.591679
3860 4.554399
3864 4.738076
3868 4.867058
3872 4.752389
3876 4.618645
3880 4.683572
3884 4.891304
3888 4.911685
3892 4.697803
3896 4.565882
3900 4.649612
3904 4.810023
3908 4.807384
3912 4.675953
3916 4.640115
3920 4.809125
3924 4.955169
3928 4.839058
3932 4.687082
3936 4.703518
3940 4.813506
3944 4.811601
3948 4.651081
3952 4.566318
3956 4.668225
3960 4.865806
3964 4.926107
3968 4.810105
3972 4.706538
3976 4.747165
3980 4.819493
3984 4.762267
3988 4.653857
3992 4.655626
3996 4.805969
4000 4.901481
4004 4.801560
4008 4.664524
4012 4.680116
4016 4.820472
4020 4.844772
4024 4.747600
4028 4.669231
4032 4.709667
4036 4.821860
4040 4.829643
4044 4.734675
4048 4.718185
4052 4.811901
4056 4.921671
4060 4.865670
4064 4.716225
4068 4.676034
4072 4.735899
4076 4.763628
4080 4.718212
4084 4.707409
4088 4.787737
4092 4.913916
4096 4.916447
4100 4.769451
4104 4.658755
4108 4.703327
4112 4.806214
4116 4.793343
4120 4.718974
4124 4.725124
4128 4.813942
4132 4.881426
4136 4.814595
4140 4.686347
4144 4.675027
4148 4.786322
4152 4.857371
4156 4.784717
4160 4.686619
4164 4.704606
4168 4.819846
4172 4.853344
4176 4.779193
4180 4.745342
4184 4.824418
4188 4.913889
4192 4.847085
4196 4.693613
4200 4.621992
4204 4.716361
4208 4.837806
4212 4.811873
4216 4.743464
4220 4.779846
4224 4.865915
4228 4.854133
4232 4.715246
4236 4.635108
4240 4.719164
4244 4.869181
4248 4.879303
4252 4.773995
4256 4.722647
4260 4.776907
4264 4.853670
4268 4.800173
4272 4.685150
4276 4.687762
4280 4.821887
4284 4.872827
4288 4.745668
4292 4.631190
4296 4.699191
4300 4.865752
4304 4.891467
4308 4.778131
4312 4.729641
4316 4.802431
4320 4.866977
4324 4.771519
4328 4.634999
4332 4.634047
4336 4.809016
4340 4.954597
4344 4.848337
4348 4.681912
4352 4.697014
4356 4.832473
4360 4.835575
4364 4.676551
4368 4.609747
4372 4.754430
4376 4.925726
4380 4.889589
4384 4.712851
4388 4.644034
4392 4.795492
4396 4.925726
4400 4.819003
4404 4.644278
4408 4.634918
4412 4.794295
4416 4.863085
4420 4.722811
4424 4.614155
4428 4.712089
4432 4.903141
4436 4.930134
4440 4.769233
4444 4.664061
4448 4.726321
4452 4.830867
4456 4.811329
4460 4.692388
4464 4.692143
4468 4.813996
4472 4.884909
4476 4.750104
4480 4.565529
4484 4.590264
4488 4.785342
4492 4.837561
4496 4.741940
4500 4.671816
4504 4.690946
4508 4.788907
4512 4.813152
4516 4.746974
4520 4.711382
4524 4.779955
4528 4.904392
4532 4.829289
4536 4.643625
4540 4.606509
4544 4.725722
4548 4.814159
4552 4.733151
4556 4.623435
4560 4.719110
4564 4.826704
4568 4.830541
4572 4.689667
4576 4.588794
4580 4.680143
4584 4.864255
4588 4.896583
4592 4.780145
4596 4.693586
4600 4.766485
4604 4.829969
4608 4.694756
4612 4.545664
4616 4.638972
4620 4.838758
4624 4.900909
4628 4.694048
4632 4.547297
4636 4.601230
4640 4.760662
4644 4.841099
4648 4.741532
4652 4.681830
4656 4.780009
4660 4.909181
4664 4.835357
4668 4.566808
4672 4.509936
4676 4.725477
4680 4.883249
4684 4.734103
4688 4.657231
4692 4.728117
4696 4.831357
4700 4.805234
4704 4.647952
4708 4.563488
4712 4.668279
4716 4.889997
4720 4.877235
4724 4.688987
4728 4.599271
4732 4.680851
4736 4.854922
4740 4.775465
4744 4.621775
4748 4.664143
4752 4.835411
4756 4.875956
4760 4.687490
4764 4.526018
4768 4.617720
4772 4.867820
4776 4.956039
4780 4.800608
4784 4.643163
4788 4.728307
4792 4.873426
4796 4.805316
4800 4.600550
4804 4.551079
4808 4.743083
4812 4.883548
4816 4.796581
4820 4.640142
4824 4.663027
4828 4.816554
4832 4.853153
4836 4.697912
4840 4.604251
4844 4.706103
4848 4.882215
4852 4.859602
4856 4.648088
4860 4.603761
4864 4.771492
4868 4.900256
4872 4.816282
4876 4.656632
4880 4.624822
4884 4.696851
4888 4.772063
4892 4.714919
4896 4.674946
4900 4.764199
4904 4.916556
4908 4.916882
4912 4.749886
4916 4.654265
4920 4.713477
4924 4.839384
4928 4.802486
4932 4.708633
4936 4.714892
4940 4.775111
4944 4.830486
4948 4.750893
4952 4.664088
4956 4.696633
4960 4.790240
4964 4.822976
4968 4.757587
4972 4.691137
4976 4.722838
4980 4.803656
4984 4.823166
4988 4.781696
4992 4.747301
4996 4.856473
5000 4.906406
5004 4.821534
5008 4.665068
5012 4.606319
5016 4.704116
5020 4.810676
5024 4.824717
5028 4.759546
5032 4.750457
5036 4.813969
5040 4.825479
5044 4.729777
5048 4.675844
5052 4.735165
5056 4.844391
5060 4.876419
5064 4.771954
5068 4.708770
5072 4.743029
5076 4.842187
5080 4.841126
5084 4.739600
5088 4.704933
5092 4.773533
5096 4.829996
5100 4.753179
5104 4.664714
5108 4.699735
5112 4.831030
5116 4.896310
5120 4.818785
5124 4.765859
5128 4.794975
5132 4.864909
5136 4.797315
5140 4.661558
5144 4.650265
5148 4.787247
5152 4.936855
5156 4.890950
5160 4.756063
5164 4.715273
5168 4.762430
5172 4.795710
5176 4.733015
5180 4.673939
5184 4.759464
5188 4.877807
5192 4.863983
5196 4.750485
5200 4.686211
5204 4.795737
5208 4.924828
5212 4.867167
5216 4.711872
5220 4.669694
5224 4.772226
5228 4.852092
5232 4.770948
5236 4.674701
5240 4.722130
5244 4.879058
5248 4.956475
5252 4.827493
5256 4.702184
5260 4.727464
5264 4.804662
5268 4.789152
5272 4.683844
5276 4.685422
5280 4.839221
5284 4.960910
5288 4.860065
5292 4.685096
5296 4.650972
5300 4.755083
5304 4.833371
5308 4.779710
5312 4.717368
5316 4.733750
5320 4.836799
5324 4.863874
5328 4.781778
5332 4.749206
5336 4.794485
5340 4.857643
5344 4.796200
5348 4.682619
5352 4.666293
5356 4.748553
5360 4.833942
5364 4.812771
5368 4.736253
5372 4.700878
5376 4.843629
5380 4.853507
5384 4.765478
5388 4.666374
5392 4.689368
5396 4.765941
5400 4.776825
5404 4.775029
5408 4.787791
5412 4.827738
5416 4.820826
5420 4.731001
5424 4.659299
5428 4.677749
5432 4.764036
5436 4.819193
5440 4.757124
5444 4.684769
5448 4.739410
5452 4.841425
5456 4.907222
5460 4.815302
5464 4.754403
5468 4.782839
5472 4.781968
5476 4.699382
5480 4.603244
5484 4.636360
5488 4.772825
5492 4.897072
5496 4.870868
5500 4.657313
5504 4.683681
5508 4.755219
5512 4.823085
5516 4.706103
5520 4.598210
5524 4.637911
5528 4.826404
5532 4.914134
5536 4.803139
5540 4.696769
5544 4.706021
5548 4.805479
5552 4.779247
5556 4.647598
5560 4.605176
5564 4.725069
5568 4.854106
5572 4.739165
5576 4.594318
5580 4.652632
5584 4.863602
5588 4.995469
5592 4.823683
5596 4.621230
5600 4.633938
5604 4.748498
5608 4.757451
5612 4.665395
5616 4.632850
5620 4.766131
5624 4.914923
5628 4.807302
5632 4.649285
5636 4.561175
5640 4.708525
5644 4.829561
5648 4.692552
5652 4.589175
5656 4.686647
5660 4.907603
5664 4.994272
5668 4.792635
5672 4.634020
5676 4.632605
5680 4.732852
5684 4.775546
5688 4.679408
5692 4.601829
5696 4.700851
5700 4.864446
5704 4.810350
5708 4.666565
5712 4.665231
5716 4.887249
5720 4.944801
5724 4.716389
5728 4.533691
5732 4.549828
5736 4.757151
5740 4.885535
5744 4.833207
5748 4.727573
5752 4.717668
5756 4.870188
5760 4.796336
5764 4.610155
5768 4.538236
5772 4.664442
5776 4.811765
5780 4.794676
5784 4.702701
5788 4.725368
5792 4.854759
5796 4.888093
5800 4.778267
5804 4.675653
5808 4.690429
5812 4.798105
5816 4.818078
5820 4.717532
5824 4.639108
5828 4.676606
5832 4.820826
5836 4.834350
5840 4.763437
5844 4.764308
5848 4.770131
5852 4.739410
5856 4.653041
5860 4.623761
5864 4.704960
5868 4.850459
5872 4.934189
5876 4.858487
5880 4.700633
5884 4.720715
5888 4.793179
5892 4.776199
5896 4.670456
5900 4.637829
5904 4.737940
5908 4.829969
5912 4.817833
5916 4.783927
5920 4.753287
5924 4.816336
5928 4.833561
5932 4.743083
5936 4.679871
5940 4.697558
5944 4.819411
5948 4.864772
5952 4.759927
5956 4.690320
5960 4.779601
5964 4.894297
5968 4.889997
5972 4.753315
5976 4.666728
5980 4.692225
5984 4.744362
5988 4.758240
5992 4.728743
5996 4.779927
6000 4.919168
6004 4.943223
6008 4.792499
6012 4.658510
6016 4.689830
6020 4.821234
6024 4.839520
6028 4.735001
6032 4.685776
6036 4.768254
6040 4.892147
6044 4.877126
6048 4.762213
6052 4.729967
6056 4.797751
6060 4.855194
6064 4.771764
6068 4.642537
6072 4.689531
6076 4.856446
6080 4.893208
6084 4.766077
6088 4.712117
6092 4.807656
6096 4.921671
6100 4.848745
6104 4.664878
6108 4.594373
6112 4.723491
6116 4.886759
6120 4.893780
6124 4.805043
6128 4.774077
6132 4.864092
6136 4.885263
6140 4.747600
6144 4.625339
6148 4.666293
6152 4.816826
6156 4.866759
6160 4.760009
6164 4.669694
6168 4.749260
6172 4.892719
6176 4.891195
6180 4.760226
6184 4.697831
6188 4.769369
6192 4.835166
6196 4.797343
6200 4.709586
6204 4.724253
6208 4.845561
6212 4.917018
6216 4.848609
6220 4.745260
6224 4.734294
6228 4.778730
6232 4.753696
6236 4.656687
6240 4.636795
6244 4.759682
6248 4.934597
6252 4.926597
6256 4.794921
6260 4.731355
6264 4.756308
6268 4.776580
6272 4.739001
6276 4.719654
6280 4.765995
6284 4.819656
6288 4.805724
6292 4.750104
6296 4.707436
6300 4.763356
6304 4.852827
6308 4.816418
6312 4.705912
6316 4.666320
6320 4.722675
6324 4.788853
6328 4.768335
6332 4.748797
6336 4.806567
6340 4.893018
6344 4.883249
6348 4.764961
6352 4.673286
6356 4.690592
6360 4.767900
6364 4.767464
6368 4.681993
6372 4.707436
6376 4.867766
6380 4.970325
6384 4.867956
6388 4.625557
6392 4.567570
6396 4.718566
6400 4.851602
6404 4.837534
6408 4.721967
6412 4.721069
6416 4.822758
6420 4.869099
6424 4.780363
6428 4.677504
6432 4.747219
6436 4.870079
6440 4.810540
6444 4.621829
6448 4.563842
6452 4.704089
6456 4.902379
6460 4.864745
6464 4.700361
6468 4.740661
6472 4.821234
6476 4.869915
6480 4.728607
6484 4.554562
6488 4.596577
6492 4.811112
6496 4.924420
6500 4.806921
6504 4.670102
6508 4.747709
6512 4.887358
6516 4.814459
6520 4.631081
6524 4.561964
6528 4.729341
6532 4.927468
6536 4.834160
6540 4.610536
6544 4.583189
6548 4.801288
6552 4.961128
6556 4.817207
6560 4.652170
6564 4.648687
6568 4.754076
6572 4.772118
6576 4.632197
6580 4.624033
6584 4.792254
6588 4.928365
6592 4.857099
6596 4.662510
6600 4.611434
6604 4.760036
6608 4.870024
6612 4.754349
6616 4.613067
6620 4.663843
6624 4.872092
6628 4.926379
6632 4.751002
6636 4.635489
6640 4.679327
6644 4.794812
6648 4.766621
6652 4.675980
6656 4.675245
6660 4.747763
6664 4.839466
6668 4.785370
6672 4.654973
6676 4.667354
6680 4.827221
6684 4.901671
6688 4.773696
6692 4.628224
6696 4.631108
6700 4.719001
6704 4.758811
6708 4.744933
6712 4.769777
6716 4.859793
6720 4.904474
6724 4.784227
6728 4.641448
6732 4.627598
6736 4.733450
6740 4.843112
6744 4.776852
6748 4.720879
6752 4.788581
6756 4.879004
6760 4.853398
6764 4.709804
6768 4.624686
6772 4.692334
6776 4.814132
6780 4.828962
6784 4.727736
6788 4.675871
6792 4.749287
6796 4.821125
6800 4.778159
6804 4.723436
6808 4.775791
6812 4.882405
6816 4.878460
6820 4.712933
6824 4.621503
6828 4.670510
6832 4.789152
6836 4.874052
6840 4.813615
6844 4.745505
6848 4.753750
6852 4.822323
6856 4.804989
6860 4.672687
6864 4.658728
6868 4.796880
6872 4.905372
6876 4.831248
6880 4.712035
6884 4.722021
6888 4.834785
6892 4.877208
6896 4.767056
6900 4.664578
6904 4.688878
6908 4.826758
6912 4.873453
6916 4.728171
6920 4.640414
6924 4.749532
6928 4.914379
6932 4.902297
6936 4.768090
6940 4.710565
6944 4.787111
6948 4.844554
6952 4.763328
6956 4.665449
6960 4.716770
6964 4.895793
6968 4.952529
6972 4.802132
6976 4.642591
6980 4.651680
6984 4.801751
6988 4.842922
6992 4.738784
6996 4.700688
7000 4.785070
7004 4.875358
7008 4.836228
7012 4.722919
7016 4.704824
7020 4.818268
7024 4.902460
7028 4.817452
7032 4.683082
7036 4.664578
7040 4.795628
7044 4.866378
7048 4.767873
7052 4.708770
7056 4.776798
7060 4.886079
7064 4.865725
7068 4.739654
7072 4.677504
7076 4.711627
7080 4.799900
7084 4.814921
7088 4.784825
7092 4.805452
7096 4.857997
7100 4.840799
7104 4.727056
7108 4.655707
7112 4.718919
7116 4.826296
7120 4.835656
7124 4.763954
7128 4.718865
7132 4.753968
7136 4.809969
7140 4.785642
7144 4.761968
7148 4.776608
7152 4.825670
7156 4.833806
7160 4.748226
7164 4.699626
7168 4.739246
7172 4.817778
7176 4.831738
7180 4.773723
7184 4.723681
7188 4.795329
7192 4.833969
7196 4.759764
7200 4.654129
7204 4.647870
7208 4.748362
7212 4.871194
7216 4.861044
7220 4.759818
7224 4.724362
7228 4.791846
7232 4.800336
7236 4.700797
7240 4.672687
7244 4.753750
7248 4.883059
7252 4.849888
7256 4.676225
7260 4.638646
7264 4.740552
7268 4.868201
7272 4.870841
7276 4.729668
7280 4.673531
7284 4.760036
7288 4.841398
7292 4.755437
7296 4.616686
7300 4.657775
7304 4.847439
7308 4.935196
7312 4.801315
7316 4.650673
7320 4.648143
7324 4.803438
7328 4.819112
7332 4.693885
7336 4.630863
7340 4.756362
7344 4.958271
7348 4.919712
7352 4.697395
7356 4.588305
7360 4.706484
7364 4.865235
7368 4.815275
7372 4.659408
7376 4.644006
7380 4.792145
7384 4.879657
7388 4.762104
7392 4.591380
7396 4.664442
7400 4.896093
7404 4.922706
7408 4.734049
7412 4.580821
7416 4.676306
7420 4.877535
7424 4.833316
7428 4.671109
7432 4.640877
7436 4.772009
7440 4.867058
7444 4.782104
7448 4.638183
7452 4.607135
7456 4.760526
7460 4.872092
7464 4.770703
7468 4.680442
7472 4.747546
7476 4.886052
7480 4.875575
7484 4.718185
7488 4.629829
7492 4.739790
7496 4.864201
7500 4.807520
7504 4.688307
7508 4.645149
7512 4.719708
7516 4.808526
7520 4.768254
7524 4.716171
7528 4.755301
7532 4.838922
7536 4.791791
7540 4.663136
7544 4.629067
7548 4.744961
7552 4.877154
7556 4.858187
7560 4.748716
7564 4.690701
7568 4.771927
7572 4.813806
7576 4.719110
7580 4.641367
7584 4.695490
7588 4.800091
7592 4.826323
7596 4.730729
7600 4.676225
7604 4.750675
7608 4.825642
7612 4.793206
7616 4.735926
7620 4.748825
7624 4.821017
7628 4.853344
7632 4.760580
7636 4.646510
7640 4.649449
7644 4.778784
7648 4.864664
7652 4.799030
7656 4.691245
7660 4.704008
7664 4.779111
7668 4.764907
7672 4.687844
7676 4.688524
7680 4.790322
7684 4.902406
7688 4.860419
7692 4.717123
7696 4.680987
7700 4.783791
7704 4.869534
7708 4.778213
7712 4.656959
7716 4.707545
7720 4.851901
7724 4.887603
7728 4.749641
7732 4.631788
7736 4.697967
7740 4.840772
7744 4.861425
7748 4.740716
7752 4.668714
7756 4.764417
7760 4.864718
7764 4.794241
7768 4.661884
7772 4.681613
7776 4.844446
7780 4.947060
7784 4.829180
7788 4.656959
7792 4.655054
7796 4.785560
7800 4.868636
7804 4.779519
7808 4.684742
7812 4.743763
7816 4.880120
7820 4.891630
7824 4.728960
7828 4.629748
7832 4.742185
7836 4.881807
7840 4.831575
7844 4.674919
7848 4.629829
7852 4.774240
7856 4.889644
7860 4.804799
7864 4.681640
7868 4.703218
7872 4.873398
7876 4.930978
7880 4.763546
7884 4.622836
7888 4.679354
7892 4.849752
7896 4.870269
7900 4.744035
7904 4.712851
7908 4.815329
7912 4.875521
7916 4.783356
7920 4.649993
7924 4.648741
7928 4.806975
7932 4.902161
7936 4.801751
7940 4.695545
7944 4.731164
7948 4.842405
7952 4.840391
7956 4.736961
7960 4.714021
7964 4.787138
7968 4.839439
7972 4.763410
7976 4.663463
7980 4.670973
7984 4.762730
7988 4.839983
7992 4.779165
7996 4.700007
8000 4.751764
8004 4.840037
8008 4.821207
8012 4.687000
8016 4.634183
8020 4.744933
8024 4.891440
8028 4.873943
8032 4.772390
8036 4.747029
8040 4.789424
8044 4.786132
8048 4.674674
8052 4.636904
8056 4.717042
8060 4.832418
8064 4.853616
8068 4.717749
8072 4.653476
8076 4.751138
8080 4.874514
8084 4.830323
8088 4.700089
8092 4.691871
8096 4.779682
8100 4.825779
8104 4.712470
8108 4.617557
8112 4.692579
8116 4.861970
8120 4.914923
8124 4.771546
8128 4.624360
8132 4.679925
8136 4.806758
8140 4.805642
8144 4.658837
8148 4.641340
8152 4.809778
8156 4.980992
8160 4.930270
8164 4.699409
8168 4.610482
8172 4.719219
8176 4.817261
8180 4.726838
8184 4.594237
8188 4.632795
8192 4.818676
8196 4.895848
8200 4.723110
8204 4.578726
8208 4.683653
8212 4.914977
8216 4.915467
8220 4.680306
8224 4.551896
8228 4.677721
8232 4.874242
8236 4.878079
8240 4.719491
8244 4.655354
8248 4.778159
8252 4.912909
8256 4.820445
8260 4.596958
8264 4.543841
8268 4.728661
8272 4.871603
8276 4.810513
8280 4.721423
8284 4.773832
8288 4.921372
8292 4.906651
8296 4.723872
8300 4.596332
8304 4.656632
8308 4.834568
8312 4.846105
8316 4.710865
8320 4.665150
8324 4.755192
8328 4.839493
8332 4.813561
8336 4.712171
8340 4.719763
8344 4.809805
8348 4.809071
8352 4.689994
8356 4.644115
8360 4.751927
8364 4.928556
8368 4.946216
8372 4.793941
8376 4.707110
8380 4.760607
8384 4.832146
8388 4.750757
8392 4.632659
8396 4.658374
8400 4.794948
8404 4.883059
8408 4.791873
8412 4.745886
8416 4.793914
8420 4.826568
8424 4.791519
8428 4.703871
8432 4.683653
8436 4.770431
8440 4.853289
8444 4.801832
8448 4.709259
8452 4.715164
8456 4.825180
8460 4.885725
8464 4.776363
8468 4.694239
8472 4.717994
8476 4.779900
8480 4.789778
8484 4.727464
8488 4.742865
8492 4.852446
8496 4.946624
8500 4.881888
8504 4.728498
8508 4.679218
8512 4.743954
8516 4.807520
8520 4.764199
8524 4.715001
8528 4.748308
8532 4.861698
8536 4.903413
8540 4.804662
8544 4.700933
8548 4.716171
8552 4.801642
8556 4.814023
8560 4.741995
8564 4.709450
8568 4.769369
8572 4.858813
8576 4.814567
8580 4.718702
8584 4.726212
8588 4.838704
8592 4.885970
8596 4.783546
8600 4.659762
8604 4.657149
8608 4.768635
8612 4.868038
8616 4.840962
8620 4.789887
8624 4.820799
8628 4.895059
8632 4.850623
8636 4.688334
8640 4.602699
8644 4.698892
8648 4.851085
8652 4.844881
8656 4.724661
8660 4.684306
8664 4.793751
8668 4.914787
8672 4.835765
8676 4.680225
8680 4.662265
8684 4.794649
8688 4.882650
8692 4.805615
8696 4.714103
8700 4.748716
8704 4.862977
8708 4.869235
8712 4.769397
8716 4.692688
8720 4.745178
8724 4.829561
8728 4.761124
8732 4.628441
8736 4.637938
8740 4.820663
8744 4.966815
8748 4.897317
8752 4.767056
8756 4.727246
8760 4.794621
8764 4.822268
8768 4.732770
8772 4.668252
8776 4.726321
8780 4.868800
8784 4.846024
8788 4.730484
8792 4.694075
8796 4.766131
8800 4.832473
8804 4.775193
8808 4.652632
8812 4.650020
8816 4.809452
8820 4.887548
8824 4.805941
8828 4.747519
8832 4.786349
8836 4.896827
8840 4.904392
8844 4.751383
8848 4.656034
8852 4.702865
8856 4.772744
8860 4.716307
8864 4.656224
8868 4.733505
8872 4.919576
8876 4.942271
8880 4.748362
8884 4.606237
8888 4.649258
8892 4.798594
8896 4.833262
8900 4.726675
8904 4.685721
8908 4.781097
8912 4.912066
8916 4.843847
8920 4.686211
8924 4.680415
8928 4.788308
8932 4.823357
8936 4.705096
8940 4.622455
8944 4.661068
8948 4.799601
8952 4.895576
8956 4.816744
8960 4.733722
8964 4.787710
8968 4.876038
8972 4.851384
8976 4.673068
8980 4.557501
8984 4.646292
8988 4.815928
8992 4.805560
8996 4.738348
9000 4.746566
9004 4.826595
9008 4.844146
9012 4.687790
9016 4.551542
9020 4.621366
9024 4.819057
9028 4.923631
9032 4.794050
9036 4.623489
9040 4.696933
9044 4.902243
9048 4.911739
9052 4.699109
9056 4.571025
9060 4.670837
9064 4.795574
9068 4.743818
9072 4.651408
9076 4.650428
9080 4.842514
9084 5.003632
9088 4.883167
9092 4.682864
9096 4.639789
9100 4.785696
9104 4.832173
9108 4.645122
9112 4.513881
9116 4.666265
9120 4.907005
9124 4.981700
9128 4.789941
9132 4.610890
9136 4.635544
9140 4.782866
9144 4.784853
9148 4.666184
9152 4.642210
9156 4.819003
9160 4.964094
9164 4.865344
9168 4.681749
9172 4.665966
9176 4.857453
9180 4.910270
9184 4.737913
9188 4.582046
9192 4.609829
9196 4.790621
9200 4.857235
9204 4.780989
9208 4.723573
9212 4.748770
9216 4.849425
9220 4.842731
9224 4.695871
9228 4.650428
9232 4.750049
9236 4.810322
9240 4.763628
9244 4.723137
9248 4.793424
9252 4.907712
9256 4.865834
9260 4.722049
9264 4.639462
9268 4.684878
9272 4.793751
9276 4.800336
9280 4.735981
9284 4.754757
9288 4.867330
9292 4.904419
9296 4.797506
9300 4.731409
9304 4.780880
9308 4.850160
9312 4.805152
9316 4.674592
9320 4.634455
9324 4.741478
9328 4.879467
9332 4.879603
9336 4.767791
9340 4.726783
9344 4.799628
9348 4.862160
9352 4.765206
9356 4.654347
9360 4.698211
9364 4.838786
9368 4.881535
9372 4.790785
9376 4.750022
9380 4.827357
9384 4.901726
9388 4.833588
9392 4.670374
9396 4.624278
9400 4.730403
9404 4.865643
9408 4.851820
9412 4.740770
9416 4.710021
9420 4.823765
9424 4.917345
9428 4.847330
9432 4.741423
9436 4.741178
9440 4.804254
9444 4.804717
9448 4.726239
9452 4.691137
9456 4.783900
9460 4.930243
9464 4.911848
9468 4.735654
9472 4.647272
9476 4.735464
9480 4.835820
9484 4.806649
9488 4.709749
9492 4.715137
9496 4.832962
9500 4.926107
9504 4.880120
9508 4.760961
9512 4.732062
9516 4.814377
9520 4.827874
9524 4.709967
9528 4.639979
9532 4.747818
9536 4.899630
9540 4.873018
9544 4.720743
9548 4.667354
9552 4.798513
9556 4.916855
9560 4.852718
9564 4.699790
9568 4.651952
9572 4.756226
9576 4.867602
9580 4.835439
9584 4.754294
9588 4.784635
9592 4.893399
9596 4.855357
9600 4.689259
9604 4.595625
9608 4.685803
9612 4.838078
9616 4.826867
9620 4.725314
9624 4.710865
9628 4.832717
9632 4.966407
9636 4.892065
9640 4.710702
9644 4.663136
9648 4.770839
9652 4.839956
9656 4.756444
9660 4.676415
9664 4.745178
9668 4.870922
9672 4.855303
9676 4.751002
9680 4.710565
9684 4.782812
9688 4.862704
9692 4.779410
9696 4.627489
9700 4.617040
9704 4.780553
9708 4.930951
9712 4.874133
9716 4.762376
9720 4.773369
9724 4.812336
9728 4.753804
9732 4.632469
9736 4.626564
9740 4.756852
9744 4.868718
9748 4.814159
9752 4.696524
9756 4.714212
9760 4.876854
9764 4.942379
9768 4.767845
9772 4.610999
9776 4.633421
9780 4.788118
9784 4.855031
9788 4.729069
9792 4.665585
9796 4.766131
9800 4.847493
9804 4.802540
9808 4.647734
9812 4.649285
9816 4.787955
9820 4.870596
9824 4.709014
9828 4.572386
9832 4.670810
9836 4.930842
9840 5.034572
9844 4.812608
9848 4.602400
9852 4.634754
9856 4.758648
9860 4.746348
9864 4.612115
9868 4.585012
9872 4.737178
9876 4.905834
9880 4.858215
9884 4.699055
9888 4.692415
9892 4.848636
9896 4.914460
9900 4.702919
9904 4.520358
9908 4.612006
9912 4.836636
9916 4.948230
9920 4.770920
9924 4.530916
9928 4.592713
9932 4.820418
9936 4.837534
9940 4.670347
9944 4.571951
9948 4.671245
9952 4.812282
9956 4.782050
9960 4.658564
9964 4.709831
9968 4.931576
9972 5.021891
9976 4.798404
9980 4.519677
9984 4.549528
9988 4.785315
9992 4.920311
9996 4.730865
10000 4.547841
10004 4.644197
10008 4.886514
10012 4.934978
10016 4.727328
10020 4.595461
10024 4.699626
10028 4.862813
10032 4.807384
10036 4.645857
10040 4.641068
10044 4.853235
10048 4.977128
10052 4.826840
10056 4.628169
10060 4.641176
10064 4.844500
10068 4.898732
10072 4.712851
10076 4.564957
10080 4.603108
10084 4.792635
10088 4.886269
10092 4.818948
10096 4.768118
10100 4.796880
10104 4.836581
10108 4.756498
10112 4.647217
10116 4.680769
10120 4.828636
10124 4.912338
10128 4.802921
10132 4.647979
10136 4.675109
10140 4.839520
10144 4.872092
10148 4.769505
10152 4.696035
10156 4.717885
10160 4.781533
10164 4.771982
10168 4.734648
10172 4.775818
10176 4.867847
10180 4.883358
10184 4.786975
10188 4.728443
10192 4.771873
10196 4.852691
10200 4.807465
10204 4.674538
10208 4.666918
10212 4.774975
10216 4.896338
10220 4.857017
10224 4.745559
10228 4.733096
10232 4.797533
10236 4.802785
10240 4.724851
10244 4.696742
10248 4.783927
10252 4.889889
10256 4.858024
10260 4.713967
10264 4.667599
10268 4.801288
10272 4.923604
10276 4.868800
10280 4.712144
10284 4.665721
10288 4.743736
10292 4.841752
10296 4.824908
10300 4.741069
10304 4.755519
10308 4.859303
10312 4.906515
10316 4.796798
10320 4.688905
10324 4.730920
10328 4.822241
10332 4.817452
10336 4.700524
10340 4.674510
10344 4.807465
10348 4.934189
10352 4.899712
10356 4.734729
10360 4.653748
10364 4.736335
10368 4.867113
10372 4.855602
10376 4.741831
10380 4.713613
10384 4.804390
10388 4.872392
10392 4.819193
10396 4.739981
10400 4.754267
10404 4.860582
10408 4.867412
10412 4.722321
10416 4.623217
10420 4.696225
10424 4.884011
10428 4.934515
10432 4.817533
10436 4.725885
10440 4.772934
10444 4.872909
10448 4.845180
10452 4.722892
10456 4.669612
10460 4.742212
10464 4.823085
10468 4.793234
10472 4.728198
10476 4.735709
10480 4.846759
10484 4.869997
10488 4.740906
10492 4.645095
10496 4.717559
10500 4.890324
10504 4.886133
10508 4.745859
10512 4.698375
10516 4.768580
10520 4.888419
10524 4.889045
10528 4.783465
10532 4.718076
10536 4.746321
10540 4.784009
10544 4.710348
10548 4.653966
10552 4.739682
10556 4.893535
10560 4.905236
10564 4.768743
10568 4.672034
10572 4.718838
10576 4.849507
10580 4.836200
10584 4.725232
10588 4.687681
10592 4.756961
10596 4.851901
10600 4.809180
10604 4.735301
10608 4.747410
10612 4.818404
10616 4.776825
10620 4.671463
10624 4.672850
10628 4.770022
10632 4.865779
10636 4.804336
10640 4.675953
10644 4.660116
10648 4.824717
10652 4.946815
10656 4.860255
10660 4.662020
10664 4.579407
10668 4.673286
10672 4.764526
10676 4.704960
10680 4.694021
10684 4.818649
10688 4.908801
10692 4.805234
10696 4.653177
10700 4.653122
10704 4.758730
10708 4.869099
10712 4.791274
10716 4.653585
10720 4.607217
10724 4.782975
10728 4.925508
10732 4.832609
10736 4.653775
10740 4.673667
10744 4.829262
10748 4.823248
10752 4.686755
10756 4.608006
10760 4.690701
10764 4.823411
10768 4.813016
10772 4.704144
10776 4.695300
10780 4.858487
10784 4.993999
10788 4.794703
10792 4.534753
10796 4.517909
10800 4.743981
10804 4.928311
10808 4.837343
10812 4.653449
10816 4.623952
10820 4.790240
10824 4.845044
10828 4.729015
10832 4.629911
10836 4.711736
10840 4.863929
10844 4.833561
10848 4.650374
10852 4.626128
10856 4.801424
10860 4.994353
10864 4.902487
10868 4.659707
10872 4.604768
10876 4.729369
10880 4.851684
10884 4.760498
10888 4.617775
10892 4.637394
10896 4.812418
10900 4.927576
10904 4.820744
10908 4.681885
10912 4.716525
10916 4.861371
10920 4.821397
10924 4.665177
10928 4.636224
10932 4.795411
10936 4.983224
10940 4.920964
10944 4.714620
10948 4.612931
10952 4.745505
10956 4.909943
10960 4.827629
10964 4.676905
10968 4.655626
10972 4.777505
10976 4.813180
10980 4.760580
10984 4.750729
10988 4.842840
10992 4.943849
10996 4.863602
11000 4.707872
11004 4.653177
11008 4.752335
11012 4.851031
11016 4.782213
11020 4.690375
11024 4.726892
11028 4.876419
11032 4.906787
11036 4.797968
11040 4.711844
11044 4.730321
11048 4.799683
11052 4.774893
11056 4.708497
11060 4.750838
11064 4.873834
11068 4.908501
11072 4.783819
11076 4.688307
11080 4.731545
11084 4.863766
11088 4.890460
11092 4.743546
11096 4.644605
11100 4.703218
11104 4.845616
11108 4.880174
11112 4.800581
11116 4.790894
11120 4.873861
11124 4.899848
11128 4.759492
11132 4.626863
11136 4.666918
11140 4.830078
11144 4.916175
11148 4.792553
11152 4.663027
11156 4.741559
11160 4.929917
11164 4.921535
11168 4.732579
11172 4.641802
11176 4.737042
11180 4.875711
11184 4.877834
11188 4.750757
11192 4.703763
11196 4.826159
11200 4.913263
11204 4.807792
11208 4.673177
11212 4.689177
11216 4.828962
11220 4.871766
11224 4.719246
11228 4.584658
11232 4.686456
11236 4.923386
11240 5.023415
11244 4.877752
11248 4.717314
11252 4.732389
11256 4.829262
11260 4.820663
11264 4.695545
11268 4.655299
11272 4.792662
11276 4.929454
11280 4.862351
11284 4.640687
11288 4.647435
11292 4.829969
11296 4.898161
11300 4.756362
11304 4.625258
11308 4.652904
11312 4.857970
11316 4.965400
11320 4.844827
11324 4.715872
11328 4.749423
11332 4.908882
11336 4.903277
11340 4.721178
11344 4.616196
11348 4.696416
11352 4.811656
11356 4.735301
11360 4.668442
11364 4.731028
11368 4.912665
11372 4.964393
11376 4.799383
11380 4.628714
11384 4.622128
11388 4.797152
11392 4.874759
11396 4.794921
11400 4.724552
11404 4.771737
11408 4.860555
11412 4.846622
11416 4.726266
11420 4.690538
11424 4.770458
11428 4.807955
11432 4.693368
11436 4.609339
11440 4.700742
11444 4.873453
11448 4.900474
11452 4.790757
11456 4.732634
11460 4.810241
11464 4.885371
11468 4.777016
11472 4.616278
11476 4.609584
11480 4.761968
11484 4.861072
11488 4.799764
11492 4.762322
11496 4.857044
11500 4.934107
11504 4.807275
11508 4.578781
11512 4.530861
11516 4.691517
11520 4.924420
11524 4.899685
11528 4.692062
11532 4.673476
11536 4.825017
11540 4.940856
11544 4.792308
11548 4.631897
11552 4.667517
11556 4.810839
11560 4.826921
11564 4.656769
11568 4.591271
11572 4.750811
11576 4.985128
11580 4.946624
11584 4.705069
11588 4.637965
11592 4.764716
11596 4.890460
11600 4.775247
11604 4.580032
11608 4.605285
11612 4.829126
11616 5.004911
11620 4.893834
11624 4.674456
11628 4.666891
11632 4.793587
11636 4.791955
11640 4.645938
11644 4.586318
11648 4.747464
11652 4.962706
11656 4.947087
11660 4.749233
11664 4.607053
11668 4.776199
11672 4.915984
11676 4.836228
11680 4.648197
11684 4.578672
11688 4.691109
11692 4.847139
11696 4.835058
11700 4.737314
11704 4.776335
11708 4.895249
11712 4.887385
11716 4.737750
11720 4.623897
11724 4.675218
11728 4.827819
11732 4.842323
11736 4.747165
11740 4.710402
11744 4.843139
11748 4.976938
11752 4.886215
11756 4.677667
11760 4.602128
11764 4.709069
11768 4.817425
11772 4.789479
11776 4.726838
11780 4.741042
11784 4.851003
11788 4.911630
11792 4.827384
11796 4.724715
11800 4.761151
11804 4.852473
11808 4.791710
11812 4.650782
11816 4.624523
11820 4.752798
11824 4.892065
11828 4.885671
11832 4.809506
11836 4.771927
11840 4.794812
11844 4.804336
11848 4.733341
11852 4.675898
11856 4.726783
11860 4.841153
11864 4.877235
11868 4.820037
11872 4.792009
11876 4.847112
11880 4.867521
11884 4.767192
11888 4.649721
11892 4.655653
11896 4.776281
11900 4.864228
11904 4.806105
11908 4.737097
11912 4.780526
11916 4.875494
11920 4.872065
11924 4.772689
11928 4.727300
11932 4.774240
11936 4.822350
11940 4.754866
11944 4.682973
11948 4.755791
11952 4.891739
11956 4.935141
11960 4.828962
11964 4.714892
11968 4.717586
11972 4.789098
11976 4.784961
11980 4.695082
11984 4.690239
11988 4.824881
11992 4.948148
11996 4.875521
12000 4.737668
12004 4.744961
12008 4.826649
12012 4.834160
12016 4.708280
12020 4.607516
12024 4.667898
12028 4.836200
12032 4.922706
12036 4.802594
12040 4.679871
12044 4.741423
12048 4.886079
12052 4.876092
12056 4.720579
12060 4.632959
12064 4.718729
12068 4.831602
12072 4.830214
12076 4.748498
12080 4.763383
12084 4.903385
12088 4.969264
12092 4.820010
12096 4.616985
12100 4.597883
12104 4.745913
12108 4.846786
12112 4.759546
12116 4.685068
12120 4.772961
12124 4.936828
12128 4.930869
12132 4.747410
12136 4.617285
12140 4.684742
12144 4.804744
12148 4.797832
12152 4.694592
12156 4.658918
12160 4.799982
12164 4.957808
12168 4.877507
12172 4.661694
12176 4.651272
12180 4.788417
12184 4.856881
12188 4.731545
12192 4.603706
12196 4.610536
12200 4.808309
12204 4.974434
12208 4.906977
12212 4.753097
12216 4.687436
12220 4.767111
12224 4.774893
12228 4.638646
12232 4.569502
12236 4.693259
12240 4.849588
12244 4.813724
12248 4.712171
12252 4.706919
12256 4.809343
12260 4.883222
12264 4.760852
12268 4.617176
12272 4.601203
12276 4.744280
12280 4.838922
12284 4.776444
