0 4.738566
2 4.775274
4 4.828418
6 4.845044
8 4.833343
10 4.848908
12 4.909045
14 4.951468
16 4.921916
18 4.832853
20 4.748553
22 4.727545
24 4.766730
26 4.823166
28 4.863956
30 4.895603
32 4.950924
34 5.019850
36 5.035769
38 4.956720
40 4.821153
42 4.713613
44 4.684715
46 4.714293
48 4.754376
50 4.780472
52 4.809669
54 4.870868
56 4.947413
58 4.979958
60 4.932284
62 4.835711
64 4.764117
66 4.761532
68 4.804635
70 4.846024
72 4.869480
74 4.901807
76 4.967550
78 5.033837
80 5.032667
82 4.938815
84 4.804717
86 4.714865
88 4.703246
90 4.731164
92 4.748471
94 4.749097
96 4.772716
98 4.851466
100 4.947223
102 4.982054
104 4.921263
106 4.812445
108 4.739573
110 4.737722
112 4.774730
114 4.804962
116 4.820799
118 4.860500
120 4.937264
122 5.000857
124 4.989237
126 4.893127
128 4.778540
130 4.720797
132 4.725722
134 4.750049
136 4.763600
138 4.776961
140 4.825098
142 4.910733
144 4.975087
146 4.959904
148 4.877916
150 4.802458
152 4.789887
154 4.824445
156 4.858106
158 4.869317
160 4.878269
162 4.915005
164 4.964148
166 4.968121
168 4.897127
170 4.786240
172 4.703953
174 4.690021
176 4.723926
178 4.762376
180 4.787791
182 4.820799
184 4.887113
186 4.964720
188 4.994081
190 4.944910
192 4.850623
194 4.779601
196 4.770567
198 4.804717
200 4.844418
202 4.869589
204 4.893644
206 4.938543
208 4.977019
210 4.955849
212 4.863766
214 4.746457
216 4.669286
218 4.660877
220 4.699436
222 4.748580
224 4.790513
226 4.839656
228 4.907957
230 4.958625
232 4.945726
234 4.867113
236 4.769288
238 4.712661
240 4.720062
242 4.766294
244 4.816608
246 4.859929
248 4.909780
250 4.961046
252 4.973319
254 4.920039
256 4.817180
258 4.717668
260 4.671272
262 4.684089
264 4.731437
266 4.790812
268 4.860827
270 4.949427
272 5.033021
274 5.060150
276 5.003986
278 4.891276
280 4.786240
282 4.738920
284 4.747845
286 4.782648
288 4.823085
290 4.871711
292 4.930842
294 4.971332
296 4.954461
298 4.872038
300 4.757668
302 4.666728
304 4.635326
306 4.659272
308 4.715246
310 4.789968
312 4.883412
314 4.983850
316 5.046545
318 5.030354
320 4.940747
322 4.829044
324 4.753342
326 4.736961
328 4.762185
330 4.801343
332 4.846949
334 4.905617
336 4.961101
338 4.970897
340 4.909753
342 4.796608
344 4.682211
346 4.618319
348 4.625884
350 4.686293
352 4.769016
354 4.863847
356 4.970870
358 5.061701
360 5.081675
362 5.009292
364 4.881317
366 4.760362
368 4.694320
370 4.690021
372 4.727954
374 4.787166
376 4.865398
378 4.962162
380 5.036422
382 5.026599
384 4.922678
386 4.781914
388 4.673395
390 4.629802
392 4.642945
394 4.695028
396 4.783846
398 4.915957
400 5.066300
402 5.163145
404 5.145703
406 5.025510
408 4.867657
410 4.737532
412 4.669014
414 4.656578
416 4.684769
418 4.749505
420 4.851085
422 4.965183
424 5.034354
426 5.014707
428 4.916610
430 4.791329
432 4.692279
434 4.646156
436 4.649394
438 4.690102
440 4.769397
442 4.895603
444 5.042925
446 5.134682
448 5.110002
450 4.985265
452 4.832146
454 4.714620
456 4.656496
458 4.650156
460 4.682891
462 4.756281
464 4.873235
466 4.997673
468 5.059742
470 5.021292
472 4.910515
474 4.788581
476 4.695001
478 4.640741
480 4.630754
482 4.673041
484 4.776281
486 4.929998
488 5.072314
490 5.123145
492 5.059007
494 4.924284
496 4.786812
498 4.684660
500 4.619761
502 4.590890
504 4.610808
506 4.693041
508 4.823139
510 4.951332
512 5.021592
514 5.007714
516 4.933672
518 4.847656
520 4.781451
522 4.742620
524 4.732498
526 4.762947
528 4.845316
530 4.962080
532 5.060640
534 5.080396
536 5.007360
538 4.888229
540 4.775437
542 4.693531
544 4.647925
546 4.637421
548 4.664116
550 4.735600
552 4.845126
554 4.953210
556 5.006544
558 4.986571
560 4.921971
562 4.845861
564 4.777805
566 4.732716
568 4.722484
570 4.759111
572 4.847139
574 4.962325
576 5.046055
578 5.046490
580 4.970325
582 4.869235
584 4.778975
586 4.709640
588 4.662292
590 4.641476
592 4.663816
594 4.742757
596 4.856310
598 4.946788
600 4.973945
602 4.952230
604 4.912011
606 4.859820
608 4.799220
610 4.744035
612 4.718430
614 4.746784
616 4.826296
618 4.915930
620 4.965917
622 4.958924
624 4.913263
626 4.848201
628 4.775764
630 4.708252
632 4.659680
634 4.646972
636 4.681694
638 4.753287
640 4.838432
642 4.916773
644 4.976883
646 5.010490
648 5.003932
650 4.955278
652 4.883684
654 4.825452
656 4.807710
658 4.825887
660 4.857643
662 4.884691
664 4.897481
666 4.897181
668 4.889372
670 4.869181
672 4.828418
674 4.771982
676 4.727028
678 4.722593
680 4.763274
682 4.831656
684 4.898297
686 4.940284
688 4.956475
690 4.954842
692 4.933699
694 4.891249
696 4.838840
698 4.798703
700 4.784281
702 4.796798
704 4.833751
706 4.871494
708 4.888637
710 4.888936
712 4.870650
714 4.829479
716 4.776145
718 4.732824
720 4.722402
722 4.747981
724 4.796390
726 4.855956
728 4.909345
730 4.946842
732 4.966652
734 4.952747
736 4.902651
738 4.834568
740 4.771873
742 4.733450
744 4.725940
746 4.748580
748 4.788771
750 4.824255
752 4.849697
754 4.865915
756 4.858405
758 4.822404
760 4.769805
762 4.723273
764 4.707110
766 4.729777
768 4.787982
770 4.866051
772 4.940529
774 5.001020
776 5.033728
778 5.015442
780 4.945835
782 4.847493
784 4.756417
786 4.705232
788 4.697803
790 4.725885
792 4.775628
794 4.829098
796 4.872854
798 4.889943
800 4.869915
802 4.823221
804 4.772199
806 4.740797
808 4.737750
810 4.758376
812 4.804690
814 4.873262
816 4.944964
818 4.994163
820 4.995986
822 4.943032
824 4.857752
826 4.779438
828 4.737886
830 4.730920
832 4.745423
834 4.779410
836 4.830377
838 4.887113
840 4.931794
842 4.940475
844 4.904147
846 4.841371
848 4.787193
850 4.766512
852 4.778540
854 4.817289
856 4.877970
858 4.946080
860 5.000340
862 5.022218
864 4.994462
866 4.916447
868 4.815411
870 4.726103
872 4.665667
874 4.640115
876 4.656905
878 4.713613
880 4.793451
882 4.874841
884 4.930053
886 4.933454
888 4.887004
890 4.824010
892 4.777261
894 4.756906
896 4.763900
898 4.801179
900 4.867249
902 4.947386
904 5.012585
906 5.024367
908 4.962407
910 4.852582
912 4.748525
914 4.682701
916 4.657204
918 4.663816
920 4.696742
922 4.757750
924 4.843738
926 4.927848
928 4.967768
930 4.941291
932 4.874133
934 4.811220
936 4.774050
938 4.761396
940 4.765260
942 4.788934
944 4.845071
946 4.925617
948 4.988938
950 4.992231
952 4.931495
954 4.844446
956 4.768009
958 4.712144
960 4.683055
962 4.688143
964 4.734185
966 4.819792
968 4.916937
970 4.982734
972 4.994190
974 4.963985
976 4.922950
978 4.884093
980 4.841017
982 4.798213
984 4.779410
986 4.809996
988 4.884174
990 4.954652
992 4.973264
994 4.926760
996 4.841561
998 4.760770
1000 4.704878
1002 4.670401
1004 4.649421
1006 4.646347
1008 4.686075
1010 4.782376
1012 4.901943
1014 4.988095
1016 5.003632
1018 4.961699
1020 4.902106
1022 4.847793
1024 4.811629
1026 4.794594
1028 4.799003
1030 4.837316
1032 4.896855
1034 4.935332
1036 4.924774
1038 4.868990
1040 4.800336
1042 4.745831
1044 4.707218
1046 4.687926
1048 4.694919
1050 4.736117
1052 4.815411
1054 4.908773
1056 4.976366
1058 4.993591
1060 4.961781
1062 4.906977
1064 4.849752
1066 4.797261
1068 4.760553
1070 4.750131
1072 4.769805
1074 4.812173
1076 4.855874
1078 4.879929
1080 4.874433
1082 4.847439
1084 4.820500
1086 4.800200
1088 4.779438
1090 4.759274
1092 4.755519
1094 4.787138
1096 4.853072
1098 4.925427
1100 4.968366
1102 4.966788
1104 4.936910
1106 4.903930
1108 4.874405
1110 4.843384
1112 4.809016
1114 4.780635
1116 4.779165
1118 4.813343
1120 4.859303
1122 4.880854
1124 4.864419
1126 4.826078
1128 4.785642
1130 4.754947
1132 4.738675
1134 4.738430
1136 4.756988
1138 4.796254
1140 4.857453
1142 4.927413
1144 4.980720
1146 5.001809
1148 4.988421
1150 4.941209
1152 4.870351
1154 4.796173
1156 4.742430
1158 4.725477
1160 4.748716
1162 4.791383
1164 4.822758
1166 4.832826
1168 4.838622
1170 4.845969
1172 4.843711
1174 4.824037
1176 4.791846
1178 4.770349
1180 4.782186
1182 4.828636
1184 4.885807
1186 4.924393
1188 4.939604
1190 4.941046
1192 4.923794
1194 4.882487
1196 4.824173
1198 4.764607
1200 4.726838
1202 4.723409
1204 4.750675
1206 4.791057
1208 4.826051
1210 4.851983
1212 4.870705
1214 4.874950
1216 4.860745
1218 4.831901
1220 4.803302
1222 4.796309
1224 4.819302
1226 4.865317
1228 4.918188
1230 4.961427
1232 4.983605
1234 4.976013
1236 4.937590
1238 4.879331
1240 4.813914
1242 4.758403
1244 4.729804
1246 4.730321
1248 4.750675
1250 4.776417
1252 4.800526
1254 4.825942
1256 4.848228
1258 4.857942
1260 4.849588
1262 4.821289
1264 4.788145
1266 4.779002
1268 4.814649
1270 4.887902
1272 4.957237
1274 4.984149
1276 4.971604
1278 4.937862
1280 4.894868
1282 4.843874
1284 4.783029
1286 4.723001
1288 4.679109
1290 4.674674
1292 4.725831
1294 4.809642
1296 4.888746
1298 4.938543
1300 4.940747
1302 4.905317
1304 4.865698
1306 4.845670
1308 4.840854
1310 4.836581
1312 4.836636
1314 4.852881
1316 4.884691
1318 4.920882
1320 4.939114
1322 4.915930
1324 4.857779
1326 4.792771
1328 4.746294
1330 4.726783
1332 4.730212
1334 4.754893
1336 4.795193
1338 4.840173
1340 4.884637
1342 4.918243
1344 4.931631
1346 4.925399
1348 4.903004
1350 4.870568
1352 4.838269
1354 4.821969
1356 4.832935
1358 4.864038
1360 4.898759
1362 4.921971
1364 4.916719
1366 4.880691
1368 4.827438
1370 4.772417
1372 4.725423
1374 4.691790
1376 4.681286
1378 4.704769
1380 4.763356
1382 4.845316
1384 4.923957
1386 4.967115
1388 4.960094
1390 4.915984
1392 4.862949
1394 4.816336
1396 4.782485
1398 4.773669
1400 4.805615
1402 4.872582
1404 4.939032
1406 4.961155
1408 4.924447
1410 4.852582
1412 4.778920
1414 4.722457
1416 4.681939
1418 4.656877
1420 4.666048
1422 4.732607
1424 4.849208
1426 4.966489
1428 5.029102
1430 5.023306
1432 4.972666
1434 4.906596
1436 4.840609
1438 4.780689
1440 4.741668
1442 4.743355
1444 4.789887
1446 4.855765
1448 4.906297
1450 4.924066
1452 4.910950
1454 4.880038
1456 4.842214
1458 4.795247
1460 4.737804
1462 4.694320
1464 4.699681
1466 4.765260
1468 4.864337
1470 4.952692
1472 4.999741
1474 5.001319
1476 4.973781
1478 4.938134
1480 4.893725
1482 4.830677
1484 4.769369
1486 4.751954
1488 4.797016
1490 4.876310
1492 4.938298
1494 4.949890
1496 4.910678
1498 4.846405
1500 4.790649
1502 4.747736
1504 4.705559
1506 4.670864
1508 4.670619
1510 4.728743
1512 4.833751
1514 4.937645
1516 4.999170
1518 5.009836
1520 4.983033
1522 4.932420
1524 4.864174
1526 4.786948
1528 4.726375
1530 4.713232
1532 4.753668
1534 4.817724
1536 4.862759
1538 4.872283
1540 4.862813
1542 4.855684
1544 4.847738
1546 4.821751
1548 4.778866
1550 4.750212
1552 4.768145
1554 4.830541
1556 4.902624
1558 4.949073
1560 4.960774
1562 4.953128
1564 4.937563
1566 4.902406
1568 4.835411
1570 4.755056
1572 4.704933
1574 4.713912
1576 4.767328
1578 4.825479
1580 4.859983
1582 4.872011
1584 4.881181
1586 4.894814
1588 4.892065
1590 4.851793
1592 4.788336
1594 4.746240
1596 4.760770
1598 4.825289
1600 4.904311
1602 4.963876
1604 4.992285
1606 5.002081
1608 4.991169
1610 4.942896
1612 4.862432
1614 4.777397
1616 4.719872
1618 4.708525
1620 4.731899
1622 4.764281
1624 4.794948
1626 4.835221
1628 4.890106
1630 4.931794
1632 4.921780
1634 4.857480
1636 4.780689
1638 4.744552
1640 4.766049
1642 4.818568
1644 4.866868
1646 4.900311
1648 4.934651
1650 4.975115
1652 4.989156
1654 4.943577
1656 4.845616
1658 4.739627
1660 4.677014
1662 4.674919
1664 4.710946
1666 4.758158
1668 4.809479
1670 4.872473
1672 4.942597
1674 4.989537
1676 4.987795
1678 4.940257
1680 4.875902
1682 4.829534
1684 4.812118
1686 4.811329
1688 4.820826
1690 4.844827
1692 4.886977
1694 4.932747
1696 4.946951
1698 4.905562
1700 4.820935
1702 4.739246
1704 4.696388
1706 4.684878
1708 4.686483
1710 4.702837
1712 4.749695
1714 4.835547
1716 4.933971
1718 4.989237
1720 4.966461
1722 4.886106
1724 4.812282
1726 4.784880
1728 4.787084
1730 4.794159
1732 4.809370
1734 4.852663
1736 4.924774
1738 4.978571
1740 4.962353
1742 4.878160
1744 4.776281
1746 4.710729
1748 4.690592
1750 4.688851
1752 4.694320
1754 4.721396
1756 4.786594
1758 4.877834
1760 4.950053
1762 4.964720
1764 4.923685
1766 4.865562
1768 4.828173
1770 4.816826
1772 4.814976
1774 4.811955
1776 4.816472
1778 4.844010
1780 4.886324
1782 4.914542
1784 4.909671
1786 4.873752
1788 4.827057
1790 4.793125
1792 4.777233
1794 4.773832
1796 4.781995
1798 4.811003
1800 4.868881
1802 4.938842
1804 4.986108
1806 4.986462
1808 4.944284
1810 4.891521
1812 4.853915
1814 4.826350
1816 4.795356
1818 4.763900
1820 4.759355
1822 4.798349
1824 4.856337
1826 4.891004
1828 4.879113
1830 4.831493
1832 4.781696
1834 4.752961
1836 4.745831
1838 4.747899
1840 4.755138
1842 4.786404
1844 4.847901
1846 4.907739
1848 4.932066
1850 4.916746
1852 4.886569
1854 4.872800
1856 4.869698
1858 4.853425
1860 4.821942
1862 4.799819
1864 4.811329
1866 4.844690
1868 4.862242
1870 4.843738
1872 4.801016
1874 4.766186
1876 4.764716
1878 4.786050
1880 4.799737
1882 4.797941
1884 4.806186
1886 4.850623
1888 4.914651
1890 4.953291
1892 4.944801
1894 4.909181
1896 4.879820
1898 4.867004
1900 4.852038
1902 4.818323
1904 4.779029
1906 4.766594
1908 4.795002
1910 4.833234
1912 4.840010
1914 4.810785
1916 4.778975
1918 4.777642
1920 4.802132
1922 4.824282
1924 4.830704
1926 4.835683
1928 4.864228
1930 4.919984
1932 4.970815
1934 4.981319
1936 4.945536
1938 4.888256
1940 4.839085
1942 4.806839
1944 4.786893
1946 4.775301
1948 4.777097
1950 4.802649
1952 4.845017
1954 4.878786
1956 4.885480
1958 4.869126
1960 4.849480
1962 4.836745
1964 4.819683
1966 4.793397
1968 4.772961
1970 4.784798
1972 4.843956
1974 4.925372
1976 4.980421
1978 4.979550
1980 4.935549
1982 4.890406
1984 4.866596
1986 4.847085
1988 4.813425
1990 4.771084
1992 4.753968
1994 4.790540
1996 4.858704
1998 4.904447
2000 4.895140
2002 4.848500
2004 4.810078
2006 4.792445
2008 4.783955
2010 4.782648
2012 4.787547
2014 4.808499
2016 4.856283
2018 4.910052
2020 4.932883
2022 4.908011
2024 4.857589
2026 4.819738
2028 4.800254
2030 4.780989
2032 4.752063
2034 4.727736
2036 4.736661
2038 4.784036
2040 4.841752
2042 4.876827
2044 4.879222
2046 4.871657
2048 4.878705
2050 4.891304
2052 4.886460
2054 4.858487
2056 4.833098
2058 4.847003
2060 4.895576
2062 4.933481
2064 4.928093
2066 4.891304
2068 4.859058
2070 4.841262
2072 4.814622
2074 4.769233
2076 4.726076
2078 4.716253
2080 4.752444
2082 4.812091
2084 4.860881
2086 4.882814
2088 4.884582
2090 4.882705
2092 4.880147
2094 4.855412
2096 4.804554
2098 4.758512
2100 4.754349
2102 4.803574
2104 4.879902
2106 4.944583
2108 4.969781
2110 4.950788
2112 4.909154
2114 4.863439
2116 4.810132
2118 4.749777
2120 4.697694
2122 4.680633
2124 4.711681
2126 4.776145
2128 4.846759
2130 4.899304
2132 4.926624
2134 4.935250
2136 4.920229
2138 4.873398
2140 4.812527
2142 4.771900
2144 4.775492
2146 4.817942
2148 4.872092
2150 4.910052
2152 4.921726
2154 4.917100
2156 4.906651
2158 4.882079
2160 4.830268
2162 4.757859
2164 4.694211
2166 4.674238
2168 4.713668
2170 4.796962
2172 4.888229
2174 4.961618
2176 5.012721
2178 5.035742
2180 5.013700
2182 4.941808
2184 4.846432
2186 4.770050
2188 4.741532
2190 4.762594
2192 4.814323
2194 4.872283
2196 4.919957
2198 4.950706
2200 4.950951
2202 4.902923
2204 4.808118
2206 4.701286
2208 4.630727
2210 4.620496
2212 4.661204
2214 4.731954
2216 4.820472
2218 4.918216
2220 5.000966
2222 5.031987
2224 4.988884
2226 4.889780
2228 4.787329
2230 4.723817
2232 4.703790
2234 4.721858
2236 4.773288
2238 4.853725
2240 4.945971
2242 5.004693
2244 4.995714
2246 4.919930
2248 4.806241
2250 4.702266
2252 4.645693
2254 4.641476
2256 4.680578
2258 4.758294
2260 4.869725
2262 4.990652
2264 5.073593
2266 5.083416
2268 5.017537
2270 4.905834
2272 4.793206
2274 4.711899
2276 4.677095
2278 4.693259
2280 4.753260
2282 4.840173
2284 4.928202
2286 4.986761
2288 4.992340
2290 4.939685
2292 4.851521
2294 4.766430
2296 4.706729
2298 4.680823
2300 4.699490
2302 4.772471
2304 4.892338
2306 5.021102
2308 5.105784
2310 5.106056
2312 5.014898
2314 4.874242
2316 4.745233
2318 4.658292
2320 4.620713
2322 4.633802
2324 4.698375
2326 4.809180
2328 4.938543
2330 5.038681
2332 5.063144
2334 4.994897
2336 4.865072
2338 4.730566
2340 4.630700
2342 4.583951
2344 4.597094
2346 4.671245
2348 4.802948
2350 4.963740
2352 5.092994
2354 5.131825
2356 5.063497
2358 4.931876
2360 4.796036
2362 4.692470
2364 4.633503
2366 4.625339
2368 4.680334
2370 4.794866
2372 4.930352
2374 5.032395
2376 5.058273
2378 5.006816
2380 4.911059
2382 4.801832
2384 4.707899
2386 4.653558
2388 4.657966
2390 4.733396
2392 4.862840
2394 4.998108
2396 5.082219
2398 5.084015
2400 5.016449
2402 4.908420
2404 4.782023
2406 4.662701
2408 4.582808
2410 4.576168
2412 4.651626
2414 4.776825
2416 4.905454
2418 5.000312
2420 5.042517
2422 5.030463
2424 4.965563
2426 4.859766
2428 4.747709
2430 4.671925
2432 4.671599
2434 4.756471
2436 4.890242
2438 5.019741
2440 5.099525
2442 5.106573
2444 5.041755
2446 4.917780
2448 4.770213
2450 4.646347
2452 4.579679
2454 4.588876
2456 4.667000
2458 4.783737
2460 4.906324
2462 5.006136
2464 5.061157
2466 5.053728
2468 4.968666
2470 4.827738
2472 4.690783
2474 4.617258
2476 4.639544
2478 4.739845
2480 4.869453
2482 4.985156
2484 5.058327
2486 5.079171
2488 5.041157
2490 4.939631
2492 4.800962
2494 4.671245
2496 4.593257
2498 4.591624
2500 4.659517
2502 4.769777
2504 4.892174
2506 4.998244
2508 5.063987
2510 5.064722
2512 4.986571
2514 4.853888
2516 4.723436
2518 4.655163
2520 4.668823
2522 4.737151
2524 4.830377
2526 4.923086
2528 4.990707
2530 5.018190
2532 4.991795
2534 4.907712
2536 4.786322
2538 4.671327
2540 4.611053
2542 4.625992
2544 4.698348
2546 4.796744
2548 4.898651
2550 4.993482
2552 5.063987
2554 5.073919
2556 5.002489
2558 4.877698
2560 4.766294
2562 4.720525
2564 4.737532
2566 4.789560
2568 4.855031
2570 4.923658
2572 4.987006
2574 5.021320
2576 4.995768
2578 4.903358
2580 4.775492
2582 4.669830
2584 4.631843
2586 4.658510
2588 4.724661
2590 4.809751
2592 4.904583
2594 4.995823
2596 5.047524
2598 5.029646
2600 4.944883
2602 4.827139
2604 4.727300
2606 4.676252
2608 4.678075
2610 4.732797
2612 4.825207
2614 4.930107
2616 5.017265
2618 5.046545
2620 5.000721
2622 4.895004
2624 4.775519
2626 4.694946
2628 4.662265
2630 4.670946
2632 4.722974
2634 4.818105
2636 4.941808
2638 5.054817
2640 5.107471
2642 5.075307
2644 4.970652
2646 4.842078
2648 4.739818
2650 4.681803
2652 4.671980
2654 4.707763
2656 4.781288
2658 4.873480
2660 4.949645
2662 4.981564
2664 4.962325
2666 4.902351
2668 4.826377
2670 4.757723
2672 4.711491
2674 4.705096
2676 4.748008
2678 4.830132
2680 4.923413
2682 4.993945
2684 5.019306
2686 4.995578
2688 4.930597
2690 4.842922
2692 4.758539
2694 4.702892
2696 4.692579
2698 4.727763
2700 4.795438
2702 4.871140
2704 4.925536
2706 4.945209
2708 4.926379
2710 4.870405
2712 4.793343
2714 4.722702
2716 4.680279
2718 4.675735
2720 4.709885
2722 4.775138
2724 4.858051
2726 4.931740
2728 4.968611
2730 4.960910
2732 4.925808
2734 4.883494
2736 4.835411
2738 4.781261
2740 4.733858
2742 4.725368
2744 4.775165
2746 4.853752
2748 4.905834
2750 4.907168
2752 4.881644
2754 4.863303
2756 4.855248
2758 4.841262
2760 4.816799
2762 4.793860
2764 4.804744
2766 4.863929
2768 4.935250
2770 4.972938
2772 4.965700
2774 4.934815
2776 4.899413
2778 4.852990
2780 4.785642
2782 4.715654
2784 4.679925
2786 4.703082
2788 4.772335
2790 4.842813
2792 4.881290
2794 4.890215
2796 4.894188
2798 4.906324
2800 4.907603
2802 4.877399
2804 4.825806
2806 4.792145
2808 4.812254
2810 4.875412
2812 4.932012
2814 4.949155
2816 4.935876
2818 4.919576
2820 4.903222
2822 4.865861
2824 4.809561
2826 4.762458
2828 4.754185
2830 4.791438
2832 4.847439
2834 4.888718
2836 4.902433
2838 4.896011
2840 4.883467
2842 4.862541
2844 4.821370
2846 4.767410
2848 4.730620
2850 4.738648
2852 4.793043
2854 4.867221
2856 4.927087
2858 4.949726
2860 4.935304
2862 4.902542
2864 4.862432
2866 4.812254
2868 4.756988
2870 4.716389
2872 4.717695
2874 4.768934
2876 4.841588
2878 4.897154
2880 4.917889
2882 4.917644
2884 4.916610
2886 4.905807
2888 4.862704
2890 4.796200
2892 4.753940
2894 4.777233
2896 4.848554
2898 4.916828
2900 4.933645
2902 4.903249
2904 4.874922
2906 4.877698
2908 4.879902
2910 4.840337
2912 4.761288
2914 4.686619
2916 4.664306
2918 4.716770
2920 4.811493
2922 4.879004
2924 4.905127
2926 4.916066
2928 4.926978
2930 4.923522
2932 4.890378
2934 4.836200
2936 4.793370
2938 4.786159
2940 4.813914
2942 4.856038
2944 4.891576
2946 4.910215
2948 4.916120
2950 4.915277
2952 4.900419
2954 4.855521
2956 4.787193
2958 4.737260
2960 4.740444
2962 4.788145
2964 4.840962
2966 4.870949
2968 4.884963
2970 4.900909
2972 4.914814
2974 4.901644
2976 4.847493
2978 4.777342
2980 4.738022
2982 4.753423
2984 4.803710
2986 4.850187
2988 4.878705
2990 4.901943
2992 4.921345
2994 4.917127
2996 4.868065
2998 4.781696
3000 4.702184
3002 4.668524
3004 4.682130
3006 4.727681
3008 4.792826
3010 4.872500
3012 4.958053
3014 5.017782
3016 5.018435
3018 4.956611
3020 4.860391
3022 4.773424
3024 4.723382
3026 4.719300
3028 4.759437
3030 4.821806
3032 4.883358
3034 4.924610
3036 4.929372
3038 4.898242
3040 4.835547
3042 4.754240
3044 4.687381
3046 4.660224
3048 4.681694
3050 4.742893
3052 4.819792
3054 4.893372
3056 4.956284
3058 4.996367
3060 4.995659
3062 4.941998
3064 4.857208
3066 4.788308
3068 4.760090
3070 4.773288
3072 4.810050
3074 4.848201
3076 4.895032
3078 4.951060
3080 4.987469
3082 4.975822
3084 4.908664
3086 4.813969
3088 4.732770
3090 4.687109
3092 4.693803
3094 4.745233
3096 4.813261
3098 4.893562
3100 4.974570
3102 5.025837
3104 5.020639
3106 4.954080
3108 4.856772
3110 4.765369
3112 4.706919
3114 4.690919
3116 4.712606
3118 4.775873
3120 4.873752
3122 4.966815
3124 5.009891
3126 4.978434
3128 4.891031
3130 4.800309
3132 4.742348
3134 4.724470
3136 4.735518
3138 4.766485
3140 4.833915
3142 4.947713
3144 5.061946
3146 5.103743
3148 5.048014
3150 4.927277
3152 4.794812
3154 4.685286
3156 4.614727
3158 4.590890
3160 4.620550
3162 4.708089
3164 4.830377
3166 4.938434
3168 4.991986
3170 4.979768
3172 4.909045
3174 4.806295
3176 4.711491
3178 4.651598
3180 4.637503
3182 4.674837
3184 4.762077
3186 4.878378
3188 4.985183
3190 5.042381
3192 5.026762
3194 4.943250
3196 4.826241
3198 4.725341
3200 4.672714
3202 4.672442
3204 4.716089
3206 4.793397
3208 4.889508
3210 4.979632
3212 5.030844
3214 5.017728
3216 4.941971
3218 4.833806
3220 4.731246
3222 4.661503
3224 4.643816
3226 4.688824
3228 4.787193
3230 4.911032
3232 5.022762
3234 5.084232
3236 5.068559
3238 4.980339
3240 4.855874
3242 4.739763
3244 4.659898
3246 4.622183
3248 4.624659
3250 4.676796
3252 4.783438
3254 4.916175
3256 5.031170
3258 5.079634
3260 5.039551
3262 4.934107
3264 4.818323
3266 4.738158
3268 4.701749
3270 4.711219
3272 4.783302
3274 4.891467
3276 5.008122
3278 5.073321
3280 5.048613
3282 4.954924
3284 4.830622
3286 4.708252
3288 4.609584
3290 4.554644
3292 4.564195
3294 4.641394
3296 4.770376
3298 4.906814
3300 4.998897
3302 5.024068
3304 4.989074
3306 4.907630
3308 4.802622
3310 4.701477
3312 4.630863
3314 4.627054
3316 4.698946
3318 4.821098
3320 4.946760
3322 5.031279
3324 5.047960
3326 4.994108
3328 4.889807
3330 4.768172
3332 4.663843
3334 4.605611
3336 4.607543
3338 4.665367
3340 4.765124
3342 4.888800
3344 5.003034
3346 5.060341
3348 5.029537
3350 4.926760
3352 4.804064
3354 4.706647
3356 4.656714
3358 4.660143
3360 4.713994
3362 4.808989
3364 4.923604
3366 5.018000
3368 5.045266
3370 4.986326
3372 4.871575
3374 4.751029
3376 4.658347
3378 4.609693
3380 4.615217
3382 4.675735
3384 4.782322
3386 4.915603
3388 5.041919
3390 5.118873
3392 5.112859
3394 5.024803
3396 4.891902
3398 4.767437
3400 4.699082
3402 4.702375
3404 4.756362
3406 4.829262
3408 4.904528
3410 4.974407
3412 5.017184
3414 5.006816
3416 4.939658
3418 4.837452
3420 4.729804
3422 4.647789
3424 4.612632
3426 4.634863
3428 4.736443
3430 4.853371
3432 4.978407
3434 5.063661
3436 5.066382
3438 4.986135
3440 4.860772
3442 4.742729
3444 4.674238
3446 4.665122
3448 4.694701
3450 4.746131
3452 4.826704
3454 4.929508
3456 5.010734
3458 5.025320
3460 4.965400
3462 4.859167
3464 4.751246
3466 4.683762
3468 4.674810
3470 4.711246
3472 4.770512
3474 4.843085
3476 4.922597
3478 4.985455
3480 5.001755
3482 4.961890
3484 4.882324
3486 4.794812
3488 4.726593
3490 4.691654
3492 4.695381
3494 4.734566
3496 4.795220
3498 4.854160
3500 4.890923
3502 4.902406
3504 4.893208
3506 4.864664
3508 4.821996
3510 4.775437
3512 4.740743
3514 4.736879
3516 4.771791
3518 4.832092
3520 4.891440
3522 4.932093
3524 4.950842
3526 4.945563
3528 4.914216
3530 4.859521
3532 4.793451
3534 4.740416
3536 4.724008
3538 4.748253
3540 4.795302
3542 4.839330
3544 4.864364
3546 4.875875
3548 4.879358
3550 4.873344
3552 4.851466
3554 4.813806
3556 4.775982
3558 4.756226
3560 4.762049
3562 4.789261
3564 4.827847
3566 4.874160
3568 4.912256
3570 4.927712
3572 4.916365
3574 4.881589
3576 4.843466
3578 4.827602
3580 4.837262
3582 4.850786
3584 4.848337
3586 4.835847
3588 4.836146
3590 4.855847
3592 4.873344
3594 4.865970
3596 4.839493
3598 4.821969
3600 4.830241
3602 4.854106
3604 4.872473
3606 4.875929
3608 4.869480
3610 4.864174
3612 4.861262
3614 4.854269
3616 4.842405
3618 4.828010
3620 4.809941
3622 4.788091
3624 4.769560
3626 4.764117
3628 4.772281
3630 4.784009
3632 4.792635
3634 4.800853
3636 4.816037
3638 4.842622
3640 4.871167
3642 4.884256
3644 4.877916
3646 4.865970
3648 4.861371
3650 4.859112
3652 4.846514
3654 4.829071
3656 4.821887
3658 4.828282
3660 4.838377
3662 4.837262
3664 4.822894
3666 4.812200
3668 4.818459
3670 4.833452
3672 4.835439
3674 4.817316
3676 4.799520
3678 4.801288
3680 4.816908
3682 4.830268
3684 4.825833
3686 4.810023
3688 4.807411
3690 4.827847
3692 4.855439
3694 4.864337
3696 4.849425
3698 4.834785
3700 4.839439
3702 4.851548
3704 4.849235
3706 4.830323
3708 4.812989
3710 4.817533
3712 4.840582
3714 4.861698
3716 4.860500
3718 4.834922
3720 4.807275
3722 4.800989
3724 4.818132
3726 4.846541
3728 4.869752
3730 4.883902
3732 4.893263
3734 4.897290
3736 4.894052
3738 4.876147
3740 4.840990
3742 4.796853
3744 4.757287
3746 4.741069
3748 4.749641
3750 4.771165
3752 4.796880
3754 4.821915
3756 4.847520
3758 4.873072
3760 4.887793
3762 4.883603
3764 4.862215
3766 4.833643
3768 4.813016
3770 4.807438
3772 4.816363
3774 4.834813
3776 4.856364
3778 4.879820
3780 4.900773
3782 4.907113
3784 4.890433
3786 4.852065
3788 4.804472
3790 4.764825
3792 4.741586
3794 4.735763
3796 4.746294
3798 4.774676
3800 4.823030
3802 4.881127
3804 4.923413
3806 4.924801
3808 4.883331
3810 4.824527
3812 4.775165
3814 4.742784
3816 4.725287
3818 4.721722
3820 4.742702
3822 4.802404
3824 4.883603
3826 4.943985
3828 4.947604
3830 4.897018
3832 4.832309
3834 4.785315
3836 4.753913
3838 4.727736
3840 4.712987
3842 4.734484
3844 4.807112
3846 4.907032
3848 4.984802
3850 5.001673
3852 4.961101
3854 4.902243
3856 4.855330
3858 4.823629
3860 4.803084
3862 4.794758
3864 4.809343
3866 4.848772
3868 4.893399
3870 4.917998
3872 4.912692
3874 4.888338
3876 4.858840
3878 4.822187
3880 4.777179
3882 4.743137
3884 4.747736
3886 4.799193
3888 4.875412
3890 4.942597
3892 4.980339
3894 4.985754
3896 4.966951
3898 4.934542
3900 4.890814
3902 4.831765
3904 4.768988
3906 4.737831
3908 4.762757
3910 4.829098
3912 4.900855
3914 4.946488
3916 4.947631
3918 4.910733
3920 4.858541
3922 4.804635
3924 4.748444
3926 4.691327
3928 4.657258
3930 4.677721
3932 4.756498
3934 4.864228
3936 4.952502
3938 4.983360
3940 4.954869
3942 4.891902
3944 4.819792
3946 4.749859
3948 4.691871
3950 4.668306
3952 4.695626
3954 4.763873
3956 4.846350
3958 4.910977
3960 4.936393
3962 4.929073
3964 4.896202
3966 4.838758
3968 4.773424
3970 4.731437
3972 4.735137
3974 4.778349
3976 4.842568
3978 4.912148
3980 4.961319
3982 4.978489
3984 4.965591
3986 4.919413
3988 4.843792
3990 4.764090
3992 4.708525
3994 4.690293
3996 4.707953
3998 4.755002
4000 4.819901
4002 4.882297
4004 4.926270
4006 4.945101
4008 4.932284
4010 4.890378
4012 4.833180
4014 4.778866
4016 4.748308
4018 4.758702
4020 4.811737
4022 4.885861
4024 4.947495
4026 4.977564
4028 4.973809
4030 4.937998
4032 4.877643
4034 4.806159
4036 4.738566
4038 4.701558
4040 4.717287
4042 4.780172
4044 4.860664
4046 4.929182
4048 4.973809
4050 4.988720
4052 4.961972
4054 4.893943
4056 4.807057
4058 4.733341
4060 4.704769
4062 4.719083
4064 4.759791
4066 4.813316
4068 4.873725
4070 4.932774
4072 4.969047
4074 4.961019
4076 4.903113
4078 4.812363
4080 4.732280
4082 4.697722
4084 4.707463
4086 4.744634
4088 4.793887
4090 4.849180
4092 4.907086
4094 4.954162
4096 4.972121
4098 4.945699
4100 4.876936
4102 4.800880
4104 4.758376
4106 4.760607
4108 4.794377
4110 4.836364
4112 4.870269
4114 4.896474
4116 4.912746
4118 4.903086
4120 4.854949
4122 4.779165
4124 4.711355
4126 4.679735
4128 4.688524
4130 4.730076
4132 4.788961
4134 4.855820
4136 4.927359
4138 4.977292
4140 4.976883
4142 4.923903
4144 4.843085
4146 4.771356
4148 4.730920
4150 4.723736
4152 4.746348
4154 4.795819
4156 4.870868
4158 4.951604
4160 4.995278
4162 4.980666
4164 4.916610
4166 4.831983
4168 4.764390
4170 4.726239
4172 4.713069
4174 4.727409
4176 4.781451
4178 4.876609
4180 4.971795
4182 5.013510
4184 4.985890
4186 4.902841
4188 4.801914
4190 4.726892
4192 4.698511
4194 4.701667
4196 4.715817
4198 4.750729
4200 4.818948
4202 4.900447
4204 4.958570
4206 4.971387
4208 4.930760
4210 4.849616
4212 4.767682
4214 4.724253
4216 4.722294
4218 4.749151
4220 4.798948
4222 4.868364
4224 4.943658
4226 5.002734
4228 5.019496
4230 4.975006
4232 4.884827
4234 4.794513
4236 4.734212
4238 4.707327
4240 4.709831
4242 4.741505
4244 4.803601
4246 4.883276
4248 4.950107
4250 4.968502
4252 4.924774
4254 4.847085
4256 4.775682
4258 4.727056
4260 4.702021
4262 4.705803
4264 4.750920
4266 4.836364
4268 4.932093
4270 4.994054
4272 4.990925
4274 4.929590
4276 4.846813
4278 4.770811
4280 4.708225
4282 4.668034
4284 4.669585
4286 4.727300
4288 4.827602
4290 4.930733
4292 4.997156
4294 5.006979
4296 4.960883
4298 4.882405
4300 4.800363
4302 4.740688
4304 4.713504
4306 4.719219
4308 4.760253
4310 4.830132
4312 4.898977
4314 4.941345
4316 4.944883
4318 4.906215
4320 4.838622
4322 4.766730
4324 4.717341
4326 4.700552
4328 4.714620
4330 4.757505
4332 4.819139
4334 4.881018
4336 4.927712
4338 4.948992
4340 4.941862
4342 4.912011
4344 4.868310
4346 4.820091
4348 4.780091
4350 4.766947
4352 4.798730
4354 4.865344
4356 4.932556
4358 4.969808
4360 4.966407
4362 4.932284
4364 4.883820
4366 4.829779
4368 4.772907
4370 4.717287
4372 4.687708
4374 4.712334
4376 4.782404
4378 4.864881
4380 4.926760
4382 4.948638
4384 4.933182
4386 4.893916
4388 4.845180
4390 4.791791
4392 4.739219
4394 4.711164
4396 4.727382
4398 4.780118
4400 4.846269
4402 4.899494
4404 4.922651
4406 4.913617
4408 4.876909
4410 4.825996
4412 4.776580
4414 4.741967
4416 4.740933
4418 4.780662
4420 4.838650
4422 4.889236
4424 4.920229
4426 4.927740
4428 4.912148
4430 4.869725
4432 4.803003
4434 4.731573
4436 4.682973
4438 4.683327
4440 4.731083
4442 4.791791
4444 4.836527
4446 4.858160
4448 4.868011
4450 4.868963
4452 4.849099
4454 4.806513
4456 4.755328
4458 4.721586
4460 4.731872
4462 4.783655
4464 4.841207
4466 4.876664
4468 4.893127
4470 4.899957
4472 4.898242
4474 4.882542
4476 4.850731
4478 4.810867
4480 4.784444
4482 4.792526
4484 4.831738
4486 4.877480
4488 4.908692
4490 4.917699
4492 4.907059
4494 4.880201
4496 4.840119
4498 4.796880
4500 4.764798
4502 4.753206
4504 4.766186
4506 4.803384
4508 4.853561
4510 4.901998
4512 4.933508
4514 4.937726
4516 4.911467
4518 4.859439
4520 4.799411
4522 4.752661
4524 4.731954
4526 4.743437
4528 4.778267
4530 4.825969
4532 4.877154
4534 4.913508
4536 4.928093
4538 4.924474
4540 4.900120
4542 4.852663
4544 4.795247
4546 4.764879
4548 4.784227
4550 4.834078
4552 4.878786
4554 4.891249
4556 4.876201
4558 4.860092
4560 4.844609
4562 4.813860
4564 4.763927
4566 4.717804
4568 4.712552
4570 4.754947
4572 4.814404
4574 4.855983
4576 4.868909
4578 4.868392
4580 4.864147
4582 4.843112
4584 4.800771
4586 4.755056
4588 4.733668
4590 4.753287
4592 4.803139
4594 4.860201
4596 4.906814
4598 4.932964
4600 4.936937
4602 4.918324
4604 4.877235
4606 4.826921
4608 4.788526
4610 4.780227
4612 4.807030
4614 4.852935
4616 4.897481
4618 4.927957
4620 4.936393
4622 4.923304
4624 4.893208
4626 4.845207
4628 4.783873
4630 4.731545
4632 4.719001
4634 4.761750
4636 4.838650
4638 4.909100
4640 4.942543
4642 4.931985
4644 4.890759
4646 4.841860
4648 4.792826
4650 4.740498
4652 4.693232
4654 4.680143
4656 4.728661
4658 4.823384
4660 4.917182
4662 4.971142
4664 4.973346
4666 4.940992
4668 4.896691
4670 4.849371
4672 4.803111
4674 4.764798
4676 4.752634
4678 4.784853
4680 4.846595
4682 4.899385
4684 4.918651
4686 4.903059
4688 4.865507
4690 4.817343
4692 4.768090
4694 4.731028
4696 4.716389
4698 4.731409
4700 4.778540
4702 4.839711
4704 4.891712
4706 4.922052
4708 4.924284
4710 4.899494
4712 4.853861
4714 4.799656
4716 4.753015
4718 4.727518
4720 4.737287
4722 4.781941
4724 4.841017
4726 4.897943
4728 4.941019
4730 4.961155
4732 4.951631
4734 4.908338
4736 4.842595
4738 4.776635
4740 4.732362
4742 4.730511
4744 4.771709
4746 4.833234
4748 4.890596
4750 4.927957
4752 4.940311
4754 4.926570
4756 4.882351
4758 4.813370
4760 4.739709
4762 4.689341
4764 4.685939
4766 4.728171
4768 4.795111
4770 4.865834
4772 4.922515
4774 4.949101
4776 4.933372
4778 4.873344
4780 4.791519
4782 4.722402
4784 4.688443
4786 4.696089
4788 4.741151
4790 4.812826
4792 4.895440
4794 4.965645
4796 4.997156
4798 4.974380
4800 4.905290
4802 4.820309
4804 4.749151
4806 4.709450
4808 4.711436
4810 4.754866
4812 4.826132
4814 4.903440
4816 4.962543
4818 4.984040
4820 4.960312
4822 4.899875
4824 4.818649
4826 4.735137
4828 4.675408
4830 4.666102
4832 4.714375
4834 4.799547
4836 4.887249
4838 4.949863
4840 4.973400
4842 4.954924
4844 4.904093
4846 4.841860
4848 4.787057
4850 4.749559
4852 4.737233
4854 4.758838
4856 4.814459
4858 4.887385
4860 4.951441
4862 4.981618
4864 4.965291
4866 4.908528
4868 4.833779
4870 4.767818
4872 4.731545
4874 4.733124
4876 4.765614
4878 4.819846
4880 4.885644
4882 4.944692
4884 4.973155
4886 4.954434
4888 4.889780
4890 4.801343
4892 4.722375
4894 4.680116
4896 4.673857
4898 4.686048
4900 4.718620
4902 4.777261
4904 4.854840
4906 4.918569
4908 4.933508
4910 4.899957
4912 4.847738
4914 4.803628
4916 4.777505
4918 4.768961
4920 4.777560
4922 4.810186
4924 4.871385
4926 4.941781
4928 4.986081
4930 4.983469
4932 4.940339
4934 4.872582
4936 4.791791
4938 4.716960
4940 4.678048
4942 4.691980
4944 4.749804
4946 4.823112
4948 4.884746
4950 4.928229
4952 4.954107
4954 4.957019
4956 4.923957
4958 4.849208
4960 4.754267
4962 4.682021
4964 4.670674
4966 4.729586
4968 4.828745
4970 4.921481
4972 4.976530
4974 4.989673
4976 4.973536
4978 4.935005
4980 4.882623
4982 4.826404
4984 4.773778
4986 4.740634
4988 4.750212
4990 4.807084
4992 4.885371
4994 4.948937
4996 4.977019
4998 4.965455
5000 4.920855
5002 4.862160
5004 4.811003
5006 4.779329
5008 4.772771
5010 4.791655
5012 4.829343
5014 4.873018
5016 4.904692
5018 4.912501
5020 4.891984
5022 4.847303
5024 4.795111
5026 4.753124
5028 4.730049
5030 4.728988
5032 4.748308
5034 4.787302
5036 4.843031
5038 4.898651
5040 4.932338
5042 4.934842
5044 4.911957
5046 4.875222
5048 4.830595
5050 4.785397
5052 4.754294
5054 4.750294
5056 4.779655
5058 4.831629
5060 4.873453
5062 4.885018
5064 4.874569
5066 4.853208
5068 4.822894
5070 4.786703
5072 4.755192
5074 4.738512
5076 4.743491
5078 4.773288
5080 4.816118
5082 4.852337
5084 4.878677
5086 4.895957
5088 4.889453
5090 4.848310
5092 4.785152
5094 4.734729
5096 4.721858
5098 4.744580
5100 4.787900
5102 4.836200
5104 4.878732
5106 4.914052
5108 4.936937
5110 4.931304
5112 4.891793
5114 4.836010
5116 4.790077
5118 4.770458
5120 4.775954
5122 4.798485
5124 4.835656
5126 4.888065
5128 4.948611
5130 4.990843
5132 4.985782
5134 4.937617
5136 4.871276
5138 4.815030
5140 4.785397
5142 4.777968
5144 4.779791
5146 4.788744
5148 4.814132
5150 4.857697
5152 4.902215
5154 4.924311
5156 4.910624
5158 4.864228
5160 4.808390
5162 4.775682
5164 4.783955
5166 4.825125
5168 4.874977
5170 4.915631
5172 4.945754
5174 4.966162
5176 4.965999
5178 4.933726
5180 4.868800
5182 4.790104
5184 4.731627
5186 4.717396
5188 4.744335
5190 4.789751
5192 4.832581
5194 4.868963
5196 4.895984
5198 4.899576
5200 4.874079
5202 4.829969
5204 4.789016
5206 4.766104
5208 4.760634
5210 4.769206
5212 4.785723
5214 4.812391
5216 4.857208
5218 4.899630
5220 4.905971
5222 4.871766
5224 4.822214
5226 4.785125
5228 4.771546
5230 4.773233
5232 4.774376
5234 4.775573
5236 4.798649
5238 4.847384
5240 4.889018
5242 4.897208
5244 4.879331
5246 4.855085
5248 4.840962
5250 4.846486
5252 4.864990
5254 4.878977
5256 4.884392
5258 4.897208
5260 4.921291
5262 4.934978
5264 4.919522
5266 4.871793
5268 4.806295
5270 4.746185
5272 4.711409
5274 4.715327
5276 4.754321
5278 4.812336
5280 4.875521
5282 4.931250
5284 4.961836
5286 4.957727
5288 4.928012
5290 4.885861
5292 4.844881
5294 4.812826
5296 4.799275
5298 4.817506
5300 4.868500
5302 4.932121
5304 4.975305
5306 4.969346
5308 4.913209
5310 4.834622
5312 4.773805
5314 4.751274
5316 4.755437
5318 4.772118
5320 4.801125
5322 4.846296
5324 4.900555
5326 4.942651
5328 4.948502
5330 4.915739
5332 4.859249
5334 4.803547
5336 4.769342
5338 4.758267
5340 4.764390
5342 4.785560
5344 4.816418
5346 4.846241
5348 4.863113
5350 4.860827
5352 4.840962
5354 4.808418
5356 4.777914
5358 4.763328
5360 4.764879
5362 4.779029
5364 4.803438
5366 4.835520
5368 4.873970
5370 4.908392
5372 4.921535
5374 4.905780
5376 4.876963
5378 4.861888
5380 4.864201
5382 4.866405
5384 4.858759
5386 4.845861
5388 4.839384
5390 4.844718
5392 4.846160
5394 4.822867
5396 4.777778
5398 4.738838
5400 4.729804
5402 4.744335
5404 4.762458
5406 4.782213
5408 4.813479
5410 4.858405
5412 4.902624
5414 4.922270
5416 4.905834
5418 4.866160
5420 4.831003
5422 4.816499
5424 4.809397
5426 4.798322
5428 4.794241
5430 4.812118
5432 4.849180
5434 4.881371
5436 4.885916
5438 4.862405
5440 4.824255
5442 4.792798
5444 4.784118
5446 4.793343
5448 4.808091
5450 4.827194
5452 4.856582
5454 4.893480
5456 4.919576
5458 4.919685
5460 4.897100
5462 4.859548
5464 4.817343
5466 4.788091
5468 4.779574
5470 4.785968
5472 4.807656
5474 4.846622
5476 4.888963
5478 4.908365
5480 4.891657
5482 4.853670
5484 4.812554
5486 4.778349
5488 4.759981
5490 4.757151
5492 4.765124
5494 4.790567
5496 4.847901
5498 4.930923
5500 5.002462
5502 5.026027
5504 4.989020
5506 4.906596
5508 4.822323
5510 4.768254
5512 4.741886
5514 4.729151
5516 4.727409
5518 4.753287
5520 4.809914
5522 4.867031
5524 4.892446
5526 4.872881
5528 4.818377
5530 4.762920
5532 4.734239
5534 4.735192
5536 4.759546
5538 4.805533
5540 4.875330
5542 4.953944
5544 5.002898
5546 4.992584
5548 4.927876
5550 4.839765
5552 4.763927
5554 4.718185
5556 4.702293
5558 4.711599
5560 4.743927
5562 4.801261
5564 4.876555
5566 4.936801
5568 4.950162
5570 4.911467
5572 4.844772
5574 4.789342
5576 4.766920
5578 4.770920
5580 4.788417
5582 4.819683
5584 4.873888
5586 4.937509
5588 4.968013
5590 4.938461
5592 4.857970
5594 4.767165
5596 4.709994
5598 4.700606
5600 4.717096
5602 4.731818
5604 4.752253
5606 4.802377
5608 4.872065
5610 4.918814
5612 4.917508
5614 4.876909
5616 4.826867
5618 4.790812
5620 4.776417
5622 4.782077
5624 4.807139
5626 4.859820
5628 4.937862
5630 5.006544
5632 5.021809
5634 4.973346
5636 4.886895
5638 4.797207
5640 4.729423
5642 4.691354
5644 4.677259
5646 4.690184
5648 4.741641
5650 4.830187
5652 4.923957
5654 4.979088
5656 4.974026
5658 4.925780
5660 4.870079
5662 4.822023
5664 4.783900
5666 4.757043
5668 4.753124
5670 4.791574
5672 4.869181
5674 4.943930
5676 4.967359
5678 4.924284
5680 4.842568
5682 4.767628
5684 4.720879
5686 4.692796
5688 4.673340
5690 4.678510
5692 4.737015
5694 4.847276
5696 4.962353
5698 5.025265
5700 5.011197
5702 4.940611
5704 4.854623
5706 4.776580
5708 4.709123
5710 4.659354
5712 4.652524
5714 4.709804
5716 4.811955
5718 4.901100
5720 4.934706
5722 4.915767
5724 4.869698
5726 4.814323
5728 4.749097
5730 4.678374
5732 4.623761
5734 4.615380
5736 4.672660
5738 4.778920
5740 4.889208
5742 4.966271
5744 4.996040
5746 4.987958
5748 4.954216
5750 4.898759
5752 4.832908
5754 4.778512
5756 4.760716
5758 4.793206
5760 4.862215
5762 4.931386
5764 4.965237
5766 4.952257
5768 4.905617
5770 4.838486
5772 4.760090
5774 4.686701
5776 4.640224
5778 4.643244
5780 4.706184
5782 4.813506
5784 4.926025
5786 5.003088
5788 5.028095
5790 5.008748
5792 4.952638
5794 4.864609
5796 4.762349
5798 4.680742
5800 4.654211
5802 4.695708
5804 4.782703
5806 4.870487
5808 4.920692
5810 4.924692
5812 4.897889
5814 4.850160
5816 4.787410
5818 4.725559
5820 4.686456
5822 4.693177
5824 4.759247
5826 4.866460
5828 4.971523
5830 5.032830
5832 5.037755
5834 4.996748
5836 4.913263
5838 4.799465
5840 4.688225
5842 4.619271
5844 4.624033
5846 4.697967
5848 4.798050
5850 4.880092
5852 4.924937
5854 4.941509
5856 4.938461
5858 4.900120
5860 4.818921
5862 4.719382
5864 4.646020
5866 4.638891
5868 4.706076
5870 4.820636
5872 4.941373
5874 5.030871
5876 5.068178
5878 5.048341
5880 4.973781
5882 4.862242
5884 4.746512
5886 4.663653
5888 4.640006
5890 4.674293
5892 4.743029
5894 4.817942
5896 4.879684
5898 4.920501
5900 4.931576
5902 4.900964
5904 4.838132
5906 4.773451
5908 4.736443
5910 4.742430
5912 4.788444
5914 4.859874
5916 4.932964
5918 4.984394
5920 5.003170
5922 4.980938
5924 4.913399
5926 4.815520
5928 4.720307
5930 4.662864
5932 4.659054
5934 4.699028
5936 4.765369
5938 4.842704
5940 4.918216
5942 4.980747
5944 5.008394
5946 4.982407
5948 4.908964
5950 4.817860
5952 4.750757
5954 4.734022
5956 4.765179
5958 4.827547
5960 4.899032
5962 4.960366
5964 4.994353
5966 4.980530
5968 4.911875
5970 4.803003
5972 4.687055
5974 4.608904
5976 4.594073
5978 4.632496
5980 4.702511
5982 4.784907
5984 4.866133
5986 4.932529
5988 4.963251
5990 4.946271
5992 4.882732
5994 4.791655
5996 4.720715
5998 4.710702
6000 4.761723
6002 4.845153
6004 4.927005
6006 4.986870
6008 5.008503
6010 4.974380
6012 4.885834
6014 4.765669
6016 4.654428
6018 4.593257
6020 4.596577
6022 4.652605
6024 4.738974
6026 4.836364
6028 4.930815
6030 4.999931
6032 5.016884
6034 4.971060
6036 4.882324
6038 4.793506
6040 4.740580
6042 4.734212
6044 4.765641
6046 4.818758
6048 4.876773
6050 4.922025
6052 4.935141
6054 4.907467
6056 4.848827
6058 4.777261
6060 4.717504
6062 4.692116
6064 4.707382
6066 4.757206
6068 4.829289
6070 4.907821
6072 4.974951
6074 5.007551
6076 4.988720
6078 4.920828
6080 4.824772
6082 4.738702
6084 4.697314
6086 4.706239
6088 4.744743
6090 4.788553
6092 4.833153
6094 4.882324
6096 4.921671
6098 4.924583
6100 4.875167
6102 4.783682
6104 4.684579
6106 4.614645
6108 4.594427
6110 4.627843
6112 4.702620
6114 4.799111
6116 4.904447
6118 4.994489
6120 5.034762
6122 5.009728
6124 4.936937
6126 4.852881
6128 4.788145
6130 4.755736
6132 4.756580
6134 4.788825
6136 4.842187
6138 4.891276
6140 4.907386
6142 4.881861
6144 4.829942
6146 4.773805
6148 4.728334
6150 4.704307
6152 4.714402
6154 4.764281
6156 4.847085
6158 4.938951
6160 5.004721
6162 5.019959
6164 4.986707
6166 4.923386
6168 4.848745
6170 4.777288
6172 4.723654
6174 4.701558
6176 4.718457
6178 4.768308
6180 4.829479
6182 4.875113
6184 4.890923
6186 4.880936
6188 4.856827
6190 4.828445
6192 4.803710
6194 4.790458
6196 4.798132
6198 4.833860
6200 4.893780
6202 4.957101
6204 4.992149
6206 4.977754
6208 4.921617
6210 4.849507
6212 4.784417
6214 4.736607
6216 4.709205
6218 4.708770
6220 4.743763
6222 4.808146
6224 4.875385
6226 4.915222
6228 4.913209
6230 4.877426
6232 4.827112
6234 4.776172
6236 4.734648
6238 4.715872
6240 4.733178
6242 4.792907
6244 4.883004
6246 4.970516
6248 5.022245
6250 5.026898
6252 4.992448
6254 4.927985
6256 4.841915
6258 4.755301
6260 4.695871
6262 4.681640
6264 4.710266
6266 4.760879
6268 4.810186
6270 4.842731
6272 4.857970
6274 4.863031
6276 4.856636
6278 4.832935
6280 4.797696
6282 4.771329
6284 4.779002
6286 4.829289
6288 4.897916
6290 4.944257
6292 4.945237
6294 4.907522
6296 4.853453
6298 4.796445
6300 4.738756
6302 4.685395
6304 4.652632
6306 4.661503
6308 4.717341
6310 4.799710
6312 4.875929
6314 4.920175
6316 4.929971
6318 4.920746
6320 4.904011
6322 4.880283
6324 4.848092
6326 4.818513
6328 4.812935
6330 4.842459
6332 4.892419
6334 4.930080
6336 4.930733
6338 4.900311
6340 4.861861
6342 4.826078
6344 4.788390
6346 4.746838
6348 4.717123
6350 4.720743
6352 4.761723
6354 4.818948
6356 4.860364
6358 4.871766
6360 4.867739
6362 4.866106
6364 4.860800
6366 4.834785
6368 4.792689
6370 4.768553
6372 4.792771
6374 4.858759
6376 4.924447
6378 4.948720
6380 4.930080
6382 4.892637
6384 4.848908
6386 4.792445
6388 4.720253
6390 4.653422
6392 4.628822
6394 4.667844
6396 4.755219
6398 4.847847
6400 4.909426
6402 4.939441
6404 4.953999
6406 4.951876
6408 4.918297
6410 4.855793
6412 4.792308
6414 4.760199
6416 4.773859
6418 4.817887
6420 4.857752
6422 4.870977
6424 4.860473
6426 4.838459
6428 4.809370
6430 4.771056
6432 4.727437
6434 4.696933
6436 4.704116
6438 4.757097
6440 4.833425
6442 4.899848
6444 4.944066
6446 4.967604
6448 4.972366
6450 4.954951
6452 4.907141
6454 4.833588
6456 4.763682
6458 4.733967
6460 4.756526
6462 4.808907
6464 4.856636
6466 4.880609
6468 4.884392
6470 4.879358
6472 4.865834
6474 4.829860
6476 4.764172
6478 4.690157
6480 4.648768
6482 4.664905
6484 4.727872
6486 4.805697
6488 4.869317
6490 4.907848
6492 4.925209
6494 4.921535
6496 4.887957
6498 4.824554
6500 4.755111
6502 4.715817
6504 4.724661
6506 4.773968
6508 4.836772
6510 4.878215
6512 4.887848
6514 4.878269
6516 4.853289
6518 4.808282
6520 4.752471
6522 4.710647
6524 4.704497
6526 4.739137
6528 4.806404
6530 4.889208
6532 4.963659
6534 5.010925
6536 5.018218
6538 4.975550
6540 4.887821
6542 4.782893
6544 4.696225
6546 4.653721
6548 4.660660
6550 4.704552
6552 4.768308
6554 4.838132
6556 4.902243
6558 4.945481
6560 4.948203
6562 4.900311
6564 4.819928
6566 4.748797
6568 4.725205
6570 4.755900
6572 4.815656
6574 4.876773
6576 4.927767
6578 4.964285
6580 4.979795
6582 4.959495
6584 4.890351
6586 4.787791
6588 4.696334
6590 4.658646
6592 4.683164
6594 4.745423
6596 4.817098
6598 4.882324
6600 4.934080
6602 4.964421
6604 4.957046
6606 4.899385
6608 4.804064
6610 4.711654
6612 4.663408
6614 4.669612
6616 4.715110
6618 4.780227
6620 4.850976
6622 4.920175
6624 4.976557
6626 4.995823
6628 4.955495
6630 4.867085
6632 4.777750
6634 4.724579
6636 4.709014
6638 4.718729
6640 4.746702
6642 4.793669
6644 4.859602
6646 4.926570
6648 4.959931
6650 4.934842
6652 4.869616
6654 4.816336
6656 4.807084
6658 4.828663
6660 4.851793
6662 4.867031
6664 4.889698
6666 4.926161
6668 4.952692
6670 4.937345
6672 4.871276
6674 4.779655
6676 4.702293
6678 4.665667
6680 4.671844
6682 4.707273
6684 4.762403
6686 4.835520
6688 4.914841
6690 4.972584
6692 4.986326
6694 4.951114
6696 4.882542
6698 4.809016
6700 4.755491
6702 4.735273
6704 4.750212
6706 4.798023
6708 4.870705
6710 4.945862
6712 4.990680
6714 4.981836
6716 4.917345
6718 4.822404
6720 4.738403
6722 4.692579
6724 4.683000
6726 4.698021
6728 4.738811
6730 4.807193
6732 4.883929
6734 4.935713
6736 4.937753
6738 4.893426
6740 4.830677
6742 4.780798
6744 4.758321
6746 4.757532
6748 4.774648
6750 4.816799
6752 4.881154
6754 4.942842
6756 4.970108
6758 4.943740
6760 4.868827
6762 4.776444
6764 4.705967
6766 4.676851
6768 4.684443
6770 4.722185
6772 4.791683
6774 4.887086
6776 4.982190
6778 5.039987
6780 5.034000
6782 4.965863
6784 4.866704
6786 4.778159
6788 4.724008
6790 4.705259
6792 4.718974
6794 4.766403
6796 4.835384
6798 4.898106
6800 4.925345
6802 4.902841
6804 4.840962
6806 4.766947
6808 4.708389
6810 4.678483
6812 4.677095
6814 4.710212
6816 4.785805
6818 4.882133
6820 4.966135
6822 5.007197
6824 4.988312
6826 4.919495
6828 4.830595
6830 4.755628
6832 4.714076
6834 4.709831
6836 4.740171
6838 4.795302
6840 4.855847
6842 4.901100
6844 4.916773
6846 4.899576
6848 4.853833
6850 4.789533
6852 4.723926
6854 4.676905
6856 4.665367
6858 4.698048
6860 4.768036
6862 4.853017
6864 4.924148
6866 4.964720
6868 4.972965
6870 4.945509
6872 4.883086
6874 4.808037
6876 4.752716
6878 4.739518
6880 4.769070
6882 4.817479
6884 4.858106
6886 4.875984
6888 4.873752
6890 4.861888
6892 4.838241
6894 4.798540
6896 4.756308
6898 4.734321
6900 4.750376
6902 4.809697
6904 4.895984
6906 4.977700
6908 5.022980
6910 5.016748
6912 4.964638
6914 4.881154
6916 4.788635
6918 4.712878
6920 4.672551
6922 4.677204
6924 4.725096
6926 4.799574
6928 4.874841
6930 4.926515
6932 4.942298
6934 4.921699
6936 4.870133
6938 4.804472
6940 4.748634
6942 4.720606
6944 4.729913
6946 4.776335
6948 4.847085
6950 4.918297
6952 4.962271
6954 4.963550
6956 4.922842
6958 4.849997
6960 4.768036
6962 4.706593
6964 4.686293
6966 4.712987
6968 4.776934
6970 4.855738
6972 4.922325
6974 4.953155
6976 4.936910
6978 4.879494
6980 4.797588
6982 4.711518
6984 4.644142
6986 4.619951
6988 4.655653
6990 4.745859
6992 4.860419
6994 4.959033
6996 5.009510
6998 4.998925
7000 4.936638
7002 4.848582
7004 4.760308
7006 4.689422
7008 4.651734
7010 4.658292
7012 4.707463
7014 4.785234
7016 4.869807
7018 4.936747
7020 4.963849
7022 4.941890
7024 4.884474
7026 4.821806
7028 4.783900
7030 4.784172
7032 4.815438
7034 4.866024
7036 4.927059
7038 4.980884
7040 5.000312
7042 4.965400
7044 4.881181
7046 4.775165
7048 4.679735
7050 4.621094
7052 4.611652
7054 4.647680
7056 4.719981
7058 4.819928
7060 4.930216
7062 5.014789
7064 5.034055
7066 4.983006
7068 4.895957
7070 4.805969
7072 4.734403
7074 4.690483
7076 4.680388
7078 4.713994
7080 4.791900
7082 4.891304
7084 4.966271
7086 4.973727
7088 4.916719
7090 4.836309
7092 4.764580
7094 4.714021
7096 4.690293
7098 4.697422
7100 4.740498
7102 4.816635
7104 4.904202
7106 4.965808
7108 4.968611
7110 4.913318
7112 4.831956
7114 4.758240
7116 4.710892
7118 4.695790
7120 4.714266
7122 4.768553
7124 4.852391
7126 4.939141
7128 4.991224
7130 4.981482
7132 4.913835
7134 4.818214
7136 4.724824
7138 4.655326
7140 4.624169
7142 4.640034
7144 4.708851
7146 4.823683
7148 4.953944
7150 5.054245
7152 5.084749
7154 5.036231
7156 4.934951
7158 4.820663
7160 4.729559
7162 4.678891
7164 4.667354
7166 4.694375
7168 4.762594
7170 4.859521
7172 4.948937
7174 4.980693
7176 4.933563
7178 4.834949
7180 4.732307
7182 4.662211
7184 4.640142
7186 4.663952
7188 4.723110
7190 4.819629
7192 4.939386
7194 5.041048
7196 5.062028
7198 4.987795
7200 4.875004
7202 4.783274
7204 4.720579
7206 4.670592
7208 4.645285
7210 4.680959
7212 4.792553
7214 4.944311
7216 5.059715
7218 5.076994
7220 5.003088
7222 4.895004
7224 4.800037
7226 4.736035
7228 4.697422
7230 4.679898
7232 4.701504
7234 4.781914
7236 4.906433
7238 5.015551
7240 5.051279
7242 5.009755
7244 4.927141
7246 4.834132
7248 4.746566
7250 4.679436
7252 4.651544
7254 4.675871
7256 4.753287
7258 4.861371
7260 4.953073
7262 4.989591
7264 4.968802
7266 4.911032
7268 4.834622
7270 4.757614
7272 4.698293
7274 4.676823
7276 4.712497
7278 4.807492
7280 4.932338
7282 5.035089
7284 5.075960
7286 5.047905
7288 4.966516
7290 4.854514
7292 4.737423
7294 4.639081
7296 4.584631
7298 4.594971
7300 4.671136
7302 4.787465
7304 4.900583
7306 4.973917
7308 4.993945
7310 4.964938
7312 4.902841
7314 4.823520
7316 4.740988
7318 4.680198
7320 4.672143
7322 4.729505
7324 4.829643
7326 4.924202
7328 4.974353
7330 4.975196
7332 4.942243
7334 4.888256
7336 4.817751
7338 4.740825
7340 4.683463
7342 4.676633
7344 4.731219
7346 4.827466
7348 4.927304
7350 4.996013
7352 5.020830
7354 4.997863
7356 4.921236
7358 4.805152
7360 4.693885
7362 4.632959
7364 4.643163
7366 4.715110
7368 4.825153
7370 4.942298
7372 5.029510
7374 5.061919
7376 5.026571
7378 4.923331
7380 4.779927
7382 4.644605
7384 4.563569
7386 4.563814
7388 4.632632
7390 4.735273
7392 4.843847
7394 4.943060
7396 5.019605
7398 5.046381
7400 4.998925
7402 4.896773
7404 4.790757
7406 4.724389
7408 4.715844
7410 4.755682
7412 4.815710
7414 4.869616
7416 4.910515
7418 4.937699
7420 4.937454
7422 4.892773
7424 4.811329
7426 4.727518
7428 4.680715
7430 4.690402
7432 4.745151
7434 4.817180
7436 4.885072
7438 4.942624
7440 4.984639
7442 4.994598
7444 4.955087
7446 4.871439
7448 4.776907
7450 4.713668
7452 4.704089
7454 4.737641
7456 4.789098
7458 4.842214
7460 4.895685
7462 4.947060
7464 4.975577
7466 4.955495
7468 4.887358
7470 4.802812
7472 4.743573
7474 4.730566
7476 4.752553
7478 4.788308
7480 4.831030
7482 4.886324
7484 4.946842
7486 4.978951
7488 4.949318
7490 4.863766
7492 4.771247
7494 4.724144
7496 4.731627
7498 4.762648
7500 4.791710
7502 4.820227
7504 4.862786
7506 4.917617
7508 4.945590
7510 4.908556
7512 4.816227
7514 4.719845
7516 4.673204
7518 4.690184
7520 4.744416
7522 4.809860
7524 4.880990
7526 4.964638
7528 5.049728
7530 5.084668
7532 5.034245
7534 4.920882
7536 4.802241
7538 4.727192
7540 4.696035
7542 4.691354
7544 4.711708
7546 4.758757
7548 4.836255
7550 4.926651
7552 4.978326
7554 4.959332
7556 4.892746
7558 4.828581
7560 4.797098
7562 4.785560
7564 4.780798
7566 4.778920
7568 4.794132
7570 4.839928
7572 4.896365
7574 4.921236
7576 4.894923
7578 4.835983
7580 4.781424
7582 4.751600
7584 4.741260
7586 4.743056
7588 4.758430
7590 4.793152
7592 4.847357
7594 4.903195
7596 4.931250
7598 4.914188
7600 4.863602
7602 4.813996
7604 4.789778
7606 4.787574
7608 4.794567
7610 4.806105
7612 4.831711
7614 4.882650
7616 4.941862
7618 4.963985
7620 4.929699
7622 4.863031
7624 4.796690
7626 4.759301
7628 4.743682
7630 4.729641
7632 4.715981
7634 4.723736
7636 4.767546
7638 4.826078
7640 4.856337
7642 4.843003
7644 4.816690
7646 4.814595
7648 4.837452
7650 4.858459
7652 4.867249
7654 4.878895
7656 4.907059
7658 4.940883
7660 4.947223
7662 4.905045
7664 4.826051
7666 4.745695
7668 4.694973
7670 4.680442
7672 4.689830
7674 4.710729
7676 4.744308
7678 4.794649
7680 4.851085
7682 4.892474
7684 4.903658
7686 4.885344
7688 4.853017
7690 4.824881
7692 4.809506
7694 4.805941
7696 4.808418
7698 4.811873
7700 4.819656
7702 4.836854
7704 4.848228
7706 4.836854
7708 4.807601
7710 4.783655
7712 4.781642
7714 4.796173
7716 4.814622
7718 4.833207
7720 4.856473
7722 4.887739
7724 4.914134
7726 4.912202
7728 4.875521
7730 4.826731
7732 4.797588
7734 4.800907
7736 4.824091
7738 4.846622
7740 4.856936
7742 4.863793
7744 4.876283
7746 4.882405
7748 4.860527
7750 4.806077
7752 4.742103
7754 4.700143
7756 4.694973
7758 4.718185
7760 4.749995
7762 4.777125
7764 4.805697
7766 4.845044
7768 4.880392
7770 4.880609
7772 4.840473
7774 4.795193
7776 4.784825
7778 4.818649
7780 4.868337
7782 4.897535
7784 4.896283
7786 4.879684
7788 4.856527
7790 4.814241
7792 4.746049
7794 4.673259
7796 4.628333
7798 4.629965
7800 4.679789
7802 4.765478
7804 4.863031
7806 4.946189
7808 4.998653
7810 5.009836
7812 4.975033
7814 4.909780
7816 4.839330
7818 4.782404
7820 4.749097
7822 4.745233
7824 4.775818
7826 4.832554
7828 4.892583
7830 4.934570
7832 4.940121
7834 4.899821
7836 4.828010
7838 4.756389
7840 4.711545
7842 4.703382
7844 4.726729
7846 4.773179
7848 4.840663
7850 4.924012
7852 4.999632
7854 5.027769
7856 4.982707
7858 4.884093
7860 4.783982
7862 4.722511
7864 4.711082
7866 4.740171
7868 4.794649
7870 4.864500
7872 4.936611
7874 4.981645
7876 4.968067
7878 4.889535
7880 4.774594
7882 4.667490
7884 4.601312
7886 4.589230
7888 4.626237
7890 4.701667
7892 4.811193
7894 4.941345
7896 5.049375
7898 5.082709
7900 5.021048
7902 4.902460
7904 4.788200
7906 4.715654
7908 4.692089
7910 4.706892
7912 4.746076
7914 4.803601
7916 4.872392
7918 4.928447
7920 4.940692
7922 4.895549
7924 4.815765
7926 4.745750
7928 4.712389
7930 4.713014
7932 4.738403
7934 4.795302
7936 4.895576
7938 5.014245
7940 5.091743
7942 5.079062
7944 4.973074
7946 4.825207
7948 4.704035
7950 4.641911
7952 4.629911
7954 4.650728
7956 4.700416
7958 4.793343
7960 4.919739
7962 5.020939
7964 5.038735
7966 4.968366
7968 4.856038
7970 4.755573
7972 4.694973
7974 4.675381
7976 4.689259
7978 4.742974
7980 4.849071
7982 4.985183
7984 5.083634
7986 5.087988
7988 5.004176
7990 4.882297
7992 4.766458
7994 4.673504
7996 4.607516
7998 4.587379
8000 4.631598
8002 4.740171
8004 4.874405
8006 4.966978
8008 4.979332
8010 4.923876
8012 4.836010
8014 4.745723
8016 4.675327
8018 4.644442
8020 4.665449
8022 4.744172
8024 4.870024
8026 5.001428
8028 5.080015
8030 5.070763
8032 4.983333
8034 4.859738
8036 4.743927
8038 4.658347
8040 4.609312
8042 4.602019
8044 4.645884
8046 4.738457
8048 4.850813
8050 4.944692
8052 4.992095
8054 4.984176
8056 4.936066
8058 4.874868
8060 4.818622
8062 4.774431
8064 4.755355
8066 4.778349
8068 4.839684
8070 4.906107
8072 4.939577
8074 4.923331
8076 4.867385
8078 4.798703
8080 4.740933
8082 4.702375
8084 4.681340
8086 4.681368
8088 4.711899
8090 4.770757
8092 4.848772
8094 4.928855
8096 4.979986
8098 4.984530
8100 4.944964
8102 4.871793
8104 4.789914
8106 4.734158
8108 4.729722
8110 4.774866
8112 4.848963
8114 4.921236
8116 4.965183
8118 4.972720
8120 4.949645
8122 4.901535
8124 4.823411
8126 4.729532
8128 4.651081
8130 4.617938
8132 4.643353
8134 4.713559
8136 4.796390
8138 4.863548
8140 4.904664
8142 4.928229
8144 4.935876
8146 4.916365
8148 4.869671
8150 4.812581
8152 4.769750
8154 4.759111
8156 4.786812
8158 4.832200
8160 4.862487
8162 4.866568
8164 4.857344
8166 4.840663
8168 4.810268
8170 4.765641
8172 4.719926
8174 4.699273
8176 4.723681
8178 4.787383
8180 4.862623
8182 4.922025
8184 4.960312
8186 4.982462
8188 4.977455
8190 4.928365
8192 4.838867
8194 4.741260
8196 4.680606
8198 4.680551
8200 4.727137
8202 4.784961
8204 4.829479
8206 4.862487
8208 4.889916
8210 4.897208
8212 4.868473
8214 4.809996
8216 4.749015
8218 4.718729
8220 4.735192
8222 4.783465
8224 4.831302
8226 4.860800
8228 4.879494
8230 4.896011
8232 4.898705
8234 4.872310
8236 4.819493
8238 4.764172
8240 4.739083
8242 4.759628
8244 4.806132
8246 4.836092
8248 4.831221
8250 4.815738
8252 4.809288
8254 4.799438
8256 4.775628
8258 4.745070
8260 4.728090
8262 4.739736
8264 4.778186
8266 4.832173
8268 4.880446
8270 4.910923
8272 4.932665
8274 4.948094
8276 4.939250
8278 4.896147
8280 4.835466
8282 4.791928
8284 4.782023
8286 4.789669
8288 4.793996
8290 4.788744
8292 4.789941
8294 4.817833
8296 4.861371
8298 4.884664
8300 4.868092
8302 4.833915
8304 4.826785
8306 4.863031
8308 4.913726
8310 4.938543
8312 4.925018
8314 4.900174
8316 4.892365
8318 4.892256
8320 4.869153
8322 4.811329
8324 4.744716
8326 4.710674
8328 4.716389
8330 4.739573
8332 4.761832
8334 4.774267
8336 4.785451
8338 4.806186
8340 4.828527
8342 4.836418
8344 4.821261
8346 4.792771
8348 4.774240
8350 4.771301
8352 4.781152
8354 4.801860
8356 4.829316
8358 4.865235
8360 4.901535
8362 4.916420
8364 4.896093
8366 4.848582
8368 4.801506
8370 4.776390
8372 4.770839
8374 4.774784
8376 4.779546
8378 4.787193
8380 4.813425
8382 4.854160
8384 4.877698
8386 4.855956
8388 4.804935
8390 4.771982
8392 4.774866
8394 4.801098
8396 4.836146
8398 4.870378
8400 4.903603
8402 4.933699
8404 4.943441
8406 4.921127
8408 4.867439
8410 4.798213
8412 4.742294
8414 4.714185
8416 4.715436
8418 4.742321
8420 4.785696
8422 4.838867
8424 4.893018
8426 4.934978
8428 4.950107
8430 4.930678
8432 4.888773
8434 4.847167
8436 4.818105
8438 4.808309
8440 4.818459
8442 4.839956
8444 4.860446
8446 4.867167
8448 4.858759
8450 4.838786
8452 4.809724
8454 4.783410
8456 4.767900
8458 4.760553
8460 4.762267
8462 4.779193
8464 4.820908
8466 4.877671
8468 4.916773
8470 4.918542
8472 4.883576
8474 4.831792
8476 4.794023
8478 4.782023
8480 4.787764
8482 4.801125
8484 4.823139
8486 4.859738
8488 4.903521
8490 4.933753
8492 4.932012
8494 4.891848
8496 4.830051
8498 4.775410
8500 4.740117
8502 4.725804
8504 4.729913
8506 4.755900
8508 4.805724
8510 4.857970
8512 4.888909
8514 4.890923
8516 4.870759
8518 4.842541
8520 4.806867
8522 4.759845
8524 4.717341
8526 4.705613
8528 4.742947
8530 4.813452
8532 4.870568
8534 4.885535
8536 4.859929
8538 4.815710
8540 4.770322
8542 4.722430
8544 4.677041
8546 4.650673
8548 4.660932
8550 4.717532
8552 4.809016
8554 4.907277
8556 4.980094
8558 5.005836
8560 4.983496
8562 4.924447
8564 4.842514
8566 4.761968
8568 4.708334
8570 4.698783
8572 4.736199
8574 4.797751
8576 4.858296
8578 4.901753
8580 4.920012
8582 4.908610
8584 4.862459
8586 4.791819
8588 4.726702
8590 4.695191
8592 4.710375
8594 4.763682
8596 4.828364
8598 4.883439
8600 4.920556
8602 4.938706
8604 4.935604
8606 4.900964
8608 4.838486
8610 4.774267
8612 4.742430
8614 4.760934
8616 4.811901
8618 4.861344
8620 4.894596
8622 4.913780
8624 4.919277
8626 4.902814
8628 4.852527
8630 4.772880
8632 4.689259
8634 4.641013
8636 4.657313
8638 4.725967
8640 4.806431
8642 4.871086
8644 4.914814
8646 4.937645
8648 4.932502
8650 4.891984
8652 4.825017
8654 4.750212
8656 4.693177
8658 4.675000
8660 4.693694
8662 4.730457
8664 4.770322
8666 4.804962
8668 4.829806
8670 4.839820
8672 4.836908
8674 4.827438
8676 4.811629
8678 4.792445
8680 4.786023
8682 4.807248
8684 4.850595
8686 4.895304
8688 4.925753
8690 4.936937
8692 4.922052
8694 4.879902
8696 4.820826
8698 4.761451
8700 4.721205
8702 4.712797
8704 4.734784
8706 4.776961
8708 4.824881
8710 4.868256
8712 4.900338
8714 4.908283
8716 4.885671
8718 4.838132
8720 4.779383
8722 4.729749
8724 4.707137
8726 4.722266
8728 4.775710
8730 4.850813
8732 4.920420
8734 4.958380
8736 4.950815
8738 4.910760
8740 4.858976
8742 4.804554
8744 4.753614
8746 4.717994
8748 4.714674
8750 4.752226
8752 4.817996
8754 4.883467
8756 4.917290
8758 4.901807
8760 4.849670
8762 4.794186
8764 4.758539
8766 4.745804
8768 4.749559
8770 4.771192
8772 4.820119
8774 4.897481
8776 4.984584
8778 5.024775
8780 4.979332
8782 4.872637
8784 4.756253
8786 4.672687
8788 4.634510
8790 4.632061
8792 4.654211
8794 4.694484
8796 4.759655
8798 4.855548
8800 4.953727
8802 5.003360
8804 4.973645
8806 4.880936
8808 4.786240
8810 4.735246
8812 4.730702
8814 4.754131
8816 4.784689
8818 4.828037
8820 4.883086
8822 4.923032
8824 4.922569
8826 4.877643
8828 4.808227
8830 4.744144
8832 4.704443
8834 4.699599
8836 4.718457
8838 4.748063
8840 4.794023
8842 4.849208
8844 4.891086
8846 4.904909
8848 4.889589
8850 4.853235
8852 4.805098
8854 4.756825
8856 4.735083
8858 4.747927
8860 4.789043
8862 4.850160
8864 4.911903
8866 4.950053
8868 4.951414
8870 4.916665
8872 4.857861
8874 4.792281
8876 4.735083
8878 4.698456
8880 4.688497
8882 4.709776
8884 4.767982
8886 4.852119
8888 4.931087
8890 4.974734
8892 4.969808
8894 4.924964
8896 4.860745
8898 4.800880
8900 4.766811
8902 4.760471
8904 4.773369
8906 4.803737
8908 4.843956
8910 4.876637
8912 4.885099
8914 4.868392
8916 4.832799
8918 4.771437
8920 4.690756
8922 4.630319
8924 4.633340
8926 4.706810
8928 4.814867
8930 4.905617
8932 4.959223
8934 4.985319
8936 4.979169
8938 4.945182
8940 4.880229
8942 4.785288
8944 4.691762
8946 4.650945
8948 4.691490
8950 4.791737
8952 4.894297
8954 4.949699
8956 4.949155
8958 4.915522
8960 4.866106
8962 4.803275
8964 4.733695
8966 4.676578
8968 4.660170
8970 4.702783
8972 4.791438
8974 4.883167
8976 4.942243
8978 4.957699
8980 4.934842
8982 4.889018
8984 4.833643
8986 4.777587
8988 4.733069
8990 4.717069
8992 4.741886
8994 4.800091
8996 4.867766
8998 4.919086
9000 4.930978
9002 4.894814
9004 4.828989
9006 4.760988
9008 4.708661
9010 4.680361
9012 4.674157
9014 4.707382
9016 4.791111
9018 4.897181
9020 4.982816
9022 5.013428
9024 4.984448
9026 4.914841
9028 4.825615
9030 4.731709
9032 4.649612
9034 4.604223
9036 4.612033
9038 4.666293
9040 4.743382
9042 4.815792
9044 4.868773
9046 4.903821
9048 4.914950
9050 4.889018
9052 4.830132
9054 4.759573
9056 4.716144
9058 4.723953
9060 4.775465
9062 4.848037
9064 4.914025
9066 4.952529
9068 4.954625
9070 4.916882
9072 4.847548
9074 4.767873
9076 4.703545
9078 4.674755
9080 4.688987
9082 4.738702
9084 4.811792
9086 4.886269
9088 4.937046
9090 4.954978
9092 4.929019
9094 4.861425
9096 4.781560
9098 4.722892
9100 4.703273
9102 4.718974
9104 4.761614
9106 4.829126
9108 4.910678
9110 4.978054
9112 5.000612
9114 4.965836
9116 4.886269
9118 4.792771
9120 4.723273
9122 4.701640
9124 4.719300
9126 4.755600
9128 4.802730
9130 4.857208
9132 4.906923
9134 4.934406
9136 4.924665
9138 4.876174
9140 4.808146
9142 4.758594
9144 4.762022
9146 4.812037
9148 4.870568
9150 4.912528
9152 4.935332
9154 4.943794
9156 4.931304
9158 4.883739
9160 4.803628
9162 4.710348
9164 4.631027
9166 4.597176
9168 4.623081
9170 4.688034
9172 4.770839
9174 4.864391
9176 4.946189
9178 4.985428
9180 4.970244
9182 4.918270
9184 4.852908
9186 4.785288
9188 4.729423
9190 4.697803
9192 4.704633
9194 4.758784
9196 4.834513
9198 4.885970
9200 4.890977
9202 4.854976
9204 4.798295
9206 4.742893
9208 4.703327
9210 4.691381
9212 4.704905
9214 4.739464
9216 4.795792
9218 4.864228
9220 4.922243
9222 4.947930
9224 4.927957
9226 4.864119
9228 4.780580
9230 4.719355
9232 4.709586
9234 4.743382
9236 4.794894
9238 4.847929
9240 4.894378
9242 4.923250
9244 4.924012
9246 4.895059
9248 4.845643
9250 4.786132
9252 4.729695
9254 4.698130
9256 4.710402
9258 4.769968
9260 4.858732
9262 4.941808
9264 4.987768
9266 4.986625
9268 4.951740
9270 4.904474
9272 4.853643
9274 4.798894
9276 4.751600
9278 4.731763
9280 4.750158
9282 4.795002
9284 4.840582
9286 4.869997
9288 4.874950
9290 4.853398
9292 4.811819
9294 4.755709
9296 4.698565
9298 4.666184
9300 4.679626
9302 4.741314
9304 4.825207
9306 4.891440
9308 4.922569
9310 4.921726
9312 4.894460
9314 4.843303
9316 4.770131
9318 4.691790
9320 4.638374
9322 4.630782
9324 4.672578
9326 4.750838
9328 4.831194
9330 4.893018
9332 4.925916
9334 4.919930
9336 4.873698
9338 4.799057
9340 4.727328
9342 4.689286
9344 4.694592
9346 4.736580
9348 4.802676
9350 4.873154
9352 4.928855
9354 4.951141
9356 4.933019
9358 4.882460
9360 4.817533
9362 4.764635
9364 4.736063
9366 4.723736
9368 4.739219
9370 4.783002
9372 4.835738
9374 4.870650
9376 4.874215
9378 4.858541
9380 4.836445
9382 4.807901
9384 4.779247
9386 4.760580
9388 4.763274
9390 4.798105
9392 4.857371
9394 4.915467
9396 4.943849
9398 4.933427
9400 4.896855
9402 4.842894
9404 4.777315
9406 4.716253
9408 4.673123
9410 4.660551
9412 4.686293
9414 4.738131
9416 4.797506
9418 4.850677
9420 4.887848
9422 4.898841
9424 4.877399
9426 4.836554
9428 4.798322
9430 4.783438
9432 4.800989
9434 4.840201
9436 4.876473
9438 4.899304
9440 4.909018
9442 4.908583
9444 4.904011
9446 4.868310
9448 4.796962
9450 4.724987
9452 4.695463
9454 4.730729
9456 4.806431
9458 4.876174
9460 4.914542
9462 4.927359
9464 4.929345
9466 4.919168
9468 4.884147
9470 4.823683
9472 4.756281
9474 4.716416
9476 4.732226
9478 4.796962
9480 4.874868
9482 4.930842
9484 4.948774
9486 4.935767
9488 4.906297
9490 4.858840
9492 4.793887
9494 4.727464
9496 4.682864
9498 4.676061
9500 4.706293
9502 4.757560
9504 4.809452
9506 4.852310
9508 4.889644
9510 4.916964
9512 4.915168
9514 4.881426
9516 4.837833
9518 4.808526
9520 4.809316
9522 4.839629
9524 4.859548
9526 4.864664
9528 4.861507
9530 4.851521
9532 4.828282
9534 4.783138
9536 4.724933
9538 4.677939
9540 4.664197
9542 4.691245
9544 4.747301
9546 4.814676
9548 4.880092
9550 4.934597
9552 4.972230
9554 4.983523
9556 4.956693
9558 4.889317
9560 4.799656
9562 4.723545
9564 4.698756
9566 4.732090
9568 4.795356
9570 4.854976
9572 4.893861
9574 4.905889
9576 4.886705
9578 4.839901
9580 4.779138
9582 4.725804
9584 4.703735
9586 4.724824
9588 4.778757
9590 4.844364
9592 4.906787
9594 4.957808
9596 4.981972
9598 4.953019
9600 4.868636
9602 4.775601
9604 4.717042
9606 4.710130
9608 4.744961
9610 4.796853
9612 4.846214
9614 4.886841
9616 4.918216
9618 4.928229
9620 4.894923
9622 4.818078
9624 4.729369
9626 4.668197
9628 4.657177
9630 4.694538
9632 4.764907
9634 4.852201
9636 4.941454
9638 5.013020
9640 5.042327
9642 5.008340
9644 4.918842
9646 4.808771
9648 4.717668
9650 4.671000
9652 4.672633
9654 4.711300
9656 4.766703
9658 4.819112
9660 4.856609
9662 4.869915
9664 4.849833
9666 4.796118
9668 4.728334
9670 4.680170
9672 4.675572
9674 4.713885
9676 4.777669
9678 4.859330
9680 4.935413
9682 4.979822
9684 4.982135
9686 4.930515
9688 4.829779
9690 4.716198
9692 4.640278
9694 4.625203
9696 4.656741
9698 4.711681
9700 4.781261
9702 4.864174
9704 4.941890
9706 4.974570
9708 4.937318
9710 4.849670
9712 4.759628
9714 4.706511
9716 4.698484
9718 4.721695
9720 4.771573
9722 4.851058
9724 4.945672
9726 5.014027
9728 5.012612
9730 4.942162
9732 4.842731
9734 4.751519
9736 4.688497
9738 4.661367
9740 4.667490
9742 4.714429
9744 4.797343
9746 4.887467
9748 4.948311
9750 4.959060
9752 4.921916
9754 4.855466
9756 4.783247
9758 4.727845
9760 4.711273
9762 4.744661
9764 4.824200
9766 4.924746
9768 5.008177
9770 5.040613
9772 5.010870
9774 4.931359
9776 4.829697
9778 4.733260
9780 4.658156
9782 4.614428
9784 4.611244
9786 4.660850
9788 4.765696
9790 4.898542
9792 5.006653
9794 5.043415
9796 5.000585
9798 4.914324
9800 4.824527
9802 4.760308
9804 4.731137
9806 4.736688
9808 4.779927
9810 4.858759
9812 4.943577
9814 4.987224
9816 4.966679
9818 4.895004
9820 4.800091
9822 4.706511
9824 4.635244
9826 4.605393
9828 4.627326
9830 4.697722
9832 4.801370
9834 4.909807
9836 4.987958
9838 5.009047
9840 4.968666
9842 4.886188
9844 4.796336
9846 4.732090
9848 4.709613
9850 4.729668
9852 4.785587
9854 4.861208
9856 4.928692
9858 4.963523
9860 4.953944
9862 4.901617
9864 4.820908
9866 4.734131
9868 4.663762
9870 4.627163
9872 4.633149
9874 4.682755
9876 4.768254
9878 4.869534
9880 4.959876
9882 5.014462
9884 5.018871
9886 4.976285
9888 4.904583
9890 4.825860
9892 4.759165
9894 4.727192
9896 4.746131
9898 4.808635
9900 4.888882
9902 4.946325
9904 4.951686
9906 4.902977
9908 4.819493
9910 4.728226
9912 4.653721
9914 4.610373
9916 4.606890
9918 4.654564
9920 4.759437
9922 4.900283
9924 5.027061
9926 5.093430
9928 5.080341
9930 4.994680
9932 4.863902
9934 4.729913
9936 4.632442
9938 4.595244
9940 4.628278
9942 4.720389
9944 4.828772
9946 4.903440
9948 4.925835
9950 4.905290
9952 4.852038
9954 4.779519
9956 4.710729
9958 4.666891
9960 4.665204
9962 4.718566
9964 4.820472
9966 4.932883
9968 5.006734
9970 5.018707
9972 4.974189
9974 4.892664
9976 4.800717
9978 4.723192
9980 4.678021
9982 4.677150
9984 4.722919
9986 4.798295
9988 4.868446
9990 4.903413
9992 4.899440
9994 4.868718
9996 4.821642
9998 4.767519
10000 4.720688
10002 4.700116
10004 4.722348
10006 4.791982
10008 4.893154
10010 4.987060
10012 5.034082
10014 5.024340
10016 4.972775
10018 4.896365
10020 4.807819
10022 4.722348
10024 4.661313
10026 4.643163
10028 4.671299
10030 4.731627
10032 4.796118
10034 4.843085
10036 4.868664
10038 4.873507
10040 4.854214
10042 4.813751
10044 4.765505
10046 4.726539
10048 4.714348
10050 4.750920
10052 4.829561
10054 4.913590
10056 4.971332
10058 4.986026
10060 4.950352
10062 4.869970
10064 4.769505
10066 4.676252
10068 4.611353
10070 4.592223
10072 4.629258
10074 4.712361
10076 4.811683
10078 4.899576
10080 4.962189
10082 4.990190
10084 4.975169
10086 4.920719
10088 4.841398
10090 4.763410
10092 4.722185
10094 4.739301
10096 4.805424
10098 4.884882
10100 4.943522
10102 4.969291
10104 4.960230
10106 4.912909
10108 4.835765
10110 4.752308
10112 4.692089
10114 4.671381
10116 4.686619
10118 4.729124
10120 4.790295
10122 4.858759
10124 4.920583
10126 4.958652
10128 4.950162
10130 4.887303
10132 4.802540
10134 4.745260
10136 4.743464
10138 4.789642
10140 4.858078
10142 4.923413
10144 4.967441
10146 4.977264
10148 4.943413
10150 4.866487
10152 4.758975
10154 4.645830
10156 4.563706
10158 4.545828
10160 4.601393
10162 4.712878
10164 4.847003
10166 4.967795
10168 5.042817
10170 5.048068
10172 4.981591
10174 4.866541
10176 4.744199
10178 4.659272
10180 4.641775
10182 4.692443
10184 4.781315
10186 4.866296
10188 4.920746
10190 4.933808
10192 4.904556
10194 4.842704
10196 4.768226
10198 4.703654
10200 4.668578
10202 4.675517
10204 4.725749
10206 4.810322
10208 4.909671
10210 4.990380
10212 5.024531
10214 5.002462
10216 4.934134
10218 4.847575
10220 4.776852
10222 4.737967
10224 4.728498
10226 4.744362
10228 4.784254
10230 4.842160
10232 4.900038
10234 4.930488
10236 4.914597
10238 4.856500
10240 4.783764
10242 4.724498
10244 4.690375
10246 4.684388
10248 4.709586
10250 4.769696
10252 4.859303
10254 4.952420
10256 5.010734
10258 5.009728
10260 4.957699
10262 4.881888
10264 4.801397
10266 4.731818
10268 4.694375
10270 4.704280
10272 4.756961
10274 4.827330
10276 4.880473
10278 4.892065
10280 4.858650
10282 4.793696
10284 4.721477
10286 4.661231
10288 4.625067
10290 4.635625
10292 4.705531
10294 4.817316
10296 4.934869
10298 5.023170
10300 5.056939
10302 5.025075
10304 4.935957
10306 4.816554
10308 4.703899
10310 4.633312
10312 4.624577
10314 4.673204
10316 4.757641
10318 4.847357
10320 4.910678
10322 4.929753
10324 4.907331
10326 4.861017
10328 4.804907
10330 4.749505
10332 4.715355
10334 4.725015
10336 4.786757
10338 4.882895
10340 4.966380
10342 4.993918
10344 4.966353
10346 4.907821
10348 4.839139
10350 4.766975
10352 4.698184
10354 4.655217
10356 4.662809
10358 4.726756
10360 4.819465
10362 4.890923
10364 4.919903
10366 4.916012
10368 4.889644
10370 4.844473
10372 4.782866
10374 4.719817
10376 4.686837
10378 4.711028
10380 4.790132
10382 4.890433
10384 4.971332
10386 5.013265
10388 5.014490
10390 4.976176
10392 4.905590
10394 4.817098
10396 4.729858
10398 4.669612
10400 4.659735
10402 4.704334
10404 4.782839
10406 4.859493
10408 4.904556
10410 4.910379
10412 4.891521
10414 4.863630
10416 4.826758
10418 4.780254
10420 4.750131
10422 4.760852
10424 4.809969
10426 4.880582
10428 4.936447
10430 4.949754
10432 4.925753
10434 4.885018
10436 4.832418
10438 4.764063
10440 4.697939
10442 4.665585
10444 4.681585
10446 4.735763
10448 4.805343
10450 4.867630
10452 4.911903
10454 4.939223
10456 4.949427
10458 4.934216
10460 4.885725
10462 4.818976
10464 4.772145
10466 4.770376
10468 4.809642
10470 4.864609
10472 4.909916
10474 4.934216
10476 4.938597
10478 4.922270
10480 4.877099
10482 4.804554
10484 4.726511
10486 4.672769
10488 4.666156
10490 4.710783
10492 4.785723
10494 4.860364
10496 4.915358
10498 4.947305
10500 4.947169
10502 4.900474
10504 4.815057
10506 4.727273
10508 4.679381
10510 4.692415
10512 4.761396
10514 4.857779
10516 4.943141
10518 4.990407
10520 4.982516
10522 4.927359
10524 4.835411
10526 4.736307
10528 4.668252
10530 4.651381
10532 4.682946
10534 4.749423
10536 4.833071
10538 4.913345
10540 4.974679
10542 5.003578
10544 4.986081
10546 4.915331
10548 4.813397
10550 4.731682
10552 4.711654
10554 4.748063
10556 4.806377
10558 4.856555
10560 4.887467
10562 4.899358
10564 4.896447
10566 4.874106
10568 4.824309
10570 4.757941
10572 4.705858
10574 4.695354
10576 4.730729
10578 4.799520
10580 4.875820
10582 4.936039
10584 4.969618
10586 4.970217
10588 4.933862
10590 4.869970
10592 4.798839
10594 4.742784
10596 4.717994
10598 4.731899
10600 4.779029
10602 4.839792
10604 4.892637
10606 4.925318
10608 4.930379
10610 4.904039
10612 4.847194
10614 4.767464
10616 4.697994
10618 4.671327
10620 4.690565
10622 4.748906
10624 4.826159
10626 4.898787
10628 4.953046
10630 4.978244
10632 4.962434
10634 4.902106
10636 4.815438
10638 4.740280
10640 4.703246
10642 4.712688
10644 4.759981
10646 4.823710
10648 4.884474
10650 4.930053
10652 4.943386
10654 4.910324
10656 4.834459
10658 4.740035
10660 4.666646
10662 4.644469
10664 4.679817
10666 4.760063
10668 4.861235
10670 4.955223
10672 5.015143
10674 5.024476
10676 4.969400
10678 4.861725
10680 4.744416
10682 4.659816
10684 4.628387
10686 4.647435
10688 4.703817
10690 4.780472
10692 4.859140
10694 4.920148
10696 4.940339
10698 4.915767
10700 4.860990
10702 4.795737
10704 4.740933
10706 4.716688
10708 4.737831
10710 4.803411
10712 4.891168
10714 4.969155
10716 5.009102
10718 4.994925
10720 4.929753
10722 4.839411
10724 4.758866
10726 4.710919
10728 4.701967
10730 4.731028
10732 4.790676
10734 4.866704
10736 4.939930
10738 4.986816
10740 4.981346
10742 4.914569
10744 4.813588
10746 4.727083
10748 4.684606
10750 4.685204
10752 4.724661
10754 4.795383
10756 4.886950
10758 4.987197
10760 5.057075
10762 5.051334
10764 4.961591
10766 4.829996
10768 4.717123
10770 4.657803
10772 4.651027
10774 4.683354
10776 4.746403
10778 4.834350
10780 4.928474
10782 4.990435
10784 4.991142
10786 4.937781
10788 4.860827
10790 4.788553
10792 4.733532
10794 4.708770
10796 4.733287
10798 4.805452
10800 4.899685
10802 4.974761
10804 4.992911
10806 4.949237
10808 4.870378
10810 4.784063
10812 4.708389
10814 4.651734
10816 4.624795
10818 4.639081
10820 4.699735
10822 4.799656
10824 4.903957
10826 4.967577
10828 4.974326
10830 4.937182
10832 4.878759
10834 4.811955
10836 4.749723
10838 4.714566
10840 4.719328
10842 4.763301
10844 4.832962
10846 4.898106
10848 4.932665
10850 4.931087
10852 4.898079
10854 4.839874
10856 4.773043
10858 4.723219
10860 4.716851
10862 4.761396
10864 4.837643
10866 4.913535
10868 4.957863
10870 4.959767
10872 4.932692
10874 4.892392
10876 4.844473
10878 4.789098
10880 4.735301
10882 4.710729
10884 4.741831
10886 4.825425
10888 4.923440
10890 4.984992
10892 4.983958
10894 4.932910
10896 4.863793
10898 4.800254
10900 4.746485
10902 4.702729
10904 4.687790
10906 4.727545
10908 4.816908
10910 4.915059
10912 4.982435
10914 4.998979
10916 4.968421
10918 4.905671
10920 4.827574
10922 4.752063
10924 4.695381
10926 4.676769
10928 4.711817
10930 4.787737
10932 4.870813
10934 4.926134
10936 4.936447
10938 4.907712
10940 4.853425
10942 4.794894
10944 4.747192
10946 4.714049
10948 4.702212
10950 4.733858
10952 4.802322
10954 4.898161
10956 4.972775
10958 4.985727
10960 4.942869
10962 4.878160
10964 4.816146
10966 4.757560
10968 4.703953
10970 4.679300
10972 4.705504
10974 4.781941
10976 4.880582
10978 4.951414
10980 4.970407
10982 4.955142
10984 4.915277
10986 4.840391
10988 4.747573
10990 4.677694
10992 4.659381
10994 4.697368
10996 4.774621
10998 4.857534
11000 4.913372
11002 4.934379
11004 4.929508
11006 4.898025
11008 4.835765
11010 4.755546
11012 4.697123
11014 4.689232
11016 4.728607
11018 4.796336
11020 4.872201
11022 4.933835
11024 4.962706
11026 4.948556
11028 4.896991
11030 4.825316
11032 4.761043
11034 4.729069
11036 4.734267
11038 4.769832
11040 4.827656
11042 4.891603
11044 4.939304
11046 4.964747
11048 4.963305
11050 4.920746
11052 4.843330
11054 4.756743
11056 4.698620
11058 4.694620
11060 4.742675
11062 4.815003
11064 4.877262
11066 4.905971
11068 4.907875
11070 4.911494
11072 4.914433
11074 4.880582
11076 4.795356
11078 4.703246
11080 4.668660
11082 4.716878
11084 4.815057
11086 4.911086
11088 4.963686
11090 4.968584
11092 4.942679
11094 4.894950
11096 4.821778
11098 4.732498
11100 4.660769
11102 4.640632
11104 4.679544
11106 4.758893
11108 4.851575
11110 4.931223
11112 4.976584
11114 4.973999
11116 4.920012
11118 4.827466
11120 4.729641
11122 4.669776
11124 4.670075
11126 4.716606
11128 4.782267
11130 4.850867
11132 4.908093
11134 4.940856
11136 4.939767
11138 4.901399
11140 4.831819
11142 4.754648
11144 4.701858
11146 4.696225
11148 4.738675
11150 4.804227
11152 4.869888
11154 4.924365
11156 4.958026
11158 4.963169
11160 4.936556
11162 4.877453
11164 4.800717
11166 4.737940
11168 4.718538
11170 4.751519
11172 4.813425
11174 4.871439
11176 4.908746
11178 4.926814
11180 4.930216
11182 4.915821
11184 4.865181
11186 4.775410
11188 4.679218
11190 4.630319
11192 4.666156
11194 4.770730
11196 4.888773
11198 4.973727
11200 5.011660
11202 5.002707
11204 4.958298
11206 4.896501
11208 4.812363
11210 4.713885
11212 4.635925
11214 4.618237
11216 4.671082
11218 4.768961
11220 4.875385
11222 4.960257
11224 5.001537
11226 4.983550
11228 4.911603
11230 4.824908
11232 4.763192
11234 4.739627
11236 4.752525
11238 4.796608
11240 4.863140
11242 4.931522
11244 4.975659
11246 4.981264
11248 4.943658
11250 4.866623
11252 4.776199
11254 4.706892
11256 4.676497
11258 4.687953
11260 4.736307
11262 4.807710
11264 4.878160
11266 4.928529
11268 4.953346
11270 4.944230
11272 4.891957
11274 4.811275
11276 4.737287
11278 4.695599
11280 4.694919
11282 4.734974
11284 4.804363
11286 4.876963
11288 4.935060
11290 4.958026
11292 4.927576
11294 4.851167
11296 4.767002
11298 4.709749
11300 4.685232
11302 4.687136
11304 4.715464
11306 4.776852
11308 4.869317
11310 4.959332
11312 4.997591
11314 4.963087
11316 4.881317
11318 4.791846
11320 4.718021
11322 4.673449
11324 4.670891
11326 4.710429
11328 4.796145
11330 4.903848
11332 4.981101
11334 4.985999
11336 4.922025
11338 4.821561
11340 4.711545
11342 4.618101
11344 4.569583
11346 4.582890
11348 4.667735
11350 4.807955
11352 4.954788
11354 5.052694
11356 5.078518
11358 5.038436
11360 4.944937
11362 4.824744
11364 4.713123
11366 4.645068
11368 4.644959
11370 4.710593
11372 4.815112
11374 4.914950
11376 4.975332
11378 4.989346
11380 4.962271
11382 4.898351
11384 4.810948
11386 4.726022
11388 4.673286
11390 4.676714
11392 4.745233
11394 4.858840
11396 4.966489
11398 5.022789
11400 5.018653
11402 4.968666
11404 4.892474
11406 4.808663
11408 4.729341
11410 4.667952
11412 4.647272
11414 4.692524
11416 4.802213
11418 4.926025
11420 5.005265
11422 5.018435
11424 4.977591
11426 4.901644
11428 4.808717
11430 4.715763
11432 4.644034
11434 4.619326
11436 4.662292
11438 4.768417
11440 4.890841
11442 4.974244
11444 5.000258
11446 4.976394
11448 4.913644
11450 4.824064
11452 4.724824
11454 4.646591
11456 4.622156
11458 4.662374
11460 4.748934
11462 4.846296
11464 4.919876
11466 4.950924
11468 4.937753
11470 4.890514
11472 4.820935
11474 4.748471
11476 4.703436
11478 4.705613
11480 4.756634
11482 4.843548
11484 4.935359
11486 4.997455
11488 5.011115
11490 4.979577
11492 4.916066
11494 4.831275
11496 4.737369
11498 4.656143
11500 4.621856
11502 4.658592
11504 4.753233
11506 4.866541
11508 4.957890
11510 5.002163
11512 4.997074
11514 4.953264
11516 4.880637
11518 4.791574
11520 4.711028
11522 4.665531
11524 4.675490
11526 4.746240
11528 4.857044
11530 4.967985
11532 5.040749
11534 5.052531
11536 4.994135
11538 4.876745
11540 4.743274
11542 4.646836
11544 4.618128
11546 4.658918
11548 4.746212
11550 4.848092
11552 4.939604
11554 5.002870
11556 5.021265
11558 4.979577
11560 4.876092
11562 4.742512
11564 4.637584
11566 4.613856
11568 4.683136
11570 4.808499
11572 4.933781
11574 5.017102
11576 5.039878
11578 5.008830
11580 4.936828
11582 4.828745
11584 4.705232
11586 4.609203
11588 4.578835
11590 4.622292
11592 4.716253
11594 4.823466
11596 4.911794
11598 4.961917
11600 4.969945
11602 4.941645
11604 4.880337
11606 4.799411
11608 4.732144
11610 4.713504
11612 4.752988
11614 4.827384
11616 4.899195
11618 4.940937
11620 4.945835
11622 4.920148
11624 4.867276
11626 4.788744
11628 4.702130
11630 4.643190
11632 4.641013
11634 4.698103
11636 4.791819
11638 4.891004
11640 4.972992
11642 5.022816
11644 5.023878
11646 4.964339
11648 4.855738
11650 4.732552
11652 4.635462
11654 4.591488
11656 4.607353
11658 4.676851
11660 4.785778
11662 4.905916
11664 4.995904
11666 5.018544
11668 4.964366
11670 4.857044
11672 4.733559
11674 4.628006
11676 4.574481
11678 4.598182
11680 4.688470
11682 4.816908
11684 4.944801
11686 5.031633
11688 5.051089
11690 4.999251
11692 4.893372
11694 4.767328
11696 4.663626
11698 4.617502
11700 4.644605
11702 4.730974
11704 4.841969
11706 4.938216
11708 4.991224
11710 4.992748
11712 4.946869
11714 4.857888
11716 4.745314
11718 4.646891
11720 4.598890
11722 4.622183
11724 4.714103
11726 4.846405
11728 4.975958
11730 5.059688
11732 5.072287
11734 5.016857
11736 4.913807
11738 4.797288
11740 4.704525
11742 4.657884
11744 4.663925
11746 4.717885
11748 4.803901
11750 4.895140
11752 4.961917
11754 4.984775
11756 4.953427
11758 4.871847
11760 4.772716
11762 4.700769
11764 4.681177
11766 4.711599
11768 4.775301
11770 4.857643
11772 4.943468
11774 5.005591
11776 5.015279
11778 4.955795
11780 4.834241
11782 4.695191
11784 4.595570
11786 4.567651
11788 4.612060
11790 4.705450
11792 4.821017
11794 4.935440
11796 5.017265
11798 5.038599
11800 4.984094
11802 4.863494
11804 4.723464
11806 4.616305
11808 4.574645
11810 4.607162
11812 4.699327
11814 4.827901
11816 4.964040
11818 5.065647
11820 5.094355
11822 5.036912
11824 4.918760
11826 4.792826
11828 4.699599
11830 4.654265
11832 4.651626
11834 4.689232
11836 4.773505
11838 4.889208
11840 4.991904
11842 5.038490
11844 5.009891
11846 4.915821
11848 4.798730
11850 4.711273
11852 4.680334
11854 4.699082
11856 4.752498
11858 4.837098
11860 4.944502
11862 5.039470
11864 5.078899
11866 5.041592
11868 4.934896
11870 4.793615
11872 4.667735
11874 4.597665
11876 4.597638
11878 4.660796
11880 4.772118
11882 4.906678
11884 5.025673
11886 5.091144
11888 5.080559
11890 4.993156
11892 4.853806
11894 4.709178
11896 4.609502
11898 4.590890
11900 4.661857
11902 4.799111
11904 4.957482
11906 5.079470
11908 5.112042
11910 5.038735
11912 4.897263
11914 4.747138
11916 4.628659
11918 4.561855
11920 4.559678
11922 4.623761
11924 4.739219
11926 4.876718
11928 4.994108
11930 5.047388
11932 5.014354
11934 4.914107
11936 4.795519
11938 4.698973
11940 4.646401
11942 4.647925
11944 4.705776
11946 4.812010
11948 4.936311
11950 5.029782
11952 5.053021
11954 4.991959
11956 4.871929
11958 4.740743
11960 4.635408
11962 4.578835
11964 4.579189
11966 4.631108
11968 4.724035
11970 4.839928
11972 4.947441
11974 5.014381
11976 5.019088
11978 4.959876
11980 4.859738
11982 4.757505
11984 4.690130
11986 4.673912
11988 4.708987
11990 4.785696
11992 4.872038
11994 4.941236
11996 4.974053
11998 4.960393
12000 4.902270
12002 4.816173
12004 4.731763
12006 4.677340
12008 4.669395
12010 4.711872
12012 4.798023
12014 4.907086
12016 5.004666
12018 5.053810
12020 5.036694
12022 4.964557
12024 4.858704
12026 4.742403
12028 4.644659
12030 4.594073
12032 4.614428
12034 4.709423
12036 4.842786
12038 4.956257
12040 5.007034
12042 4.991686
12044 4.930570
12046 4.838622
12048 4.736335
12050 4.647952
12052 4.590590
12054 4.582862
12056 4.640306
12058 4.753260
12060 4.881752
12062 4.981292
12064 5.025129
12066 5.004612
12068 4.926869
12070 4.827221
12072 4.751573
12074 4.720307
12076 4.728226
12078 4.764417
12080 4.821642
12082 4.886297
12084 4.935168
12086 4.949590
12088 4.922461
12090 4.855276
12092 4.765315
12094 4.686565
12096 4.653231
12098 4.684279
12100 4.769995
12102 4.875902
12104 4.965346
12106 5.018435
12108 5.028993
12110 4.992095
12112 4.906107
12114 4.789206
12116 4.679871
12118 4.616713
12120 4.621530
12122 4.687626
12124 4.781832
12126 4.868990
12128 4.931386
12130 4.961645
12132 4.948257
12134 4.886650
12136 4.801397
12138 4.729505
12140 4.694130
12142 4.701613
12144 4.745668
12146 4.816363
12148 4.900800
12150 4.970244
12152 4.988802
12154 4.941345
12156 4.843983
12158 4.742457
12160 4.680851
12162 4.667844
12164 4.691926
12166 4.723382
12168 4.747519
12170 4.787220
12172 4.850568
12174 4.916501
12176 4.949971
12178 4.921345
12180 4.834405
12182 4.734185
12184 4.679925
12186 4.694293
12188 4.746267
12190 4.799329
12192 4.852201
12194 4.916828
12196 4.987904
12198 5.031170
12200 5.005210
12202 4.908801
12204 4.789261
12206 4.703763
12208 4.681368
12210 4.707218
12212 4.751437
12214 4.802594
12216 4.862541
12218 4.924311
12220 4.961999
12222 4.948502
12224 4.882922
12226 4.796309
12228 4.729886
12230 4.713123
12232 4.747981
12234 4.811438
12236 4.878596
12238 4.933590
12240 4.962325
12242 4.948774
12244 4.880446
12246 4.773206
12248 4.669313
12250 4.607570
12252 4.608441
12254 4.666973
12256 4.758294
12258 4.856473
12260 4.944801
12262 5.003415
12264 5.003197
12266 4.930951
12268 4.814703
12270 4.705912
12272 4.644170
12274 4.644442
12276 4.694402
12278 4.768444
12280 4.849969
12282 4.927250
12284 4.974462
12286 4.964339
