0 4.688116
8 4.710865
16 4.575243
24 4.582808
32 4.791438
40 4.554971
48 4.720824
56 4.491731
64 4.680388
72 4.713314
80 4.544902
88 4.782676
96 4.606482
104 4.641231
112 4.520222
120 4.709287
128 4.836309
136 4.493718
144 4.685232
152 4.594944
160 4.763356
168 4.665612
176 4.554209
184 4.643299
192 4.568495
200 4.790703
208 4.536521
216 4.752852
224 4.707735
232 4.448384
240 4.728715
248 4.641367
256 4.776580
264 4.526997
272 4.596142
280 4.758077
288 4.561120
296 4.783465
304 4.521501
312 4.621884
320 4.594781
328 4.666946
336 4.749206
344 4.606019
352 4.728933
360 4.470044
368 4.699817
376 4.709667
384 4.552168
392 4.608087
400 4.548113
408 4.824744
416 4.587189
424 4.712416
432 4.602210
440 4.520004
448 4.665422
456 4.529528
464 4.849452
472 4.594645
480 4.652496
488 4.556576
496 4.571161
504 4.863929
512 4.410315
520 4.657830
528 4.639680
536 4.682456
544 4.699436
552 4.584794
560 4.782458
568 4.444111
576 4.692905
584 4.663163
592 4.617829
600 4.781125
608 4.489718
616 4.719817
624 4.591924
632 4.742185
640 4.591788
648 4.469500
656 4.800499
664 4.553284
672 4.759492
680 4.633149
688 4.661340
696 4.615625
704 4.539542
712 4.765560
720 4.567896
728 4.722076
736 4.538208
744 4.672361
752 4.812336
760 4.629720
768 4.723083
776 4.503242
784 4.724470
792 4.558644
800 4.665639
808 4.770403
816 4.556141
824 4.737532
832 4.553365
840 4.784526
848 4.586264
856 4.584196
864 4.655707
872 4.521637
880 4.860119
888 4.569039
896 4.668633
904 4.613747
912 4.597611
920 4.720334
928 4.453690
936 4.803329
944 4.538154
952 4.592822
960 4.754294
968 4.587053
976 4.758702
984 4.481854
992 4.665966
1000 4.624958
1008 4.693531
1016 4.740280
1024 4.456874
1032 4.715681
1040 4.562236
1048 4.628441
1056 4.630863
1064 4.625094
1072 4.709776
1080 4.491242
1088 4.833670
1096 4.601502
1104 4.650510
1112 4.577094
1120 4.533909
1128 4.714538
1136 4.586618
1144 4.740634
1152 4.537909
1160 4.685477
1168 4.683164
1176 4.528902
1184 4.735437
1192 4.534263
1200 4.661993
1208 4.541882
1216 4.777342
1224 4.750920
1232 4.481527
1240 4.712225
1248 4.518018
1256 4.665041
1264 4.583815
1272 4.620768
1280 4.694347
1288 4.571951
1296 4.758077
1304 4.551515
1312 4.734267
1320 4.611570
1328 4.521174
1336 4.702103
1344 4.605992
1352 4.763083
1360 4.497065
1368 4.694211
1376 4.672714
1384 4.498289
1392 4.755328
1400 4.496194
1408 4.718838
1416 4.609965
1424 4.623054
1432 4.708661
1440 4.614373
1448 4.726974
1456 4.437091
1464 4.701178
1472 4.687926
1480 4.572685
1488 4.701776
1496 4.582699
1504 4.745260
1512 4.546372
1520 4.662075
1528 4.663408
1536 4.595978
1544 4.705178
1552 4.567951
1560 4.743246
1568 4.654646
1576 4.638428
1584 4.544059
1592 4.613366
1600 4.777233
1608 4.546481
1616 4.708225
1624 4.636115
1632 4.676578
1640 4.629475
1648 4.603489
1656 4.720715
1664 4.563624
1672 4.677558
1680 4.590999
1688 4.695409
1696 4.766621
1704 4.522317
1712 4.691545
1720 4.583570
1728 4.755192
1736 4.566155
1744 4.613502
1752 4.790023
1760 4.493609
1768 4.731682
1776 4.638129
1784 4.655571
1792 4.588794
1800 4.524684
1808 4.732117
1816 4.536385
1824 4.781179
1832 4.529882
1840 4.580958
1848 4.717368
1856 4.498725
1864 4.706538
1872 4.605176
1880 4.693177
1888 4.580386
1896 4.585992
1904 4.825860
1912 4.489500
1920 4.598781
1928 4.540222
1936 4.645884
1944 4.667381
1952 4.601720
1960 4.676334
1968 4.540930
1976 4.756607
1984 4.564984
1992 4.613856
2000 4.706484
2008 4.529855
2016 4.603570
2024 4.650537
2032 4.821615
2040 4.577719
2048 4.500221
2056 4.663435
2064 4.598482
2072 4.665204
2080 4.536304
2088 4.669912
2096 4.605040
2104 4.633367
2112 4.740362
2120 4.530480
2128 4.799084
2136 4.496738
2144 4.533474
2152 4.723491
2160 4.693694
2168 4.677612
2176 4.474207
2184 4.783438
2192 4.628251
2200 4.634537
2208 4.635789
2216 4.526344
2224 4.735627
2232 4.552304
2240 4.765015
2248 4.625720
2256 4.673558
2264 4.622836
2272 4.431513
2280 4.865943
2288 4.616278
2296 4.639516
2304 4.605339
2312 4.655598
2320 4.732770
2328 4.504004
2336 4.774893
2344 4.539705
2352 4.644632
2360 4.716498
2368 4.644632
2376 4.742757
2384 4.545256
2392 4.651762
2400 4.521419
2408 4.732716
2416 4.743791
2424 4.542154
2432 4.742811
2440 4.651190
2448 4.664714
2456 4.573747
2464 4.679817
2472 4.614455
2480 4.533719
2488 4.802649
2496 4.673558
2504 4.764662
2512 4.572604
2520 4.592441
2528 4.655925
2536 4.633748
2544 4.735654
2552 4.471377
2560 4.746321
2568 4.671572
2576 4.582781
2584 4.769315
2592 4.549039
2600 4.674946
2608 4.478806
2616 4.751355
2624 4.727545
2632 4.569719
2640 4.712008
2648 4.475377
2656 4.769750
2664 4.662946
2672 4.642972
2680 4.602046
2688 4.598509
2696 4.789778
2704 4.473391
2712 4.794295
2720 4.611870
2728 4.512956
2736 4.684851
2744 4.639843
2752 4.820010
2760 4.486207
2768 4.632414
2776 4.637857
2784 4.565964
2792 4.781125
2800 4.510616
2808 4.634319
2816 4.572876
2824 4.683844
2832 4.615516
2840 4.669014
2848 4.713858
2856 4.401662
2864 4.735409
2872 4.642455
2880 4.661884
2888 4.602836
2896 4.523433
2904 4.770349
2912 4.589502
2920 4.822812
2928 4.546562
2936 4.569338
2944 4.689830
2952 4.545229
2960 4.737858
2968 4.557692
2976 4.695273
2984 4.498779
2992 4.691137
3000 4.830921
3008 4.481908
3016 4.676959
3024 4.529474
3032 4.718239
3040 4.697450
3048 4.641312
3056 4.685613
3064 4.496276
3072 4.741423
3080 4.624033
3088 4.642700
3096 4.700497
3104 4.550454
3112 4.661231
3120 4.637421
3128 4.838214
3136 4.548603
3144 4.576957
3152 4.662701
3160 4.593366
3168 4.756117
3176 4.632741
3184 4.668850
3192 4.579162
3200 4.639925
3208 4.721260
3216 4.531025
3224 4.718049
3232 4.573583
3240 4.653639
3248 4.757233
3256 4.676742
3264 4.655054
3272 4.532630
3280 4.731709
3288 4.593611
3296 4.696933
3304 4.726239
3312 4.575815
3320 4.691463
3328 4.618074
3336 4.749314
3344 4.569393
3352 4.605366
3360 4.633258
3368 4.605557
3376 4.862133
3384 4.615761
3392 4.661775
3400 4.592849
3408 4.654347
3416 4.674211
3424 4.607380
3432 4.783628
3440 4.525174
3448 4.669667
3456 4.673422
3464 4.663218
3472 4.737695
3480 4.501364
3488 4.714838
3496 4.594645
3504 4.731137
3512 4.679436
3520 4.489745
3528 4.701368
3536 4.595244
3544 4.660578
3552 4.636959
3560 4.649911
3568 4.611325
3576 4.551406
3584 4.782757
3592 4.610727
3600 4.674919
3608 4.551460
3616 4.558046
3624 4.776880
3632 4.600114
3640 4.707627
3648 4.495786
3656 4.637584
3664 4.657748
3672 4.490616
3680 4.735709
3688 4.590182
3696 4.624414
3704 4.568685
3712 4.744906
3720 4.719545
3728 4.522725
3736 4.615516
3744 4.435839
3752 4.772852
3760 4.627707
3768 4.565529
3776 4.633748
3784 4.581611
3792 4.766975
3800 4.461200
3808 4.718321
3816 4.564195
3824 4.516358
3832 4.714729
3840 4.637013
3848 4.816717
3856 4.482452
3864 4.630237
3872 4.637612
3880 4.542644
3888 4.792962
3896 4.457064
3904 4.689150
3912 4.566481
3920 4.694347
3928 4.722729
3936 4.591461
3944 4.701341
3952 4.459676
3960 4.748117
3968 4.697776
3976 4.613856
3984 4.649204
3992 4.538453
4000 4.786866
4008 4.522426
4016 4.707844
4024 4.636169
4032 4.594454
4040 4.717069
4048 4.582209
4056 4.804200
4064 4.602074
4072 4.626836
4080 4.606672
4088 4.636278
4096 4.803465
4104 4.523514
4112 4.695109
4120 4.603189
4128 4.700497
4136 4.700089
4144 4.546154
4152 4.744335
4160 4.568468
4168 4.706565
4176 4.654319
4184 4.710593
4192 4.733178
4200 4.515106
4208 4.726294
4216 4.590101
4224 4.748852
4232 4.591243
4240 4.607189
4248 4.763628
4256 4.610264
4264 4.735872
4272 4.570046
4280 4.708089
4288 4.632877
4296 4.585937
4304 4.767192
4312 4.617366
4320 4.749886
4328 4.526889
4336 4.696606
4344 4.729015
4352 4.583651
4360 4.719436
4368 4.499024
4376 4.811003
4384 4.598645
4392 4.667735
4400 4.705559
4408 4.527514
4416 4.749886
4424 4.504657
4432 4.787791
4440 4.657530
4448 4.615543
4456 4.698103
4464 4.562318
4472 4.769533
4480 4.419784
4488 4.672796
4496 4.631680
4504 4.580196
4512 4.702402
4520 4.572413
4528 4.789723
4536 4.526589
4544 4.613802
4552 4.609013
4560 4.567243
4568 4.717586
4576 4.473935
4584 4.751655
4592 4.644061
4600 4.653911
4608 4.560712
4616 4.521310
4624 4.788744
4632 4.407186
4640 4.652741
4648 4.613557
4656 4.666946
4664 4.725749
4672 4.402995
4680 4.759274
4688 4.490180
4696 4.713259
4704 4.533637
4712 4.559842
4720 4.756362
4728 4.489799
4736 4.728226
4744 4.514208
4752 4.722430
4760 4.573855
4768 4.506398
4776 4.835003
4784 4.532712
4792 4.748063
4800 4.495269
4808 4.603951
4816 4.680361
4824 4.549828
4832 4.738593
4840 4.496276
4848 4.768798
4856 4.532358
4864 4.614210
4872 4.704198
4880 4.491623
4888 4.658456
4896 4.562644
4904 4.796853
4912 4.637448
4920 4.602536
4928 4.691463
4936 4.552195
4944 4.714838
4952 4.540603
4960 4.676143
4968 4.646210
4976 4.613013
4984 4.710919
4992 4.566427
5000 4.794431
5008 4.546617
5016 4.593230
5024 4.711055
5032 4.615815
5040 4.711817
5048 4.566481
5056 4.731763
5064 4.614863
5072 4.631816
5080 4.727464
5088 4.593910
5096 4.719055
5104 4.549801
5112 4.717123
5120 4.662592
5128 4.679789
5136 4.685803
5144 4.541256
5152 4.822295
5160 4.640414
5168 4.641095
5176 4.622401
5184 4.647435
5192 4.724987
5200 4.573828
5208 4.809506
5216 4.599298
5224 4.660524
5232 4.658673
5240 4.606917
5248 4.828091
5256 4.589094
5264 4.690647
5272 4.573039
5280 4.707708
5288 4.744008
5296 4.509256
5304 4.722919
5312 4.607489
5320 4.704742
5328 4.666646
5336 4.680116
5344 4.680497
5352 4.541692
5360 4.721396
5368 4.588522
5376 4.703001
5384 4.655245
5392 4.581012
5400 4.664850
5408 4.650129
5416 4.702565
5424 4.515514
5432 4.652333
5440 4.641231
5448 4.565774
5456 4.791873
5464 4.639870
5472 4.671599
5480 4.487704
5488 4.661612
5496 4.714130
5504 4.541147
5512 4.713368
5520 4.474806
5528 4.712579
5536 4.674320
5544 4.594264
5552 4.640251
5560 4.496085
5568 4.740226
5576 4.436275
5584 4.747328
5592 4.706021
5600 4.526208
5608 4.640387
5616 4.522834
5624 4.739355
5632 4.535134
5640 4.601502
5648 4.580794
5656 4.553746
5664 4.875086
5672 4.522507
5680 4.611924
5688 4.571434
5696 4.589448
5704 4.675245
5712 4.550290
5720 4.832200
5728 4.429417
5736 4.648632
5744 4.716851
5752 4.545936
5760 4.683055
5768 4.429798
5776 4.695082
5784 4.587407
5792 4.740335
5800 4.667327
5808 4.534916
5816 4.707654
5824 4.528467
5832 4.697967
5840 4.644142
5848 4.657558
5856 4.544413
5864 4.592631
5872 4.818132
5880 4.521609
5888 4.681694
5896 4.560984
5904 4.619217
5912 4.692796
5920 4.632360
5928 4.718647
5936 4.553937
5944 4.707872
5952 4.641258
5960 4.659435
5968 4.771220
5976 4.556767
5984 4.633884
5992 4.607271
6000 4.803982
6008 4.641911
6016 4.578617
6024 4.728090
6032 4.570563
6040 4.777914
6048 4.648306
6056 4.682755
6064 4.656877
6072 4.579243
6080 4.768879
6088 4.592277
6096 4.807629
6104 4.556358
6112 4.612604
6120 4.778784
6128 4.657503
6136 4.763056
6144 4.514154
6152 4.704361
6160 4.647489
6168 4.610101
6176 4.775465
6184 4.587107
6192 4.722130
6200 4.599489
6208 4.726892
6216 4.731709
6224 4.622918
6232 4.643816
6240 4.509609
6248 4.818812
6256 4.675381
6264 4.634401
6272 4.629775
6280 4.654265
6288 4.691817
6296 4.557093
6304 4.736008
6312 4.591216
6320 4.610564
6328 4.656170
6336 4.672578
6344 4.768907
6352 4.561828
6360 4.659735
6368 4.533583
6376 4.754539
6384 4.753587
6392 4.432846
6400 4.739682
6408 4.610373
6416 4.704933
6424 4.662809
6432 4.636224
6440 4.697640
6448 4.455105
6456 4.788227
6464 4.539896
6472 4.704960
6480 4.616604
6488 4.487459
6496 4.780063
6504 4.555787
6512 4.767029
6520 4.510480
6528 4.617720
6536 4.721477
6544 4.461717
6552 4.825071
6560 4.544331
6568 4.630020
6576 4.522861
6584 4.679925
6592 4.740171
6600 4.493174
6608 4.758811
6616 4.501419
6624 4.721042
6632 4.634618
6640 4.531215
6648 4.657122
6656 4.561066
6664 4.728171
6672 4.535678
6680 4.711545
6688 4.662918
6696 4.518371
6704 4.646728
6712 4.632224
6720 4.787547
6728 4.517201
6736 4.622781
6744 4.664769
6752 4.634482
6760 4.740144
6768 4.496629
6776 4.701776
6784 4.615271
6792 4.634646
6800 4.656877
6808 4.647245
6816 4.766267
6824 4.499269
6832 4.678048
6840 4.680524
6848 4.639380
6856 4.689422
6864 4.543624
6872 4.792118
6880 4.563488
6888 4.720933
6896 4.654537
6904 4.579080
6912 4.761641
6920 4.531215
6928 4.798513
6936 4.653422
6944 4.673748
6952 4.644387
6960 4.604659
6968 4.829234
6976 4.531923
6984 4.690483
6992 4.628278
7000 4.673558
7008 4.718266
7016 4.592713
7024 4.789070
7032 4.571869
7040 4.678211
7048 4.656333
7056 4.627897
7064 4.748879
7072 4.568087
7080 4.684796
7088 4.671844
7096 4.739355
7104 4.610509
7112 4.601638
7120 4.725695
7128 4.592713
7136 4.698375
7144 4.650455
7152 4.713314
7160 4.636387
7168 4.626509
7176 4.717123
7184 4.549664
7192 4.719845
7200 4.542426
7208 4.635761
7216 4.745233
7224 4.600550
7232 4.689722
7240 4.555705
7248 4.771192
7256 4.552630
7264 4.626210
7272 4.757342
7280 4.544576
7288 4.729940
7296 4.503568
7304 4.733994
7312 4.620632
7320 4.536358
7328 4.709096
7336 4.521637
7344 4.840745
7352 4.577311
7360 4.596522
7368 4.699300
7376 4.531787
7384 4.751383
7392 4.481282
7400 4.782812
7408 4.620877
7416 4.563134
7424 4.720879
7432 4.523705
7440 4.728525
7448 4.529201
7456 4.644142
7464 4.658428
7472 4.631571
7480 4.760988
7488 4.516249
7496 4.751301
7504 4.577393
7512 4.585066
7520 4.655272
7528 4.630482
7536 4.681123
7544 4.514943
7552 4.762349
7560 4.634101
7568 4.638238
7576 4.607951
7584 4.575760
7592 4.708035
7600 4.556059
7608 4.713341
7616 4.621503
7624 4.708361
7632 4.650047
7640 4.501391
7648 4.751056
7656 4.546481
7664 4.670401
7672 4.577447
7680 4.674973
7688 4.740226
7696 4.564712
7704 4.756362
7712 4.524086
7720 4.739573
7728 4.632224
7736 4.585447
7744 4.747682
7752 4.547651
7760 4.752253
7768 4.526072
7776 4.729831
7784 4.715736
7792 4.545474
7800 4.757151
7808 4.566046
7816 4.763600
7824 4.615843
7832 4.629639
7840 4.708171
7848 4.517038
7856 4.772934
7864 4.570481
7872 4.759355
7880 4.652687
7888 4.569093
7896 4.756526
7904 4.594754
7912 4.757941
7920 4.539487
7928 4.682347
7936 4.690211
7944 4.618972
7952 4.727001
7960 4.602863
7968 4.721232
7976 4.553746
7984 4.651925
7992 4.655217
8000 4.627979
8008 4.709559
8016 4.523024
8024 4.778023
8032 4.657884
8040 4.674946
8048 4.566100
8056 4.592250
8064 4.739001
8072 4.527079
8080 4.758893
8088 4.582890
8096 4.670075
8104 4.605584
8112 4.559814
8120 4.802703
8128 4.467432
8136 4.697694
8144 4.543025
8152 4.695654
8160 4.815220
8168 4.486480
8176 4.705912
8184 4.477554
8192 4.707463
8200 4.546562
8208 4.574264
8216 4.800935
8224 4.428438
8232 4.762458
8240 4.596468
8248 4.665395
8256 4.694837
8264 4.435621
8272 4.762294
8280 4.608768
8288 4.807928
8296 4.613883
8304 4.545175
8312 4.734838
8320 4.554399
8328 4.687871
8336 4.601965
8344 4.698674
8352 4.580631
8360 4.639489
8368 4.828799
8376 4.594890
8384 4.719627
8392 4.523297
8400 4.653204
8408 4.675082
8416 4.675572
8424 4.676932
8432 4.573801
8440 4.737940
8448 4.595026
8456 4.664605
8464 4.660959
8472 4.607162
8480 4.678919
8488 4.626183
8496 4.829479
8504 4.613911
8512 4.634292
8520 4.653340
8528 4.569175
8536 4.788064
8544 4.582209
8552 4.687871
8560 4.630183
8568 4.648632
8576 4.699626
8584 4.562263
8592 4.773070
8600 4.550263
8608 4.657041
8616 4.722865
8624 4.705286
8632 4.737069
8640 4.489473
8648 4.739600
8656 4.548168
8664 4.674646
8672 4.722430
8680 4.551950
8688 4.770485
8696 4.602509
8704 4.740661
8712 4.633802
8720 4.634972
8728 4.644659
8736 4.523678
8744 4.849235
8752 4.652877
8760 4.682973
8768 4.623897
8776 4.610727
8784 4.697640
8792 4.576767
8800 4.712742
8808 4.542535
8816 4.698620
8824 4.690756
8832 4.671952
8840 4.790730
8848 4.547787
8856 4.661775
8864 4.543270
8872 4.787655
8880 4.630482
8888 4.530807
8896 4.722919
8904 4.562481
8912 4.772635
8920 4.568631
8928 4.675517
8936 4.594971
8944 4.545256
8952 4.780853
8960 4.555651
8968 4.763029
8976 4.560848
8984 4.537338
8992 4.690211
9000 4.578998
9008 4.731382
9016 4.437690
9024 4.709287
9032 4.675871
9040 4.551705
9048 4.798785
9056 4.451703
9064 4.683300
9072 4.543732
9080 4.727464
9088 4.745859
9096 4.529718
9104 4.721368
9112 4.377933
9120 4.777778
9128 4.622754
9136 4.520467
9144 4.674674
9152 4.533909
9160 4.843548
9168 4.567134
9176 4.745750
9184 4.628142
9192 4.497745
9200 4.734539
9208 4.608795
9216 4.703599
9224 4.586291
9232 4.640006
9240 4.653041
9248 4.666864
9256 4.744988
9264 4.524902
9272 4.682864
9280 4.622264
9288 4.733178
9296 4.683245
9304 4.668088
9312 4.692552
9320 4.525528
9328 4.765015
9336 4.653122
9344 4.650646
9352 4.651979
9360 4.588250
9368 4.765560
9376 4.617230
9384 4.786975
9392 4.559978
9400 4.620958
9408 4.739246
9416 4.553909
9424 4.802186
9432 4.627843
9440 4.692660
9448 4.614400
9456 4.666211
9464 4.795329
9472 4.483840
9480 4.725505
9488 4.598727
9496 4.717640
9504 4.764009
9512 4.615815
9520 4.716960
9528 4.522535
9536 4.786132
9544 4.556903
9552 4.682701
9560 4.741097
9568 4.542698
9576 4.754267
9584 4.641122
9592 4.763464
9600 4.543841
9608 4.578182
9616 4.712878
9624 4.591597
9632 4.850350
9640 4.599978
9648 4.660959
9656 4.646646
9664 4.631054
9672 4.688687
9680 4.592550
9688 4.748199
9696 4.519079
9704 4.660605
9712 4.759355
9720 4.636659
9728 4.636224
9736 4.519759
9744 4.756335
9752 4.554780
9760 4.761124
9768 4.656551
9776 4.517582
9784 4.744906
9792 4.550862
9800 4.667707
9808 4.533691
9816 4.679245
9824 4.600305
9832 4.538562
9840 4.915821
9848 4.459976
9856 4.645449
9864 4.503487
9872 4.609121
9880 4.742811
9888 4.573093
9896 4.802486
9904 4.379403
9912 4.726865
9920 4.656823
9928 4.421798
9936 4.727736
9944 4.464955
9952 4.701069
9960 4.503568
9968 4.816118
9976 4.668633
9984 4.442261
9992 4.809941
10000 4.400954
10008 4.768662
10016 4.613584
10024 4.589311
10032 4.685422
10040 4.530970
10048 4.861834
10056 4.455159
10064 4.727300
10072 4.603407
10080 4.479541
10088 4.757723
10096 4.654047
10104 4.720416
10112 4.536576
10120 4.716579
10128 4.683599
10136 4.531487
10144 4.757206
10152 4.584822
10160 4.660796
10168 4.622156
10176 4.744280
10184 4.653476
10192 4.658428
10200 4.696688
10208 4.533474
10216 4.773778
10224 4.631244
10232 4.677939
10240 4.610400
10248 4.672714
10256 4.744389
10264 4.514535
10272 4.809506
10280 4.599679
10288 4.629122
10296 4.712334
10304 4.638945
10312 4.788608
10320 4.578236
10328 4.709613
10336 4.562535
10344 4.686347
10352 4.784961
10360 4.497827
10368 4.755573
10376 4.627897
10384 4.691273
10392 4.688143
10400 4.638346
10408 4.755519
10416 4.486534
10424 4.771465
10432 4.702511
10440 4.659081
10448 4.732797
10456 4.559569
10464 4.695817
10472 4.612223
10480 4.729069
10488 4.603897
10496 4.604114
10504 4.772961
10512 4.585774
10520 4.772417
10528 4.671572
10536 4.634646
10544 4.597829
10552 4.624795
10560 4.785451
10568 4.545011
10576 4.735682
10584 4.615707
10592 4.603380
10600 4.695708
10608 4.636006
10616 4.641911
10624 4.564876
10632 4.754485
10640 4.556005
10648 4.678184
10656 4.747736
10664 4.454561
10672 4.653911
10680 4.582699
10688 4.790866
10696 4.532848
10704 4.646347
10712 4.677939
10720 4.434315
10728 4.810758
10736 4.525283
10744 4.696062
10752 4.578291
10760 4.580876
10768 4.700252
10776 4.528167
10784 4.881371
10792 4.406369
10800 4.629938
10808 4.725831
10816 4.467622
10824 4.725559
10832 4.516984
10840 4.753369
10848 4.480275
10856 4.687245
10864 4.781506
10872 4.452220
10880 4.740253
10888 4.501555
10896 4.700524
10904 4.676551
10912 4.605747
10920 4.706511
10928 4.524548
10936 4.868609
10944 4.562127
10952 4.614319
10960 4.715872
10968 4.545447
10976 4.679381
10984 4.636931
10992 4.828336
11000 4.593257
11008 4.642455
11016 4.669340
11024 4.573964
11032 4.784635
11040 4.597910
11048 4.681776
11056 4.596142
11064 4.759328
11072 4.659326
11080 4.601774
11088 4.776199
11096 4.534154
11104 4.719464
11112 4.683844
11120 4.759138
11128 4.644932
11136 4.555923
11144 4.802676
11152 4.488493
11160 4.814268
11168 4.620931
11176 4.618972
11184 4.764199
11192 4.578617
11200 4.793669
11208 4.543025
11216 4.715899
11224 4.608387
11232 4.535542
11240 4.906379
11248 4.592005
11256 4.716634
11264 4.583624
11272 4.680089
11280 4.696851
11288 4.520657
11296 4.786132
11304 4.473255
11312 4.742022
11320 4.731355
11328 4.631925
11336 4.788744
11344 4.508766
11352 4.690701
11360 4.520848
11368 4.794785
11376 4.680442
11384 4.514943
11392 4.763764
11400 4.614781
11408 4.704715
11416 4.612060
11424 4.657503
11432 4.578889
11440 4.590019
11448 4.780145
11456 4.617611
11464 4.767655
11472 4.509038
11480 4.652115
11488 4.671844
11496 4.742403
11504 4.690864
11512 4.420193
11520 4.812799
11528 4.568985
11536 4.660469
11544 4.679354
11552 4.558290
11560 4.716253
11568 4.477799
11576 4.863004
11584 4.589203
11592 4.652034
11600 4.666728
11608 4.459948
11616 4.887249
11624 4.545011
11632 4.682674
11640 4.537773
11648 4.636115
11656 4.830704
11664 4.441064
11672 4.803220
11680 4.539161
11688 4.571461
11696 4.721477
11704 4.650728
11712 4.772988
11720 4.514943
11728 4.718239
11736 4.604006
11744 4.721368
11752 4.770458
11760 4.484248
11768 4.706293
11776 4.613176
11784 4.730321
11792 4.679626
11800 4.648850
11808 4.682293
11816 4.514535
11824 4.773560
11832 4.692688
11840 4.674347
11848 4.622047
11856 4.616496
11864 4.740335
11872 4.677612
11880 4.752362
11888 4.541093
11896 4.665340
11904 4.687354
11912 4.657258
11920 4.753913
11928 4.616305
11936 4.711491
11944 4.571923
11952 4.775710
11960 4.710348
11968 4.606319
11976 4.674755
11984 4.578917
11992 4.825452
12000 4.606645
12008 4.713749
12016 4.597910
12024 4.548494
12032 4.808581
12040 4.538943
12048 4.770458
12056 4.611625
12064 4.607761
12072 4.716742
12080 4.630537
12088 4.851929
12096 4.495378
12104 4.636823
12112 4.647163
12120 4.614863
12128 4.815275
12136 4.502589
12144 4.696633
12152 4.572359
12160 4.682374
12168 4.758730
12176 4.529256
12184 4.747029
12192 4.495949
12200 4.694864
12208 4.783927
12216 4.570780
12224 4.665340
12232 4.462697
12240 4.729423
12248 4.552549
12256 4.693722
12264 4.652578
12272 4.493174
12280 4.727899
