0 4.681177
4 4.772281
8 4.775056
12 4.850405
16 4.864555
20 4.690647
24 4.710157
28 4.806676
32 4.891249
36 4.977319
40 4.763383
44 4.628387
48 4.698919
52 4.751791
56 4.889181
60 4.874541
64 4.706429
68 4.748090
72 4.811411
76 4.907848
80 4.974489
84 4.747274
88 4.647326
92 4.692742
96 4.714538
100 4.889508
104 4.864446
108 4.683028
112 4.719028
116 4.762839
120 4.878242
124 4.931304
128 4.720470
132 4.668361
136 4.705722
140 4.765805
144 4.916773
148 4.819275
152 4.731464
156 4.800635
160 4.819629
164 4.905862
168 4.839820
172 4.646673
176 4.667599
180 4.730811
184 4.829126
188 4.936910
192 4.792744
196 4.713232
200 4.787655
204 4.835112
208 4.919195
212 4.806513
216 4.612332
220 4.643544
224 4.732933
228 4.848663
232 4.886814
236 4.710184
240 4.661911
244 4.758049
248 4.849861
252 4.914243
256 4.758811
260 4.614346
264 4.674810
268 4.801778
272 4.973047
276 4.945291
280 4.728933
284 4.691790
288 4.766049
292 4.872528
296 4.897399
300 4.702048
304 4.580958
308 4.659680
312 4.825098
316 4.987850
320 4.882786
324 4.695953
328 4.704960
332 4.788200
336 4.902351
340 4.852446
344 4.625639
348 4.569202
352 4.710484
356 4.910542
360 5.022408
364 4.823057
368 4.636986
372 4.671163
376 4.807003
380 4.977591
384 4.864881
388 4.616604
392 4.587216
396 4.726974
400 5.007143
404 5.086382
408 4.809642
412 4.613176
416 4.628931
420 4.793152
424 4.975659
428 4.858133
432 4.636033
436 4.594427
440 4.712225
444 4.983414
448 5.050191
452 4.773995
456 4.600441
460 4.626183
464 4.814595
468 5.000612
472 4.851765
476 4.639163
480 4.575951
484 4.719110
488 5.013564
492 5.000612
496 4.730539
500 4.565583
504 4.555624
508 4.766186
512 4.963659
516 4.876038
520 4.725559
524 4.675925
528 4.787138
532 5.002081
536 4.949046
540 4.719436
544 4.593094
548 4.608278
552 4.788227
556 4.948393
560 4.863521
564 4.720879
568 4.665612
572 4.789506
576 4.988203
580 4.912175
584 4.722566
588 4.606781
592 4.607870
596 4.800309
600 4.916365
604 4.854214
608 4.742784
612 4.662156
616 4.769832
620 4.908664
624 4.855602
628 4.719817
632 4.603924
636 4.625013
640 4.780608
644 4.917100
648 4.944611
652 4.826023
656 4.750185
660 4.799792
664 4.838976
668 4.830976
672 4.771546
676 4.670592
680 4.706320
684 4.840364
688 4.898025
692 4.876120
696 4.781506
700 4.726920
704 4.776553
708 4.830949
712 4.813751
716 4.719872
720 4.665014
724 4.738539
728 4.850486
732 4.907168
736 4.844282
740 4.713858
744 4.668361
748 4.731600
752 4.791900
756 4.801098
760 4.712742
764 4.649993
768 4.731001
772 4.882378
776 4.975060
780 4.887494
784 4.698946
788 4.641938
792 4.719681
796 4.816554
800 4.814132
804 4.716062
808 4.682211
812 4.748879
816 4.887603
820 4.938434
824 4.800826
828 4.682075
832 4.690102
836 4.773886
840 4.874514
844 4.846622
848 4.730022
852 4.721858
856 4.820282
860 4.942243
864 4.937155
868 4.758920
872 4.610972
876 4.602074
880 4.736824
884 4.873235
888 4.830241
892 4.720797
896 4.707300
900 4.809316
904 4.954597
908 4.905045
912 4.692143
916 4.601611
920 4.640387
924 4.786132
928 4.909862
932 4.816336
936 4.717314
940 4.708606
944 4.787628
948 4.931413
952 4.873453
956 4.710402
960 4.626564
964 4.676932
968 4.858976
972 4.935604
976 4.863711
980 4.783302
984 4.722402
988 4.826268
992 4.915059
996 4.783383
1000 4.648034
1004 4.594101
1008 4.630183
1012 4.843929
1016 4.942869
1020 4.842459
1024 4.753968
1028 4.740634
1032 4.837888
1036 4.865752
1040 4.741859
1044 4.650646
1048 4.637993
1052 4.756825
1056 4.916910
1060 4.901970
1064 4.791247
1068 4.702865
1072 4.711409
1076 4.797533
1080 4.816418
1084 4.763083
1088 4.722919
1092 4.698211
1096 4.794649
1100 4.909426
1104 4.878079
1108 4.816635
1112 4.751600
1116 4.722021
1120 4.802649
1124 4.807003
1128 4.728661
1132 4.681613
1136 4.698674
1140 4.799193
1144 4.921699
1148 4.927848
1152 4.809887
1156 4.683463
1160 4.690701
1164 4.764716
1168 4.780091
1172 4.785288
1176 4.733777
1180 4.724743
1184 4.828609
1188 4.881181
1192 4.865480
1196 4.767410
1200 4.671245
1204 4.695762
1208 4.770349
1212 4.814023
1216 4.804336
1220 4.747437
1224 4.763301
1228 4.861153
1232 4.925481
1236 4.880011
1240 4.757342
1244 4.673667
1248 4.694021
1252 4.742757
1256 4.789887
1260 4.791737
1264 4.730974
1268 4.757206
1272 4.898460
1276 4.912583
1280 4.836772
1284 4.725586
1288 4.622319
1292 4.669259
1296 4.831602
1300 4.883848
1304 4.808853
1308 4.783492
1312 4.779955
1316 4.828609
1320 4.882678
1324 4.801288
1328 4.690483
1332 4.674347
1336 4.738784
1340 4.827711
1344 4.873752
1348 4.844582
1352 4.780689
1356 4.775410
1360 4.840391
1364 4.858187
1368 4.769342
1372 4.669014
1376 4.625829
1380 4.707164
1384 4.866296
1388 4.901045
1392 4.804744
1396 4.725396
1400 4.747655
1404 4.880501
1408 4.865861
1412 4.721586
1416 4.626128
1420 4.609339
1424 4.790785
1428 4.969482
1432 4.912746
1436 4.782757
1440 4.684470
1444 4.731437
1448 4.847602
1452 4.851820
1456 4.783628
1460 4.680660
1464 4.641802
1468 4.805370
1472 4.940066
1476 4.913835
1480 4.834922
1484 4.710729
1488 4.738403
1492 4.879630
1496 4.851221
1500 4.732307
1504 4.648034
1508 4.612931
1512 4.775818
1516 4.939794
1520 4.922706
1524 4.805642
1528 4.668714
1532 4.695980
1536 4.804853
1540 4.803710
1544 4.789370
1548 4.721287
1552 4.710484
1556 4.844500
1560 4.901045
1564 4.877888
1568 4.777696
1572 4.648115
1576 4.710838
1580 4.802622
1584 4.822867
1588 4.834785
1592 4.731273
1596 4.703409
1600 4.846133
1604 4.932447
1608 4.932529
1612 4.805669
1616 4.662973
1620 4.675490
1624 4.737722
1628 4.831656
1632 4.864691
1636 4.723899
1640 4.708933
1644 4.809234
1648 4.876174
1652 4.930951
1656 4.788200
1660 4.620550
1664 4.654945
1668 4.752199
1672 4.884474
1676 4.929917
1680 4.817506
1684 4.755355
1688 4.764635
1692 4.829588
1696 4.890324
1700 4.765015
1704 4.641312
1708 4.632224
1712 4.693803
1716 4.876337
1720 4.908501
1724 4.755192
1728 4.731192
1732 4.752498
1736 4.866269
1740 4.903766
1744 4.718511
1748 4.634482
1752 4.638265
1756 4.729096
1760 4.891821
1764 4.864772
1768 4.770240
1772 4.757777
1776 4.758267
1780 4.828581
1784 4.852827
1788 4.770131
1792 4.720879
1796 4.724851
1800 4.810758
1804 4.928610
1808 4.886814
1812 4.796581
1816 4.738539
1820 4.702320
1824 4.799383
1828 4.821316
1832 4.723709
1836 4.688307
1840 4.696524
1844 4.789098
1848 4.873018
1852 4.825833
1856 4.809588
1860 4.762458
1864 4.751981
1868 4.803792
1872 4.742022
1876 4.705858
1880 4.741287
1884 4.747192
1888 4.855765
1892 4.885671
1896 4.821017
1900 4.794513
1904 4.721777
1908 4.737940
1912 4.782921
1916 4.721695
1920 4.745505
1924 4.773424
1928 4.805697
1932 4.912229
1936 4.886188
1940 4.780934
1944 4.730103
1948 4.719219
1952 4.787002
1956 4.827248
1960 4.790785
1964 4.762376
1968 4.715355
1972 4.784825
1976 4.921018
1980 4.875847
1984 4.807792
1988 4.755383
1992 4.695953
1996 4.801370
2000 4.837479
2004 4.752743
2008 4.728144
2012 4.730158
2016 4.798567
2020 4.875847
2024 4.800091
2028 4.744090
2032 4.696470
2036 4.680660
2040 4.786050
2044 4.822377
2048 4.821506
2052 4.829398
2056 4.775111
2060 4.837452
2064 4.870024
2068 4.801179
2072 4.758104
2076 4.669912
2080 4.695926
2084 4.803792
2088 4.826078
2092 4.822758
2096 4.747818
2100 4.697450
2104 4.823139
2108 4.911794
2112 4.851085
2116 4.754267
2120 4.641938
2124 4.655979
2128 4.790349
2132 4.868446
2136 4.863221
2140 4.756607
2144 4.718620
2148 4.814676
2152 4.863874
2156 4.849126
2160 4.774158
2164 4.638292
2168 4.657340
2172 4.830187
2176 4.952829
2180 4.955305
2184 4.789016
2188 4.684579
2192 4.757641
2196 4.861806
2200 4.893154
2204 4.752199
2208 4.575488
2212 4.606482
2216 4.764444
2220 4.942788
2224 4.931250
2228 4.730539
2232 4.647734
2236 4.716878
2240 4.887766
2244 4.937427
2248 4.749396
2252 4.590101
2256 4.625094
2260 4.812064
2264 5.014163
2268 4.958652
2272 4.736144
2276 4.621666
2280 4.697096
2284 4.870024
2288 4.933699
2292 4.794050
2296 4.651109
2300 4.644333
2304 4.835058
2308 5.046517
2312 4.957019
2316 4.689803
2320 4.566100
2324 4.642537
2328 4.880746
2332 5.004503
2336 4.808336
2340 4.575978
2344 4.541882
2348 4.745668
2352 5.033919
2356 5.004530
2360 4.738920
2364 4.577338
2368 4.623598
2372 4.872174
2376 4.998653
2380 4.852691
2384 4.651190
2388 4.601040
2392 4.805179
2396 5.023252
2400 4.957890
2404 4.725777
2408 4.527923
2412 4.596903
2416 4.849316
2420 4.984285
2424 4.907739
2428 4.690919
2432 4.615380
2436 4.833588
2440 5.040232
2444 4.982598
2448 4.713640
2452 4.524249
2456 4.611516
2460 4.848799
2464 5.000530
2468 4.909263
2472 4.633802
2476 4.583026
2480 4.811003
2484 4.996938
2488 4.980176
2492 4.742593
2496 4.536712
2500 4.603407
2504 4.834187
2508 5.004176
2512 4.928447
2516 4.666619
2520 4.612223
2524 4.772852
2528 4.931114
2532 4.933019
2536 4.730103
2540 4.555597
2544 4.642428
2548 4.840663
2552 5.004449
2556 4.943658
2560 4.708334
2564 4.680225
2568 4.797207
2572 4.927576
2576 4.936529
2580 4.717287
2584 4.574971
2588 4.667735
2592 4.846187
2596 4.987904
2600 4.885263
2604 4.669313
2608 4.621639
2612 4.767818
2616 4.958026
2620 4.942162
2624 4.718647
2628 4.606482
2632 4.666946
2636 4.883657
2640 5.047334
2644 4.911821
2648 4.683681
2652 4.616577
2656 4.724416
2660 4.891004
2664 4.903249
2668 4.768934
2672 4.655000
2676 4.690402
2680 4.864446
2684 4.959604
2688 4.871766
2692 4.701123
2696 4.635598
2700 4.738103
2704 4.867711
2708 4.868773
2712 4.737205
2716 4.624360
2720 4.653204
2724 4.801152
2728 4.911331
2732 4.868473
2736 4.778757
2740 4.677095
2744 4.718566
2748 4.848772
2752 4.823656
2756 4.797914
2760 4.759192
2764 4.746893
2768 4.878052
2772 4.907467
2776 4.841235
2780 4.728852
2784 4.623244
2788 4.715790
2792 4.824200
2796 4.836418
2800 4.850350
2804 4.768907
2808 4.755628
2812 4.875330
2816 4.877834
2820 4.845861
2824 4.753396
2828 4.697803
2832 4.791247
2836 4.845507
2840 4.826296
2844 4.765669
2848 4.674402
2852 4.735899
2856 4.869453
2860 4.877045
2864 4.805343
2868 4.700987
2872 4.661286
2876 4.785125
2880 4.860283
2884 4.858840
2888 4.806105
2892 4.696552
2896 4.790621
2900 4.876310
2904 4.817289
2908 4.823493
2912 4.705776
2916 4.608713
2920 4.755927
2924 4.848201
2928 4.870051
2932 4.833779
2936 4.735165
2940 4.756580
2944 4.834622
2948 4.857970
2952 4.843085
2956 4.729913
2960 4.683762
2964 4.784580
2968 4.827302
2972 4.856936
2976 4.790186
2980 4.681204
2984 4.747246
2988 4.821017
2992 4.863031
2996 4.811220
3000 4.647000
3004 4.627516
3008 4.736770
3012 4.898868
3016 4.959577
3020 4.803275
3024 4.667218
3028 4.703137
3032 4.825506
3036 4.871167
3040 4.779002
3044 4.631652
3048 4.625639
3052 4.762104
3056 4.897072
3060 4.937073
3064 4.799846
3068 4.702456
3072 4.751709
3076 4.836228
3080 4.928665
3084 4.850949
3088 4.676116
3092 4.637503
3096 4.755655
3100 4.915440
3104 4.962162
3108 4.799166
3112 4.650292
3116 4.656741
3120 4.816146
3124 4.950924
3128 4.832364
3132 4.684796
3136 4.678347
3140 4.775900
3144 5.002163
3148 4.987632
3152 4.736933
3156 4.558617
3160 4.564413
3164 4.772444
3168 4.932175
3172 4.849915
3176 4.654673
3180 4.581311
3184 4.704525
3188 4.925617
3192 4.967115
3196 4.768662
3200 4.616768
3204 4.659571
3208 4.831112
3212 4.971387
3216 4.883439
3220 4.674919
3224 4.588196
3228 4.729613
3232 4.962924
3236 5.009945
3240 4.799193
3244 4.604332
3248 4.568848
3252 4.726158
3256 4.971550
3260 4.979577
3264 4.760281
3268 4.644088
3272 4.725042
3276 4.948230
3280 4.988149
3284 4.772390
3288 4.553420
3292 4.508684
3296 4.713967
3300 4.940366
3304 4.930243
3308 4.744879
3312 4.575379
3316 4.643571
3320 4.889508
3324 4.989754
3328 4.832772
3332 4.608713
3336 4.553583
3340 4.710048
3344 4.945291
3348 4.970924
3352 4.747301
3356 4.601557
3360 4.658374
3364 4.865589
3368 4.986135
3372 4.814513
3376 4.603652
3380 4.560386
3384 4.725505
3388 4.982190
3392 5.052014
3396 4.833969
3400 4.643244
3404 4.699817
3408 4.846704
3412 4.958325
3416 4.881644
3420 4.673830
3424 4.556413
3428 4.680769
3432 4.920637
3436 5.007551
3440 4.803928
3444 4.618319
3448 4.638591
3452 4.769750
3456 4.951495
3460 4.906270
3464 4.693885
3468 4.618210
3472 4.713831
3476 4.864391
3480 4.942243
3484 4.823710
3488 4.669776
3492 4.639489
3496 4.738675
3500 4.832962
3504 4.834731
3508 4.764281
3512 4.683925
3516 4.715055
3520 4.833670
3524 4.891875
3528 4.855820
3532 4.736443
3536 4.667762
3540 4.738376
3544 4.806486
3548 4.821751
3552 4.794485
3556 4.718947
3560 4.704742
3564 4.768907
3568 4.852473
3572 4.858133
3576 4.785859
3580 4.778866
3584 4.789778
3588 4.777614
3592 4.814676
3596 4.781424
3600 4.771791
3604 4.813425
3608 4.810921
3612 4.803166
3616 4.784499
3620 4.752226
3624 4.712389
3628 4.715654
3632 4.736063
3636 4.759111
3640 4.813397
3644 4.819683
3648 4.803928
3652 4.789479
3656 4.764308
3660 4.780499
3664 4.765015
3668 4.761043
3672 4.778349
3676 4.741586
3680 4.758539
3684 4.767274
3688 4.748689
3692 4.797451
3696 4.791166
3700 4.780145
3704 4.790213
3708 4.754811
3712 4.781805
3716 4.800717
3720 4.747301
3724 4.758838
3728 4.811220
3732 4.835248
3736 4.836255
3740 4.783383
3744 4.700688
3748 4.694103
3752 4.740743
3756 4.790213
3760 4.829779
3764 4.804227
3768 4.756199
3772 4.759492
3776 4.797941
3780 4.842024
3784 4.832309
3788 4.747410
3792 4.685368
3796 4.689232
3800 4.764907
3804 4.865099
3808 4.825262
3812 4.718021
3816 4.667653
3820 4.683708
3824 4.824636
3828 4.888855
3832 4.774458
3836 4.697069
3840 4.656224
3844 4.749832
3848 4.926243
3852 4.901698
3856 4.796581
3860 4.745070
3864 4.752036
3868 4.836473
3872 4.855058
3876 4.800771
3880 4.720280
3884 4.690892
3888 4.817506
3892 4.921454
3896 4.907386
3900 4.832473
3904 4.712171
3908 4.705559
3912 4.842214
3916 4.888147
3920 4.800118
3924 4.692252
3928 4.601883
3932 4.699708
3936 4.893372
3940 4.895576
3944 4.763002
3948 4.636061
3952 4.638619
3956 4.788363
3960 4.877807
3964 4.838704
3968 4.717450
3972 4.678374
3976 4.784553
3980 4.902950
3984 4.907358
3988 4.787111
3992 4.652197
3996 4.651272
4000 4.762893
4004 4.868609
4008 4.874759
4012 4.776471
4016 4.691871
4020 4.754974
4024 4.889480
4028 4.914841
4032 4.819656
4036 4.681585
4040 4.661177
4044 4.804309
4048 4.915903
4052 4.904011
4056 4.750566
4060 4.649068
4064 4.704035
4068 4.816962
4072 4.911032
4076 4.846622
4080 4.677231
4084 4.651979
4088 4.737314
4092 4.849235
4096 4.914352
4100 4.820445
4104 4.702130
4108 4.737586
4112 4.812445
4116 4.854976
4120 4.798594
4124 4.655979
4128 4.633312
4132 4.732852
4136 4.870215
4140 4.919440
4144 4.786159
4148 4.674565
4152 4.690456
4156 4.814159
4160 4.937889
4164 4.859575
4168 4.707599
4172 4.657013
4176 4.724824
4180 4.913154
4184 4.927059
4188 4.744335
4192 4.642183
4196 4.659789
4200 4.761723
4204 4.899331
4208 4.871385
4212 4.709667
4216 4.664850
4220 4.740906
4224 4.883984
4228 4.959414
4232 4.826296
4236 4.677694
4240 4.654020
4244 4.746321
4248 4.891630
4252 4.866759
4256 4.719055
4260 4.646238
4264 4.693803
4268 4.873371
4272 4.931985
4276 4.789206
4280 4.651544
4284 4.611924
4288 4.768362
4292 4.936883
4296 4.901535
4300 4.742648
4304 4.656360
4308 4.702375
4312 4.840010
4316 4.884991
4320 4.779465
4324 4.659544
4328 4.656823
4332 4.761668
4336 4.869861
4340 4.882950
4344 4.809588
4348 4.722185
4352 4.741205
4356 4.875167
4360 4.908583
4364 4.825751
4368 4.715981
4372 4.631897
4376 4.726402
4380 4.869398
4384 4.874950
4388 4.787982
4392 4.683082
4396 4.671490
4400 4.789479
4404 4.864174
4408 4.818948
4412 4.720062
4416 4.684606
4420 4.781778
4424 4.861643
4428 4.853235
4432 4.745995
4436 4.627217
4440 4.675544
4444 4.780172
4448 4.810948
4452 4.792853
4456 4.699953
4460 4.676361
4464 4.784853
4468 4.835765
4472 4.841262
4476 4.794676
4480 4.728443
4484 4.775329
4488 4.851439
4492 4.849480
4496 4.783601
4500 4.708416
4504 4.709531
4508 4.797043
4512 4.876283
4516 4.854269
4520 4.742865
4524 4.675055
4528 4.721232
4532 4.819710
4536 4.869698
4540 4.841697
4544 4.736961
4548 4.726266
4552 4.821207
4556 4.818513
4560 4.787574
4564 4.707790
4568 4.657204
4572 4.758811
4576 4.812037
4580 4.806676
4584 4.743872
4588 4.677313
4592 4.746757
4596 4.849344
4600 4.878514
4604 4.819493
4608 4.731518
4612 4.749940
4616 4.839847
4620 4.877780
4624 4.835085
4628 4.727627
4632 4.663082
4636 4.781206
4640 4.883902
4644 4.832473
4648 4.736389
4652 4.637884
4656 4.672306
4660 4.858732
4664 4.914597
4668 4.839602
4672 4.747192
4676 4.696361
4680 4.789288
4684 4.860500
4688 4.808009
4692 4.712062
4696 4.660524
4700 4.721913
4704 4.834377
4708 4.866922
4712 4.797125
4716 4.696796
4720 4.680959
4724 4.784417
4728 4.883657
4732 4.894378
4736 4.785995
4740 4.675871
4744 4.715001
4748 4.832990
4752 4.882188
4756 4.824962
4760 4.683626
4764 4.631135
4768 4.739981
4772 4.865915
4776 4.876337
4780 4.735110
4784 4.632442
4788 4.684851
4792 4.837833
4796 4.938815
4800 4.847820
4804 4.693150
4808 4.655680
4812 4.769342
4816 4.904501
4820 4.902079
4824 4.762213
4828 4.620632
4832 4.658701
4836 4.829506
4840 4.914760
4844 4.845997
4848 4.730511
4852 4.680959
4856 4.757124
4860 4.892936
4864 4.906787
4868 4.776390
4872 4.675082
4876 4.708661
4880 4.827520
4884 4.914433
4888 4.831765
4892 4.665422
4896 4.617230
4900 4.661830
4904 4.797125
4908 4.874895
4912 4.789152
4916 4.719328
4920 4.719191
4924 4.812309
4928 4.925971
4932 4.880283
4936 4.733505
4940 4.621067
4944 4.692633
4948 4.826268
4952 4.893644
4956 4.863602
4960 4.696470
4964 4.613747
4968 4.770621
4972 4.916937
4976 4.913862
4980 4.823983
4984 4.715872
4988 4.692307
4992 4.826268
4996 4.917236
5000 4.862242
5004 4.753423
5008 4.715083
5012 4.770811
5016 4.845480
5020 4.833588
5024 4.738158
5028 4.673177
5032 4.690565
5036 4.784989
5040 4.873589
5044 4.853235
5048 4.772417
5052 4.695953
5056 4.722049
5060 4.815792
5064 4.816499
5068 4.765424
5072 4.697722
5076 4.687055
5080 4.760362
5084 4.821615
5088 4.832309
5092 4.727981
5096 4.665422
5100 4.731872
5104 4.821125
5108 4.878623
5112 4.833942
5116 4.732770
5120 4.719572
5124 4.779111
5128 4.890270
5132 4.927304
5136 4.814159
5140 4.729124
5144 4.723736
5148 4.757097
5152 4.844418
5156 4.853153
5160 4.751818
5164 4.727654
5168 4.817561
5172 4.887739
5176 4.908256
5180 4.811765
5184 4.675463
5188 4.687898
5192 4.775274
5196 4.838758
5200 4.817180
5204 4.731926
5208 4.703572
5212 4.728824
5216 4.799846
5220 4.848772
5224 4.764907
5228 4.714674
5232 4.718076
5236 4.741967
5240 4.831683
5244 4.821098
5248 4.782267
5252 4.807193
5256 4.827112
5260 4.864147
5264 4.862106
5268 4.749451
5272 4.655707
5276 4.698348
5280 4.818540
5284 4.904338
5288 4.870269
5292 4.787955
5296 4.743328
5300 4.811003
5304 4.916229
5308 4.854949
5312 4.716552
5316 4.698783
5320 4.743872
5324 4.841806
5328 4.889780
5332 4.801207
5336 4.712225
5340 4.707463
5344 4.758975
5348 4.805588
5352 4.783819
5356 4.720960
5360 4.707817
5364 4.745804
5368 4.816309
5372 4.864337
5376 4.819765
5380 4.806785
5384 4.801424
5388 4.782458
5392 4.790295
5396 4.722266
5400 4.674157
5404 4.706810
5408 4.756417
5412 4.845044
5416 4.848418
5420 4.773016
5424 4.751546
5428 4.737069
5432 4.792064
5436 4.828527
5440 4.766703
5444 4.726702
5448 4.750648
5452 4.798186
5456 4.860772
5460 4.838731
5464 4.759682
5468 4.723328
5472 4.751110
5476 4.831194
5480 4.833833
5484 4.755274
5488 4.703790
5492 4.709069
5496 4.790349
5500 4.943604
5504 4.930706
5508 4.764907
5512 4.685177
5516 4.670537
5520 4.752471
5524 4.835085
5528 4.761614
5532 4.678021
5536 4.702729
5540 4.816962
5544 4.944284
5548 4.870051
5552 4.706946
5556 4.645721
5560 4.686538
5564 4.818676
5568 4.891984
5572 4.786893
5576 4.710076
5580 4.731409
5584 4.816363
5588 4.910624
5592 4.801098
5596 4.653449
5600 4.661013
5604 4.695381
5608 4.814186
5612 4.858541
5616 4.767437
5620 4.717668
5624 4.748661
5628 4.878514
5632 4.962298
5636 4.827874
5640 4.671925
5644 4.620768
5648 4.684334
5652 4.865426
5656 4.914460
5660 4.811030
5664 4.727219
5668 4.696524
5672 4.811084
5676 4.908501
5680 4.784689
5684 4.665340
5688 4.618400
5692 4.680198
5696 4.903521
5700 4.951033
5704 4.795601
5708 4.651898
5712 4.594454
5716 4.752661
5720 4.875303
5724 4.811112
5728 4.692660
5732 4.567433
5736 4.614890
5740 4.830323
5744 4.936066
5748 4.895140
5752 4.774621
5756 4.702320
5760 4.804282
5764 4.906923
5768 4.847520
5772 4.704035
5776 4.584441
5780 4.649830
5784 4.868990
5788 4.969727
5792 4.894378
5796 4.705042
5800 4.598291
5804 4.727028
5808 4.863385
5812 4.839765
5816 4.729967
5820 4.628714
5824 4.701477
5828 4.912773
5832 4.977237
5836 4.854813
5840 4.631925
5844 4.568223
5848 4.741505
5852 4.866051
5856 4.879194
5860 4.761723
5864 4.589883
5868 4.649966
5872 4.883303
5876 5.008204
5880 4.915440
5884 4.690211
5888 4.585121
5892 4.688062
5896 4.822758
5900 4.874514
5904 4.782240
5908 4.680851
5912 4.732498
5916 4.875194
5920 4.944583
5924 4.856718
5928 4.664633
5932 4.603543
5936 4.708987
5940 4.859820
5944 4.949971
5948 4.851521
5952 4.693477
5956 4.708443
5960 4.841806
5964 4.936502
5968 4.855167
5972 4.630646
5976 4.538208
5980 4.646646
5984 4.808826
5988 4.906161
5992 4.826023
5996 4.664578
6000 4.705967
6004 4.869888
6008 4.950434
6012 4.828690
6016 4.598944
6020 4.541855
6024 4.683082
6028 4.872936
6032 4.958516
6036 4.824636
6040 4.684034
6044 4.709341
6048 4.819166
6052 4.877208
6056 4.791764
6060 4.661585
6064 4.651680
6068 4.772281
6072 4.916529
6076 4.930379
6080 4.767655
6084 4.641421
6088 4.688851
6092 4.776716
6096 4.865289
6100 4.819248
6104 4.629693
6108 4.539242
6112 4.645476
6116 4.845561
6120 4.975523
6124 4.878868
6128 4.730647
6132 4.699164
6136 4.784499
6140 4.849235
6144 4.771846
6148 4.670891
6152 4.657177
6156 4.789424
6160 4.946325
6164 4.927848
6168 4.790894
6172 4.667027
6176 4.662129
6180 4.772607
6184 4.833180
6188 4.798730
6192 4.746376
6196 4.740825
6200 4.835792
6204 4.933155
6208 4.862459
6212 4.726974
6216 4.652959
6220 4.686946
6224 4.817153
6228 4.853833
6232 4.768716
6236 4.678048
6240 4.676252
6244 4.824064
6248 4.961264
6252 4.931304
6256 4.783057
6260 4.638047
6264 4.652251
6268 4.752362
6272 4.799520
6276 4.798431
6280 4.740008
6284 4.720334
6288 4.838024
6292 4.885344
6296 4.794567
6300 4.681585
6304 4.595788
6308 4.659735
6312 4.817397
6316 4.870242
6320 4.844364
6324 4.788662
6328 4.753723
6332 4.833833
6336 4.871657
6340 4.802540
6344 4.730539
6348 4.659762
6352 4.704280
6356 4.802785
6360 4.809071
6364 4.802105
6368 4.734566
6372 4.734321
6376 4.865643
6380 4.870351
6384 4.789832
6388 4.663626
6392 4.572604
6396 4.698157
6400 4.850867
6404 4.894161
6408 4.859711
6412 4.734892
6416 4.716443
6420 4.800064
6424 4.801669
6428 4.751600
6432 4.671136
6436 4.646836
6440 4.775220
6444 4.884991
6448 4.912392
6452 4.848745
6456 4.705885
6460 4.698620
6464 4.798785
6468 4.825697
6472 4.807982
6476 4.707409
6480 4.591978
6484 4.671354
6488 4.811601
6492 4.866487
6496 4.830160
6500 4.697232
6504 4.668333
6508 4.780934
6512 4.830160
6516 4.796145
6520 4.695899
6524 4.647272
6528 4.749342
6532 4.905209
6536 4.958869
6540 4.829942
6544 4.639299
6548 4.604795
6552 4.712171
6556 4.844364
6560 4.890460
6564 4.763247
6568 4.668687
6572 4.758730
6576 4.869317
6580 4.920284
6584 4.832418
6588 4.640551
6592 4.628414
6596 4.761478
6600 4.876038
6604 4.899004
6608 4.747627
6612 4.608196
6616 4.659979
6620 4.793968
6624 4.918569
6628 4.898134
6632 4.720824
6636 4.652850
6640 4.689722
6644 4.801207
6648 4.901535
6652 4.811819
6656 4.749723
6660 4.794894
6664 4.832500
6668 4.895140
6672 4.814703
6676 4.647299
6680 4.617938
6684 4.707327
6688 4.858106
6692 4.929019
6696 4.825398
6700 4.699518
6704 4.694347
6708 4.813044
6712 4.931957
6716 4.859058
6720 4.681476
6724 4.627081
6728 4.681667
6732 4.824744
6736 4.878405
6740 4.772090
6744 4.700443
6748 4.716525
6752 4.821806
6756 4.910733
6760 4.811112
6764 4.650374
6768 4.629639
6772 4.735273
6776 4.923821
6780 4.975741
6784 4.810050
6788 4.668959
6792 4.663599
6796 4.778784
6800 4.868256
6804 4.784444
6808 4.652442
6812 4.620033
6816 4.726838
6820 4.906134
6824 4.928012
6828 4.771165
6832 4.655326
6836 4.680796
6840 4.795275
6844 4.855357
6848 4.793751
6852 4.665721
6856 4.607298
6860 4.709287
6864 4.864119
6868 4.912719
6872 4.824581
6876 4.695545
6880 4.712389
6884 4.800907
6888 4.815819
6892 4.780798
6896 4.699790
6900 4.693667
6904 4.837670
6908 4.963196
6912 4.905535
6916 4.731437
6920 4.616142
6924 4.667599
6928 4.815710
6932 4.882542
6936 4.811465
6940 4.690919
6944 4.671816
6948 4.788091
6952 4.902460
6956 4.863684
6960 4.710484
6964 4.628441
6968 4.717913
6972 4.862922
6976 4.878079
6980 4.740335
6984 4.587760
6988 4.598699
6992 4.802322
6996 4.950706
7000 4.878514
7004 4.703273
7008 4.595162
7012 4.650945
7016 4.811982
7020 4.905127
7024 4.826105
7028 4.725559
7032 4.756526
7036 4.867466
7040 4.940311
7044 4.822568
7048 4.623380
7052 4.556576
7056 4.664306
7060 4.872637
7064 4.974679
7068 4.836908
7072 4.677095
7076 4.624387
7080 4.734865
7084 4.907739
7088 4.858487
7092 4.707953
7096 4.634482
7100 4.684007
7104 4.846350
7108 4.910270
7112 4.774648
7116 4.655027
7120 4.658265
7124 4.794975
7128 4.932638
7132 4.855929
7136 4.668660
7140 4.568413
7144 4.651816
7148 4.895249
7152 5.025864
7156 4.877752
7160 4.674265
7164 4.612223
7168 4.706212
7172 4.891494
7176 4.876228
7180 4.676905
7184 4.585556
7188 4.666619
7192 4.882106
7196 5.004176
7200 4.817561
7204 4.664279
7208 4.588658
7212 4.734457
7216 5.000040
7220 4.943087
7224 4.742376
7228 4.640986
7232 4.644659
7236 4.849017
7240 4.992367
7244 4.868119
7248 4.689123
7252 4.594863
7256 4.696579
7260 4.895195
7264 4.909617
7268 4.776988
7272 4.641857
7276 4.655245
7280 4.873915
7284 5.016095
7288 4.907603
7292 4.681232
7296 4.529229
7300 4.614672
7304 4.841697
7308 4.933590
7312 4.844173
7316 4.683599
7320 4.614836
7324 4.771709
7328 4.914869
7332 4.883195
7336 4.760634
7340 4.626373
7344 4.673558
7348 4.867875
7352 4.960012
7356 4.862541
7360 4.635789
7364 4.584794
7368 4.766213
7372 4.968638
7376 4.966271
7380 4.722158
7384 4.507378
7388 4.576767
7392 4.785751
7396 4.959033
7400 4.939005
7404 4.731518
7408 4.657993
7412 4.758621
7416 4.851657
7420 4.878378
7424 4.753315
7428 4.623734
7432 4.689041
7436 4.827602
7440 4.925399
7444 4.896338
7448 4.719191
7452 4.647571
7456 4.732362
7460 4.836990
7464 4.916501
7468 4.829207
7472 4.686538
7476 4.696307
7480 4.773179
7484 4.887821
7488 4.891739
7492 4.714538
7496 4.675789
7500 4.735301
7504 4.804717
7508 4.887684
7512 4.758893
7516 4.617149
7520 4.688334
7524 4.822268
7528 4.989945
7532 4.975060
7536 4.743491
7540 4.639326
7544 4.655571
7548 4.778839
7552 4.919930
7556 4.833915
7560 4.739328
7564 4.724443
7568 4.737478
7572 4.839602
7576 4.837806
7580 4.724280
7584 4.685858
7588 4.703273
7592 4.791138
7596 4.874541
7600 4.806295
7604 4.733777
7608 4.739382
7612 4.775029
7616 4.884419
7620 4.872392
7624 4.740525
7628 4.689341
7632 4.660769
7636 4.710429
7640 4.798703
7644 4.759029
7648 4.780689
7652 4.809833
7656 4.847765
7660 4.888691
7664 4.768580
7668 4.638700
7672 4.633612
7676 4.686293
7680 4.792553
7684 4.845670
7688 4.795710
7692 4.753206
7696 4.751682
7700 4.762349
7704 4.791383
7708 4.750512
7712 4.724443
7716 4.757315
7720 4.798485
7724 4.856500
7728 4.817996
7732 4.739709
7736 4.766186
7740 4.798105
7744 4.817996
7748 4.803601
7752 4.685286
7756 4.638727
7760 4.693096
7764 4.747736
7768 4.822595
7772 4.782131
7776 4.726321
7780 4.810159
7784 4.838160
7788 4.799411
7792 4.690021
7796 4.572413
7800 4.623761
7804 4.805397
7808 4.939359
7812 4.916012
7816 4.780608
7820 4.691844
7824 4.719219
7828 4.834513
7832 4.881943
7836 4.770730
7840 4.655163
7844 4.670674
7848 4.782948
7852 4.940447
7856 4.923930
7860 4.726620
7864 4.655054
7868 4.737722
7872 4.877725
7876 4.909916
7880 4.718511
7884 4.547134
7888 4.572059
7892 4.754648
7896 4.990707
7900 4.963278
7904 4.732253
7908 4.637285
7912 4.690402
7916 4.814812
7920 4.883113
7924 4.759519
7928 4.657449
7932 4.682946
7936 4.838405
7940 5.034136
7944 4.916447
7948 4.648823
7952 4.575107
7956 4.644687
7960 4.862514
7964 4.980911
7968 4.798730
7972 4.638918
7976 4.633340
7980 4.792036
7984 5.025864
7988 4.946379
7992 4.710239
7996 4.552767
8000 4.577121
8004 4.818377
8008 4.921862
8012 4.778948
8016 4.620305
8020 4.610047
8024 4.812853
8028 5.021510
8032 4.924338
8036 4.687490
8040 4.554835
8044 4.590699
8048 4.793832
8052 4.933100
8056 4.877344
8060 4.762049
8064 4.699137
8068 4.782431
8072 4.881235
8076 4.809343
8080 4.684878
8084 4.626047
8088 4.655707
8092 4.791111
8096 4.920610
8100 4.886406
8104 4.733314
8108 4.672660
8112 4.790458
8116 4.906107
8120 4.890732
8124 4.766621
8128 4.594971
8132 4.586590
8136 4.738974
8140 4.845534
8144 4.877018
8148 4.811220
8152 4.711572
8156 4.729913
8160 4.805397
8164 4.799628
8168 4.753179
8172 4.662483
8176 4.666238
8180 4.805098
8184 4.901399
8188 4.918950
8192 4.781750
8196 4.624768
8200 4.672089
8204 4.772798
8208 4.832173
8212 4.811765
8216 4.693232
8220 4.679871
8224 4.774784
8228 4.820119
8232 4.838595
8236 4.760199
8240 4.681096
8244 4.749151
8248 4.773097
8252 4.751927
8256 4.719600
8260 4.671680
8264 4.721396
8268 4.822432
8272 4.873861
8276 4.881834
8280 4.778458
8284 4.725096
8288 4.737750
8292 4.733505
8296 4.805098
8300 4.812254
8304 4.770050
8308 4.856419
8312 4.867657
8316 4.835085
8320 4.812717
8324 4.688279
8328 4.660116
8332 4.705640
8336 4.728634
8340 4.772308
8344 4.764471
8348 4.717151
8352 4.724607
8356 4.771764
8360 4.843493
8364 4.837888
8368 4.743219
8372 4.713940
8376 4.723246
8380 4.756580
8384 4.821153
8388 4.748199
8392 4.718321
8396 4.779710
8400 4.846269
8404 4.885127
8408 4.809533
8412 4.685123
8416 4.658728
8420 4.728280
8424 4.834949
8428 4.892038
8432 4.830813
8436 4.760634
8440 4.760716
8444 4.801996
8448 4.801098
8452 4.752689
8456 4.710946
8460 4.705259
8464 4.762621
8468 4.857834
8472 4.825044
8476 4.735818
8480 4.729369
8484 4.763628
8488 4.842786
8492 4.871140
8496 4.770621
8500 4.681939
8504 4.671789
8508 4.746920
8512 4.829561
8516 4.811275
8520 4.747927
8524 4.659462
8528 4.685286
8532 4.812336
8536 4.801207
8540 4.711599
8544 4.619217
8548 4.603162
8552 4.750185
8556 4.919984
8560 4.923277
8564 4.783329
8568 4.649857
8572 4.677585
8576 4.798866
8580 4.859793
8584 4.803574
8588 4.669177
8592 4.652823
8596 4.769560
8600 4.860718
8604 4.876147
8608 4.780417
8612 4.685068
8616 4.753859
8620 4.836309
8624 4.860718
8628 4.794785
8632 4.632795
8636 4.600033
8640 4.747274
8644 4.854813
8648 4.873262
8652 4.767220
8656 4.636741
8660 4.638156
8664 4.713450
8668 4.771873
8672 4.778812
8676 4.753260
8680 4.727736
8684 4.792200
8688 4.866596
8692 4.863412
8696 4.763274
8700 4.664578
8704 4.678810
8708 4.768281
8712 4.842922
8716 4.828336
8720 4.722811
8724 4.651081
8728 4.718457
8732 4.861534
8736 4.892528
8740 4.801642
8744 4.696987
8748 4.658102
8752 4.759927
8756 4.859085
8760 4.792635
8764 4.702402
8768 4.693069
8772 4.761179
8776 4.923359
8780 4.920637
8784 4.699681
8788 4.578372
8792 4.596849
8796 4.700905
8800 4.894079
8804 4.914107
8808 4.727872
8812 4.672551
8816 4.726620
8820 4.824881
8824 4.864092
8828 4.750267
8832 4.647217
8836 4.661204
8840 4.737396
8844 4.834132
8848 4.831738
8852 4.747464
8856 4.677939
8860 4.731654
8864 4.854160
8868 4.893154
8872 4.799873
8876 4.678266
8880 4.632033
8884 4.710946
8888 4.872718
8892 4.910297
8896 4.802377
8900 4.709314
8904 4.715491
8908 4.785342
8912 4.825751
8916 4.775002
8920 4.635734
8924 4.577910
8928 4.757179
8932 4.899957
8936 4.920338
8940 4.823166
8944 4.636006
8948 4.634754
8952 4.835901
8956 4.890623
8960 4.808907
8964 4.677612
8968 4.603625
8972 4.733886
8976 4.883657
8980 4.876201
8984 4.775927
8988 4.675898
8992 4.684878
8996 4.810322
9000 4.872854
9004 4.771165
9008 4.651217
9012 4.616659
9016 4.734131
9020 4.925155
9024 4.926134
9028 4.768362
9032 4.593257
9036 4.556875
9040 4.687653
9044 4.811057
9048 4.856772
9052 4.772553
9056 4.660007
9060 4.719110
9064 4.855412
9068 4.894814
9072 4.789070
9076 4.646537
9080 4.632578
9084 4.754158
9088 4.877480
9092 4.870242
9096 4.724117
9100 4.646319
9104 4.704252
9108 4.851629
9112 4.941046
9116 4.828853
9120 4.667327
9124 4.663381
9128 4.745940
9132 4.849235
9136 4.867085
9140 4.751410
9144 4.705150
9148 4.813316
9152 4.877535
9156 4.872963
9160 4.746376
9164 4.575134
9168 4.567080
9172 4.713858
9176 4.887984
9180 4.911304
9184 4.793424
9188 4.670429
9192 4.646619
9196 4.776390
9200 4.832173
9204 4.740117
9208 4.646809
9212 4.648741
9216 4.738974
9220 4.864473
9224 4.869589
9228 4.723382
9232 4.653530
9236 4.738348
9240 4.836364
9244 4.865072
9248 4.787764
9252 4.674021
9256 4.655081
9260 4.801424
9264 4.928774
9268 4.892637
9272 4.796145
9276 4.695572
9280 4.693830
9284 4.782376
9288 4.815520
9292 4.753505
9296 4.641884
9300 4.622754
9304 4.767111
9308 4.863657
9312 4.835847
9316 4.712443
9320 4.580604
9324 4.614101
9328 4.772852
9332 4.867330
9336 4.815846
9340 4.670048
9344 4.637149
9348 4.744879
9352 4.870514
9356 4.874813
9360 4.760172
9364 4.679027
9368 4.682783
9372 4.778784
9376 4.815928
9380 4.778376
9384 4.721831
9388 4.705803
9392 4.799438
9396 4.884582
9400 4.837017
9404 4.719328
9408 4.616251
9412 4.629938
9416 4.739927
9420 4.827738
9424 4.817615
9428 4.740552
9432 4.743682
9436 4.819139
9440 4.850106
9444 4.844990
9448 4.740035
9452 4.639571
9456 4.750376
9460 4.857153
9464 4.870895
9468 4.826976
9472 4.700579
9476 4.676061
9480 4.817153
9484 4.890106
9488 4.848990
9492 4.738131
9496 4.626537
9500 4.648850
9504 4.750811
9508 4.830432
9512 4.857371
9516 4.780771
9520 4.751464
9524 4.802486
9528 4.804363
9532 4.772199
9536 4.669667
9540 4.608740
9544 4.691898
9548 4.823955
9552 4.915358
9556 4.900011
9560 4.743382
9564 4.643435
9568 4.739682
9572 4.836690
9576 4.829534
9580 4.722212
9584 4.647680
9588 4.723464
9592 4.850187
9596 4.924148
9600 4.811493
9604 4.660877
9608 4.689123
9612 4.789506
9616 4.860364
9620 4.838350
9624 4.674456
9628 4.602836
9632 4.709477
9636 4.883956
9640 4.984312
9644 4.862786
9648 4.663109
9652 4.617856
9656 4.709912
9660 4.798567
9664 4.793234
9668 4.672878
9672 4.619788
9676 4.719953
9680 4.876310
9684 4.923277
9688 4.772988
9692 4.584196
9696 4.600386
9700 4.724117
9704 4.883739
9708 4.879929
9712 4.702593
9716 4.641231
9720 4.714729
9724 4.887821
9728 4.954407
9732 4.785234
9736 4.631571
9740 4.611625
9744 4.740580
9748 4.890542
9752 4.863494
9756 4.724770
9760 4.653775
9764 4.766430
9768 4.949209
9772 4.951795
9776 4.771982
9780 4.602101
9784 4.555814
9788 4.708770
9792 4.947468
9796 4.941073
9800 4.767029
9804 4.674728
9808 4.722647
9812 4.884582
9816 4.907277
9820 4.742566
9824 4.579787
9828 4.571216
9832 4.742893
9836 4.927767
9840 4.908828
9844 4.738675
9848 4.652959
9852 4.727899
9856 4.870242
9860 4.895385
9864 4.763845
9868 4.607951
9872 4.576713
9876 4.710810
9880 4.901372
9884 4.960067
9888 4.846459
9892 4.701314
9896 4.688660
9900 4.831139
9904 4.893127
9908 4.761750
9912 4.596631
9916 4.548984
9920 4.701232
9924 4.967632
9928 5.019741
9932 4.804526
9936 4.574291
9940 4.570563
9944 4.770485
9948 4.866677
9952 4.794485
9956 4.654973
9960 4.609584
9964 4.763492
9968 4.947577
9972 4.914950
9976 4.743518
9980 4.622101
9984 4.666646
9988 4.810676
9992 4.840228
9996 4.763437
10000 4.663680
10004 4.665014
10008 4.834731
10012 4.974108
10016 4.912692
10020 4.749233
10024 4.603788
10028 4.613992
10032 4.737995
10036 4.809669
10040 4.796145
10044 4.707681
10048 4.655326
10052 4.770539
10056 4.912011
10060 4.891440
10064 4.712361
10068 4.554508
10072 4.572168
10076 4.753804
10080 4.903222
10084 4.916665
10088 4.783111
10092 4.664306
10096 4.747246
10100 4.883875
10104 4.900719
10108 4.778077
10112 4.635652
10116 4.630646
10120 4.733423
10124 4.861997
10128 4.891385
10132 4.744906
10136 4.686429
10140 4.800200
10144 4.908175
10148 4.884746
10152 4.702212
10156 4.508466
10160 4.546100
10164 4.789479
10168 4.982489
10172 4.921535
10176 4.686021
10180 4.585230
10184 4.724933
10188 4.862759
10192 4.846731
10196 4.712035
10200 4.613094
10204 4.669531
10208 4.852500
10212 4.966897
10216 4.876909
10220 4.720606
10224 4.672252
10228 4.727600
10232 4.842840
10236 4.857561
10240 4.727763
10244 4.634156
10248 4.652741
10252 4.801696
10256 4.952556
10260 4.899603
10264 4.743954
10268 4.638129
10272 4.700171
10276 4.821942
10280 4.800037
10284 4.664714
10288 4.570753
10292 4.651381
10296 4.878732
10300 4.998108
10304 4.877290
10308 4.647952
10312 4.569828
10316 4.701477
10320 4.852174
10324 4.848364
10328 4.747301
10332 4.658374
10336 4.728988
10340 4.907168
10344 4.906732
10348 4.780390
10352 4.640768
10356 4.605230
10360 4.760743
10364 4.860609
10368 4.831221
10372 4.726130
10376 4.629856
10380 4.731518
10384 4.911712
10388 4.954352
10392 4.846459
10396 4.671871
10400 4.601774
10404 4.724280
10408 4.844473
10412 4.831357
10416 4.767601
10420 4.690674
10424 4.750593
10428 4.876446
10432 4.864473
10436 4.771791
10440 4.639299
10444 4.624142
10448 4.747464
10452 4.852065
10456 4.888691
10460 4.826187
10464 4.713586
10468 4.751219
10472 4.850405
10476 4.877943
10480 4.817833
10484 4.668687
10488 4.608822
10492 4.727545
10496 4.855248
10500 4.887902
10504 4.757505
10508 4.621802
10512 4.702756
10516 4.882650
10520 4.922488
10524 4.777859
10528 4.611652
10532 4.625503
10536 4.774050
10540 4.914651
10544 4.927495
10548 4.756798
10552 4.655163
10556 4.749451
10560 4.829643
10564 4.838459
10568 4.767573
10572 4.649802
10576 4.674728
10580 4.818894
10584 4.911222
10588 4.876065
10592 4.741614
10596 4.661286
10600 4.723083
10604 4.835602
10608 4.872528
10612 4.789914
10616 4.642156
10620 4.635680
10624 4.770349
10628 4.895603
10632 4.905209
10636 4.759083
10640 4.647789
10644 4.704661
10648 4.827493
10652 4.886079
10656 4.777859
10660 4.610591
10664 4.623897
10668 4.803438
10672 4.955577
10676 4.912148
10680 4.689068
10684 4.573910
10688 4.648197
10692 4.801778
10696 4.882650
10700 4.804363
10704 4.685449
10708 4.682402
10712 4.833996
10716 4.950516
10720 4.872228
10724 4.702620
10728 4.646020
10732 4.733695
10736 4.881752
10740 4.922923
10744 4.756090
10748 4.628333
10752 4.667626
10756 4.828826
10760 4.997945
10764 4.902950
10768 4.659925
10772 4.593801
10776 4.688905
10780 4.870024
10784 4.931849
10788 4.802594
10792 4.676170
10796 4.676197
10800 4.841099
10804 4.932474
10808 4.810567
10812 4.651081
10816 4.568740
10820 4.642727
10824 4.845344
10828 4.914025
10832 4.819193
10836 4.692062
10840 4.661612
10844 4.774131
10848 4.872473
10852 4.838622
10856 4.716008
10860 4.660061
10864 4.779247
10868 4.897916
10872 4.873018
10876 4.786730
10880 4.679327
10884 4.685096
10888 4.863902
10892 4.923359
10896 4.804989
10900 4.689613
10904 4.630673
10908 4.758512
10912 4.922896
10916 4.908175
10920 4.768798
10924 4.636768
10928 4.653041
10932 4.812254
10936 4.877834
10940 4.795819
10944 4.689830
10948 4.643489
10952 4.743682
10956 4.914542
10960 4.884936
10964 4.759192
10968 4.647217
10972 4.649122
10976 4.823983
10980 4.912202
10984 4.857616
10988 4.691191
10992 4.603652
10996 4.718783
11000 4.855276
11004 4.869752
11008 4.777859
11012 4.641503
11016 4.673476
11020 4.815601
11024 4.903385
11028 4.838051
11032 4.704307
11036 4.677776
11040 4.770648
11044 4.881399
11048 4.904311
11052 4.786431
11056 4.643326
11060 4.686592
11064 4.820146
11068 4.850242
11072 4.858541
11076 4.740144
11080 4.612169
11084 4.756879
11088 4.904692
11092 4.884718
11096 4.766077
11100 4.604876
11104 4.622428
11108 4.793125
11112 4.917807
11116 4.863058
11120 4.673531
11124 4.613339
11128 4.725749
11132 4.850949
11136 4.882514
11140 4.775193
11144 4.645258
11148 4.682456
11152 4.813316
11156 4.900365
11160 4.879031
11164 4.743437
11168 4.662211
11172 4.757342
11176 4.851493
11180 4.871766
11184 4.806676
11188 4.622781
11192 4.611189
11196 4.832636
11200 4.953890
11204 4.899739
11208 4.755111
11212 4.580332
11216 4.615625
11220 4.817751
11224 4.942706
11228 4.853970
11232 4.707001
11236 4.696769
11240 4.806186
11244 4.917290
11248 4.886052
11252 4.719981
11256 4.620469
11260 4.679163
11264 4.819901
11268 4.895412
11272 4.835275
11276 4.681585
11280 4.639299
11284 4.747872
11288 4.877807
11292 4.870732
11296 4.710756
11300 4.628822
11304 4.658510
11308 4.812391
11312 4.940529
11316 4.824772
11320 4.662265
11324 4.615244
11328 4.740035
11332 4.923277
11336 4.863738
11340 4.654238
11344 4.513011
11348 4.611162
11352 4.896827
11356 5.019007
11360 4.884392
11364 4.654837
11368 4.588033
11372 4.757587
11376 4.916447
11380 4.903277
11384 4.753940
11388 4.617502
11392 4.688851
11396 4.908311
11400 4.959414
11404 4.835003
11408 4.673395
11412 4.591516
11416 4.744770
11420 4.945373
11424 4.918080
11428 4.751845
11432 4.587869
11436 4.604278
11440 4.830595
11444 4.939005
11448 4.853915
11452 4.667680
11456 4.565365
11460 4.691164
11464 4.860446
11468 4.878297
11472 4.763165
11476 4.645748
11480 4.698538
11484 4.876691
11488 4.951713
11492 4.857398
11496 4.679925
11500 4.565148
11504 4.696143
11508 4.899249
11512 4.937536
11516 4.821506
11520 4.652306
11524 4.617856
11528 4.799139
11532 4.980829
11536 4.934679
11540 4.685585
11544 4.561039
11548 4.688687
11552 4.880446
11556 4.961291
11560 4.818214
11564 4.581339
11568 4.626346
11572 4.875194
11576 4.979713
11580 4.877861
11584 4.648714
11588 4.522916
11592 4.658918
11596 4.851738
11600 4.910052
11604 4.822812
11608 4.675789
11612 4.696470
11616 4.841507
11620 4.887195
11624 4.809833
11628 4.646401
11632 4.585447
11636 4.735627
11640 4.915195
11644 4.965400
11648 4.798703
11652 4.579270
11656 4.551977
11660 4.729994
11664 4.937590
11668 4.905399
11672 4.675082
11676 4.516167
11680 4.630101
11684 4.885018
11688 4.990788
11692 4.834078
11696 4.605148
11700 4.587216
11704 4.783546
11708 4.931359
11712 4.888637
11716 4.689694
11720 4.545011
11724 4.659735
11728 4.918515
11732 5.013809
11736 4.857453
11740 4.650075
11744 4.610155
11748 4.748607
11752 4.903902
11756 4.895059
11760 4.716117
11764 4.625176
11768 4.718484
11772 4.884229
11776 4.954978
11780 4.776145
11784 4.539161
11788 4.555678
11792 4.763083
11796 4.957155
11800 4.924692
11804 4.666156
11808 4.518262
11812 4.642673
11816 4.905290
11820 5.034980
11824 4.861643
11828 4.643653
11832 4.596005
11836 4.717015
11840 4.932910
11844 4.950788
11848 4.741205
11852 4.623679
11856 4.695164
11860 4.885208
11864 5.018490
11868 4.875956
11872 4.611217
11876 4.541882
11880 4.714783
11884 4.966135
11888 5.020258
11892 4.795247
11896 4.553474
11900 4.605339
11904 4.897481
11908 5.050654
11912 4.838269
11916 4.572821
11920 4.504766
11924 4.682102
11928 4.934107
11932 4.953672
11936 4.736906
11940 4.589692
11944 4.648741
11948 4.877235
11952 4.992802
11956 4.813234
11960 4.579107
11964 4.523269
11968 4.666864
11972 4.889018
11976 4.959985
11980 4.802132
11984 4.633340
11988 4.651381
11992 4.813778
11996 4.915086
12000 4.844337
12004 4.674919
12008 4.611679
12012 4.739192
12016 4.944692
12020 4.976230
12024 4.800173
12028 4.587570
12032 4.557256
12036 4.783438
12040 4.944992
12044 4.869752
12048 4.679381
12052 4.535596
12056 4.585284
12060 4.824445
12064 4.965455
12068 4.868827
12072 4.695191
12076 4.672061
12080 4.764471
12084 4.875793
12088 4.863494
12092 4.708633
12096 4.597339
12100 4.713722
12104 4.907222
12108 4.969183
12112 4.847330
12116 4.622373
12120 4.564467
12124 4.724307
12128 4.872664
12132 4.889943
12136 4.744144
12140 4.636550
12144 4.688062
12148 4.842459
12152 4.929400
12156 4.787084
12160 4.624850
12164 4.635163
12168 4.690456
12172 4.791519
12176 4.891304
12180 4.777397
12184 4.623135
12188 4.688606
12192 4.792853
12196 4.927195
12200 4.944937
12204 4.731682
12208 4.625856
12212 4.695273
12216 4.804390
12220 4.903712
12224 4.825125
12228 4.672932
12232 4.691790
12236 4.820717
12240 4.903630
12244 4.823112
12248 4.613149
12252 4.553256
12256 4.701776
12260 4.885752
12264 4.943985
12268 4.756145
12272 4.586373
12276 4.636877
12280 4.791574
12284 4.916093
