0 4.873698
2 4.822513
4 4.810377
6 4.854405
8 4.906950
10 4.918433
12 4.885889
14 4.818050
16 4.740552
18 4.683055
20 4.664279
22 4.688932
24 4.749968
26 4.831221
28 4.910379
30 4.961863
32 4.966189
34 4.925998
36 4.866759
38 4.819057
40 4.778104
42 4.776444
44 4.812363
46 4.863602
48 4.896827
50 4.884120
52 4.821969
54 4.736634
56 4.666374
58 4.640197
60 4.672007
62 4.751709
64 4.847956
66 4.932937
68 4.973754
70 4.953210
72 4.887113
74 4.815220
76 4.771573
78 4.763274
80 4.784526
82 4.833180
84 4.885780
86 4.934461
88 4.956965
90 4.940230
92 4.892147
94 4.832418
96 4.779356
98 4.748389
100 4.747872
102 4.774403
104 4.806703
106 4.816091
108 4.789642
110 4.741097
112 4.696171
114 4.676388
116 4.706511
118 4.781288
120 4.884229
122 4.992639
124 5.066599
126 5.073293
128 5.012149
130 4.913535
132 4.796417
134 4.712144
136 4.685477
138 4.702375
140 4.752525
142 4.812853
144 4.852500
146 4.853480
148 4.822867
150 4.785261
152 4.762920
154 4.767492
156 4.803792
158 4.869235
160 4.945590
162 5.001673
164 5.007387
166 4.956502
168 4.873589
170 4.792499
172 4.728634
174 4.700905
176 4.720171
178 4.771655
180 4.823030
182 4.842622
184 4.821397
186 4.779546
188 4.746348
190 4.731083
192 4.736416
194 4.771982
196 4.836282
198 4.910977
200 4.963359
202 4.964257
204 4.908202
206 4.818078
208 4.745804
210 4.734348
212 4.774322
214 4.841915
216 4.925372
218 4.999414
220 5.026898
222 4.983577
224 4.879412
226 4.753532
228 4.649666
230 4.599189
232 4.614128
234 4.684987
236 4.781995
238 4.865507
240 4.903494
242 4.888229
244 4.849398
246 4.821098
248 4.817670
250 4.842568
252 4.888610
254 4.935985
256 4.956747
258 4.930570
260 4.861453
262 4.772281
264 4.691708
266 4.641204
268 4.632904
270 4.674538
272 4.763600
274 4.872854
276 4.955795
278 4.975169
280 4.930406
282 4.853616
284 4.782240
286 4.740008
288 4.742049
290 4.793098
292 4.877099
294 4.951495
296 4.971006
298 4.919549
300 4.824772
302 4.736117
304 4.688824
306 4.689068
308 4.723436
310 4.770403
312 4.814595
314 4.846269
316 4.844772
318 4.807928
320 4.762158
322 4.733069
324 4.735600
326 4.773941
328 4.840065
330 4.913998
332 4.967033
334 4.972611
336 4.934162
338 4.877698
340 4.821942
342 4.782322
344 4.774594
346 4.804282
348 4.858242
350 4.902188
352 4.897181
354 4.832663
356 4.740389
358 4.665068
360 4.633040
362 4.648034
364 4.704116
366 4.792717
368 4.894923
370 4.975305
372 4.998108
374 4.957210
376 4.885208
378 4.817533
380 4.769342
382 4.747138
384 4.756526
386 4.790295
388 4.824227
390 4.820391
392 4.773750
394 4.713287
396 4.673286
398 4.672959
400 4.713096
402 4.784880
404 4.874433
406 4.957863
408 5.001292
410 4.980366
412 4.907059
414 4.822295
416 4.762757
418 4.740961
420 4.759464
422 4.818404
424 4.893426
426 4.940339
428 4.925971
430 4.855548
432 4.768281
434 4.705150
436 4.684306
438 4.701640
440 4.744743
442 4.804227
444 4.858568
446 4.875330
448 4.838976
450 4.771220
452 4.713504
454 4.695109
456 4.719790
458 4.778676
460 4.867276
462 4.960938
464 5.025211
466 5.026762
468 4.959686
470 4.857534
472 4.769451
474 4.726838
476 4.733695
478 4.771301
480 4.818731
482 4.851112
484 4.842133
486 4.789070
488 4.721368
490 4.678157
492 4.681204
494 4.711164
496 4.803520
498 4.924801
500 5.021646
502 5.066491
504 5.038000
506 4.945917
508 4.827738
510 4.724226
512 4.641476
514 4.615298
516 4.657503
518 4.738348
520 4.824962
522 4.881208
524 4.888963
526 4.856963
528 4.808880
530 4.768526
532 4.757532
534 4.789941
536 4.859493
538 4.933808
540 4.970870
542 4.949400
544 4.884800
546 4.813452
548 4.766920
550 4.749995
552 4.757587
554 4.805043
556 4.878133
558 4.939468
560 4.952801
562 4.909100
564 4.827466
566 4.732416
568 4.655653
570 4.639653
572 4.673340
574 4.753777
576 4.861480
578 4.949509
580 4.979196
582 4.946842
584 4.873099
586 4.755682
588 4.699708
590 4.736852
592 4.797724
594 4.874405
596 4.948584
598 4.980666
600 4.952556
602 4.876555
604 4.781261
606 4.698620
608 4.657286
610 4.673422
612 4.739818
614 4.825289
616 4.889290
618 4.906569
620 4.878596
622 4.830595
624 4.798866
626 4.795628
628 4.813914
630 4.857153
632 4.918243
634 4.964666
636 4.959795
638 4.894433
640 4.795193
642 4.695980
644 4.614999
646 4.590726
648 4.636469
650 4.740770
652 4.863874
654 4.953264
656 4.973672
658 4.929263
660 4.852935
662 4.781723
664 4.743274
666 4.751954
668 4.803520
670 4.877099
672 4.937536
674 4.954407
676 4.922052
678 4.862568
680 4.806649
682 4.774131
684 4.770730
686 4.794023
688 4.832445
690 4.865344
692 4.872555
694 4.847139
696 4.797370
698 4.739709
700 4.691626
702 4.675055
704 4.707790
706 4.788281
708 4.889535
710 4.967768
712 4.976312
714 4.904392
716 4.827466
718 4.781859
720 4.763464
722 4.768362
724 4.801996
726 4.852854
728 4.892474
730 4.891957
732 4.844010
734 4.769614
736 4.702348
738 4.669395
740 4.683735
742 4.745886
744 4.843003
746 4.946080
748 5.017755
750 5.033429
752 4.993346
754 4.922869
756 4.854541
758 4.811520
760 4.804309
762 4.831575
764 4.876419
766 4.908256
768 4.899385
770 4.843602
772 4.763981
774 4.696225
776 4.668306
778 4.690701
780 4.756825
782 4.841534
784 4.906379
786 4.921073
788 4.880365
790 4.805343
792 4.732090
794 4.691218
796 4.697314
798 4.751872
800 4.844364
802 4.946624
804 5.013401
806 5.011387
808 4.945019
810 4.849942
812 4.766186
814 4.720198
816 4.721668
818 4.764716
820 4.830459
822 4.888392
824 4.905698
826 4.870024
828 4.801941
830 4.741723
832 4.723300
834 4.758512
836 4.837888
838 4.935196
840 5.011959
842 5.036749
844 4.992557
846 4.887875
848 4.766648
850 4.677014
852 4.647353
854 4.681041
856 4.756498
858 4.834595
860 4.880473
862 4.875385
864 4.825098
866 4.758838
868 4.711110
870 4.699953
872 4.721668
874 4.780526
876 4.879031
878 4.980339
880 5.039361
882 5.027524
884 4.948774
886 4.838704
888 4.742566
890 4.694239
892 4.705450
894 4.763600
896 4.838459
898 4.893617
900 4.900882
902 4.855330
904 4.780771
906 4.715790
908 4.692062
910 4.719926
912 4.788118
914 4.869208
916 4.929998
918 4.943087
920 4.899902
922 4.818595
924 4.738566
926 4.694919
928 4.696035
930 4.744035
932 4.832581
934 4.920447
936 4.978217
938 4.978870
940 4.916910
942 4.814703
944 4.710293
946 4.637340
948 4.623054
950 4.673041
952 4.760689
954 4.859058
956 4.932148
958 4.953536
960 4.927304
962 4.879521
964 4.836228
966 4.805969
968 4.821017
970 4.876609
972 4.931713
974 4.956176
976 4.930243
978 4.860691
980 4.774104
982 4.696633
984 4.645884
986 4.633802
988 4.668633
990 4.744661
992 4.834513
994 4.901862
996 4.924012
998 4.900528
1000 4.841153
1002 4.781587
1004 4.775846
1006 4.809751
1008 4.866541
1010 4.937781
1012 4.987578
1014 4.981183
1016 4.914352
1018 4.815275
1020 4.720770
1022 4.653585
1024 4.638564
1026 4.681259
1028 4.759546
1030 4.839194
1032 4.887140
1034 4.887167
1036 4.846786
1038 4.789098
1040 4.737695
1042 4.709858
1044 4.714157
1046 4.749750
1048 4.804091
1050 4.852718
1052 4.877045
1054 4.873426
1056 4.850378
1058 4.817071
1060 4.781832
1062 4.771356
1064 4.795275
1066 4.847820
1068 4.900311
1070 4.917154
1072 4.881127
1074 4.805778
1076 4.723790
1078 4.667245
1080 4.658619
1082 4.708579
1084 4.808227
1086 4.924746
1088 5.010435
1090 5.027415
1092 4.971904
1094 4.879875
1096 4.802186
1098 4.765152
1100 4.764009
1102 4.785941
1104 4.818704
1106 4.845180
1108 4.845643
1110 4.808826
1112 4.743301
1114 4.676252
1116 4.638101
1118 4.646510
1120 4.701831
1122 4.788934
1124 4.880746
1126 4.948121
1128 4.960366
1130 4.905535
1132 4.871902
1134 4.801860
1136 4.757560
1138 4.762648
1140 4.812717
1142 4.877072
1144 4.913236
1146 4.896011
1148 4.835058
1150 4.762131
1152 4.707790
1154 4.689395
1156 4.711953
1158 4.772798
1160 4.856419
1162 4.930760
1164 4.961019
1166 4.932148
1168 4.856772
1170 4.765995
1172 4.694946
1174 4.669286
1176 4.699028
1178 4.775846
1180 4.866133
1182 4.927985
1184 4.944230
1186 4.905181
1188 4.826296
1190 4.747246
1192 4.703627
1194 4.706266
1196 4.743382
1198 4.793125
1200 4.833670
1202 4.847139
1204 4.822758
1206 4.766784
1208 4.709178
1210 4.689313
1212 4.731001
1214 4.829452
1216 4.952175
1218 5.049456
1220 5.077783
1222 5.027469
1224 4.924774
1226 4.808390
1228 4.711491
1230 4.654401
1232 4.647299
1234 4.690647
1236 4.768308
1238 4.844582
1240 4.880746
1242 4.859548
1244 4.797098
1246 4.728770
1248 4.686674
1250 4.686701
1252 4.726947
1254 4.796036
1256 4.879820
1258 4.946026
1260 4.941781
1262 4.860038
1264 4.756417
1266 4.688062
1268 4.681150
1270 4.728743
1272 4.804390
1274 4.877426
1276 4.922896
1278 4.919359
1280 4.865997
1282 4.789125
1284 4.726974
1286 4.709069
1288 4.740743
1290 4.804472
1292 4.873671
1294 4.922352
1296 4.930488
1298 4.892065
1300 4.823302
1302 4.756689
1304 4.720498
1306 4.717123
1308 4.739192
1310 4.823955
1312 4.926733
1314 4.986435
1316 4.975414
1318 4.894759
1320 4.779193
1322 4.678592
1324 4.628278
1326 4.640306
1328 4.709232
1330 4.796009
1332 4.864419
1334 4.893834
1336 4.876174
1338 4.830486
1340 4.790295
1342 4.778839
1344 4.794241
1346 4.826513
1348 4.873099
1350 4.921073
1352 4.941563
1354 4.910624
1356 4.832636
1358 4.739654
1360 4.673748
1362 4.664170
1364 4.710674
1366 4.786812
1368 4.864228
1370 4.923277
1372 4.943604
1374 4.913182
1376 4.843085
1378 4.763519
1380 4.706701
1382 4.685150
1384 4.735872
1386 4.831003
1388 4.901671
1390 4.939549
1392 4.927495
1394 4.871711
1396 4.800935
1398 4.746104
1400 4.706511
1402 4.697123
1404 4.752934
1406 4.832282
1408 4.894569
1410 4.919141
1412 4.897426
1414 4.841697
1416 4.779737
1418 4.736852
1420 4.725885
1422 4.747818
1424 4.798132
1426 4.861562
1428 4.910352
1430 4.919957
1432 4.888991
1434 4.839792
1436 4.797397
1438 4.784063
1440 4.802486
1442 4.834323
1444 4.877317
1446 4.907113
1448 4.897481
1450 4.841779
1452 4.759002
1454 4.680633
1456 4.636850
1458 4.650047
1460 4.705667
1462 4.784961
1464 4.871902
1466 4.937699
1468 4.959468
1470 4.934488
1472 4.877780
1474 4.806322
1476 4.751954
1478 4.741151
1480 4.748090
1482 4.778131
1484 4.824881
1486 4.863031
1488 4.871603
1490 4.848255
1492 4.807629
1494 4.771601
1496 4.758784
1498 4.778213
1500 4.825697
1502 4.881535
1504 4.917726
1506 4.915304
1508 4.875630
1510 4.811329
1512 4.758158
1514 4.733804
1516 4.735546
1518 4.771492
1520 4.835330
1522 4.901807
1524 4.940066
1526 4.933862
1528 4.890460
1530 4.826432
1532 4.792880
1534 4.767356
1536 4.765288
1538 4.793343
1540 4.837833
1542 4.872555
1544 4.875167
1546 4.843194
1548 4.794785
1550 4.753723
1552 4.736607
1554 4.752444
1556 4.801778
1558 4.869752
1560 4.927549
1562 4.947713
1564 4.925345
1566 4.881671
1568 4.837479
1570 4.801887
1572 4.784853
1574 4.789397
1576 4.807356
1578 4.823193
1580 4.820744
1582 4.791356
1584 4.744988
1586 4.712933
1588 4.708089
1590 4.731573
1592 4.783737
1594 4.856963
1596 4.930869
1598 4.974081
1600 4.961618
1602 4.898487
1604 4.819302
1606 4.753723
1608 4.719137
1610 4.722103
1612 4.759111
1614 4.818350
1616 4.880283
1618 4.917889
1620 4.909426
1622 4.861181
1624 4.806812
1626 4.776308
1628 4.779029
1630 4.808091
1632 4.847167
1634 4.874242
1636 4.873398
1638 4.845779
1640 4.800499
1642 4.750702
1644 4.720743
1646 4.728144
1648 4.774322
1650 4.845207
1652 4.914597
1654 4.950597
1656 4.933808
1658 4.879249
1660 4.818785
1662 4.766403
1664 4.730457
1666 4.723573
1668 4.748417
1670 4.797588
1672 4.851738
1674 4.882378
1676 4.870024
1678 4.820309
1680 4.762349
1682 4.730321
1684 4.743763
1686 4.800309
1688 4.885181
1690 4.971414
1692 5.023578
1694 5.015986
1696 4.944665
1698 4.838786
1700 4.743355
1702 4.690619
1704 4.689232
1706 4.727709
1708 4.784934
1710 4.837425
1712 4.865970
1714 4.859630
1716 4.822323
1718 4.776689
1720 4.752172
1722 4.766675
1724 4.818785
1726 4.888773
1728 4.947631
1730 4.969754
1732 4.935359
1734 4.850405
1736 4.749478
1738 4.675136
1740 4.658238
1742 4.704742
1744 4.795792
1746 4.898569
1748 4.977346
1750 5.002272
1752 4.961455
1754 4.872827
1756 4.773778
1758 4.698375
1760 4.665612
1762 4.681368
1764 4.744308
1766 4.834241
1768 4.906379
1770 4.927821
1772 4.900120
1774 4.850024
1776 4.809180
1778 4.795955
1780 4.809152
1782 4.839765
1784 4.883059
1786 4.913318
1788 4.907494
1790 4.849507
1792 4.754838
1794 4.664633
1796 4.617203
1798 4.629339
1800 4.690783
1802 4.773968
1804 4.851384
1806 4.900229
1808 4.905807
1810 4.874786
1812 4.832500
1814 4.805071
1816 4.783247
1818 4.809125
1820 4.881317
1822 4.930896
1824 4.956420
1826 4.938352
1828 4.874650
1830 4.786812
1832 4.706157
1834 4.656823
1836 4.649340
1838 4.689150
1840 4.752934
1842 4.816146
1844 4.869861
1846 4.896419
1848 4.887167
1850 4.850106
1852 4.800227
1854 4.750158
1856 4.715763
1858 4.722294
1860 4.767464
1862 4.831139
1864 4.879194
1866 4.888582
1868 4.861562
1870 4.819411
1872 4.784662
1874 4.771982
1876 4.786431
1878 4.823085
1880 4.864391
1882 4.883684
1884 4.863521
1886 4.811819
1888 4.751682
1890 4.701586
1892 4.680415
1894 4.704470
1896 4.760798
1898 4.842105
1900 4.928583
1902 4.989564
1904 5.002625
1906 4.968883
1908 4.904964
1910 4.794159
1912 4.719191
1914 4.696905
1916 4.700252
1918 4.728933
1920 4.767464
1922 4.789315
1924 4.779927
1926 4.745913
1928 4.707844
1930 4.689150
1932 4.703899
1934 4.751981
1936 4.820146
1938 4.885807
1940 4.925481
1942 4.929889
1944 4.905562
1946 4.874351
1948 4.833180
1950 4.791628
1952 4.772417
1954 4.785723
1956 4.819656
1958 4.847847
1960 4.847548
1962 4.815520
1964 4.767356
1966 4.731709
1968 4.721940
1970 4.739328
1972 4.788308
1974 4.860609
1976 4.927223
1978 4.952448
1980 4.919658
1982 4.845099
1984 4.766947
1986 4.717504
1988 4.707246
1990 4.733722
1992 4.791873
1994 4.861752
1996 4.912392
1998 4.920257
2000 4.877262
2002 4.803764
2004 4.737314
2006 4.700851
2008 4.696388
2010 4.715246
2012 4.744444
2014 4.768798
2016 4.780744
2018 4.787410
2020 4.795628
2022 4.805697
2024 4.821969
2026 4.850731
2028 4.896746
2030 4.954244
2032 5.000693
2034 5.006000
2036 4.954815
2038 4.860582
2040 4.754376
2042 4.667299
2044 4.618455
2046 4.618183
2048 4.665612
2050 4.742729
2052 4.815574
2054 4.851548
2056 4.839656
2058 4.797479
2060 4.757124
2062 4.744716
2064 4.769886
2066 4.823710
2068 4.874378
2070 4.893263
2072 4.877453
2074 4.838024
2076 4.787791
2078 4.739056
2080 4.709259
2082 4.709368
2084 4.737668
2086 4.786349
2088 4.840445
2090 4.876664
2092 4.874813
2094 4.833588
2096 4.772526
2098 4.721042
2100 4.703545
2102 4.732307
2104 4.804145
2106 4.894841
2108 4.962761
2110 4.972557
2112 4.920093
2114 4.833262
2116 4.752335
2118 4.709640
2120 4.720879
2122 4.782376
2124 4.871657
2126 4.946978
2128 4.969917
2130 4.928502
2132 4.840854
2134 4.741532
2136 4.661313
2138 4.618727
2140 4.620523
2142 4.661911
2144 4.737069
2146 4.834296
2148 4.910352
2150 4.925889
2152 4.897834
2154 4.860119
2156 4.838976
2158 4.845697
2160 4.875657
2162 4.911086
2164 4.931876
2166 4.916692
2168 4.853316
2170 4.758294
2172 4.670456
2174 4.624360
2176 4.637258
2178 4.704960
2180 4.804717
2182 4.899277
2184 4.956148
2186 4.959659
2188 4.918705
2190 4.858405
2192 4.805560
2194 4.761260
2196 4.727246
2198 4.764689
2200 4.846486
2202 4.898351
2204 4.907494
2206 4.871983
2208 4.807982
2210 4.742240
2212 4.699164
2214 4.690592
2216 4.721804
2218 4.785424
2220 4.850160
2222 4.898814
2224 4.908202
2226 4.871086
2228 4.807329
2230 4.750158
2232 4.727709
2234 4.749015
2236 4.807465
2238 4.884283
2240 4.944828
2242 4.959441
2244 4.925345
2246 4.862895
2248 4.801996
2250 4.766294
2252 4.767546
2254 4.799084
2256 4.841534
2258 4.875929
2260 4.882269
2262 4.850432
2264 4.789424
2266 4.724906
2268 4.683354
2270 4.674510
2272 4.674946
2274 4.787519
2276 4.899603
2278 4.992857
2280 5.041973
2282 5.028395
2284 4.964475
2286 4.880854
2288 4.801832
2290 4.744770
2292 4.736416
2294 4.767002
2296 4.810785
2298 4.839765
2300 4.836554
2302 4.807710
2304 4.774458
2306 4.756716
2308 4.761668
2310 4.786567
2312 4.830677
2314 4.886188
2316 4.930869
2318 4.943277
2320 4.916964
2322 4.858296
2324 4.770349
2326 4.714620
2328 4.730130
2330 4.770022
2332 4.829289
2334 4.899358
2336 4.944720
2338 4.939141
2340 4.885290
2342 4.808771
2344 4.739627
2346 4.702402
2348 4.703028
2350 4.743219
2352 4.813343
2354 4.885997
2356 4.929127
2358 4.928093
2360 4.892419
2362 4.845099
2364 4.810186
2366 4.804554
2368 4.827330
2370 4.866269
2372 4.905399
2374 4.925971
2376 4.917290
2378 4.881943
2380 4.827330
2382 4.764988
2384 4.715083
2386 4.696062
2388 4.716498
2390 4.766376
2392 4.819384
2394 4.850595
2396 4.852854
2398 4.823520
2400 4.765723
2402 4.781805
2404 4.807193
2406 4.845752
2408 4.908828
2410 4.972040
2412 5.002544
2414 4.981700
2416 4.916474
2418 4.830949
2420 4.754566
2422 4.709912
2424 4.708851
2426 4.749505
2428 4.813887
2430 4.875521
2432 4.912637
2434 4.916583
2436 4.892555
2438 4.854840
2440 4.821479
2442 4.806295
2444 4.813261
2446 4.834051
2448 4.849316
2450 4.838296
2452 4.805043
2454 4.780444
2456 4.777614
2458 4.774512
2460 4.773070
2462 4.798295
2464 4.848119
2466 4.897644
2468 4.916529
2470 4.888093
2472 4.817016
2474 4.738920
2476 4.685858
2478 4.672034
2480 4.701885
2482 4.771519
2484 4.862079
2486 4.940937
2488 4.977019
2490 4.963387
2492 4.920365
2494 4.875847
2496 4.848718
2498 4.846405
2500 4.868337
2502 4.905916
2504 4.938706
2506 4.941073
2508 4.898787
2510 4.822078
2512 4.739464
2514 4.680715
2516 4.663626
2518 4.692688
2520 4.759083
2522 4.841153
2524 4.905535
2526 4.921046
2528 4.896202
2530 4.847738
2532 4.797125
2534 4.779138
2536 4.806295
2538 4.866460
2540 4.928284
2542 4.955169
2544 4.923331
2546 4.843439
2548 4.749097
2550 4.672197
2552 4.636006
2554 4.652197
2556 4.717559
2558 4.816091
2560 4.918978
2562 4.989455
2564 4.996122
2566 4.937454
2568 4.844527
2570 4.761532
2572 4.720144
2574 4.732634
2576 4.790703
2578 4.868609
2580 4.945373
2582 4.979577
2584 4.942461
2586 4.861997
2588 4.776118
2590 4.721532
2592 4.717096
2594 4.758702
2596 4.818214
2598 4.856800
2600 4.856310
2602 4.818404
2604 4.753995
2606 4.687164
2608 4.646755
2610 4.654945
2612 4.719055
2614 4.823683
2616 4.935032
2618 5.013156
2620 5.029973
2622 4.985482
2624 4.903331
2626 4.817289
2628 4.757179
2630 4.739491
2632 4.769179
2634 4.828391
2636 4.881562
2638 4.903848
2640 4.879766
2642 4.811329
2644 4.726212
2646 4.664034
2648 4.649530
2650 4.672116
2652 4.738403
2654 4.863113
2656 4.989346
2658 5.036123
2660 5.008694
2662 4.929726
2664 4.835248
2666 4.763573
2668 4.738756
2670 4.764771
2672 4.818513
2674 4.859085
2676 4.861153
2678 4.823493
2680 4.766430
2682 4.717450
2684 4.698456
2686 4.717532
2688 4.768553
2690 4.838296
2692 4.911494
2694 4.961781
2696 4.964720
2698 4.914705
2700 4.833969
2702 4.756689
2704 4.700171
2706 4.687327
2708 4.764281
2710 4.879984
2712 4.968502
2714 5.008421
2716 4.979251
2718 4.891440
2720 4.783111
2722 4.696252
2724 4.654292
2726 4.660388
2728 4.708797
2730 4.761941
2732 4.815765
2734 4.849861
2736 4.852935
2738 4.833126
2740 4.812935
2742 4.814214
2744 4.845262
2746 4.904855
2748 4.969999
2750 5.008149
2752 4.996421
2754 4.932338
2756 4.836581
2758 4.741042
2760 4.672415
2762 4.650700
2764 4.674211
2766 4.729260
2768 4.799166
2770 4.855140
2772 4.870242
2774 4.844963
2776 4.806023
2778 4.758811
2780 4.675762
2782 4.699001
2784 4.785043
2786 4.869398
2788 4.936828
2790 4.970815
2792 4.955332
2794 4.898732
2796 4.829615
2798 4.768852
2800 4.726620
2802 4.712797
2804 4.728226
2806 4.764607
2808 4.800717
2810 4.816064
2812 4.803982
2814 4.774975
2816 4.749369
2818 4.742947
2820 4.760063
2822 4.800009
2824 4.855684
2826 4.908719
2828 4.936583
2830 4.925399
2832 4.855820
2834 4.792172
2836 4.808907
2838 4.826813
2840 4.840092
2842 4.872773
2844 4.907848
2846 4.918379
2848 4.883195
2850 4.804472
2852 4.704633
2854 4.618917
2856 4.587243
2858 4.620414
2860 4.700198
2862 4.804309
2864 4.905943
2866 4.972611
2868 4.980557
2870 4.933155
2872 4.869507
2874 4.830296
2876 4.816962
2878 4.820010
2880 4.841017
2882 4.866786
2884 4.873290
2886 4.841507
2888 4.772771
2890 4.697259
2892 4.647870
2894 4.641829
2896 4.685721
2898 4.768362
2900 4.860473
2902 4.926352
2904 4.941373
2906 4.893508
2908 4.806758
2910 4.773261
2912 4.775764
2914 4.807955
2916 4.872582
2918 4.948039
2920 4.999469
2922 4.992829
2924 4.920420
2926 4.814731
2928 4.719328
2930 4.656197
2932 4.638972
2934 4.669721
2936 4.738784
2938 4.824608
2940 4.892827
2942 4.909835
2944 4.865806
2946 4.780825
2948 4.702919
2950 4.676633
2952 4.719708
2954 4.818948
2956 4.934597
2958 4.992530
2960 4.969591
2962 4.925263
2964 4.855412
2966 4.776689
2968 4.727763
2970 4.726103
2972 4.765396
2974 4.822459
2976 4.863113
2978 4.859385
2980 4.807220
2982 4.731137
2984 4.665476
2986 4.639190
2988 4.666619
2990 4.747546
2992 4.864990
2994 4.988040
2996 5.073756
2998 5.085103
3000 5.016041
3002 4.899685
3004 4.780281
3006 4.694864
3008 4.661803
3010 4.680959
3012 4.736090
3014 4.801724
3016 4.846622
3018 4.846840
3020 4.803057
3022 4.741723
3024 4.696143
3026 4.693205
3028 4.741015
3030 4.826649
3032 4.921644
3034 4.992448
3036 5.010925
3038 4.963659
3040 4.874215
3042 4.792934
3044 4.752661
3046 4.764471
3048 4.813969
3050 4.869888
3052 4.903059
3054 4.899304
3056 4.856527
3058 4.787057
3060 4.714919
3062 4.667571
3064 4.661667
3066 4.702075
3068 4.776662
3070 4.858296
3072 4.916093
3074 4.930597
3076 4.899930
3078 4.844527
3080 4.795329
3082 4.777315
3084 4.793587
3086 4.812254
3088 4.887467
3090 4.973645
3092 4.983033
3094 4.944502
3096 4.871929
3098 4.792417
3100 4.731899
3102 4.706756
3104 4.717368
3106 4.751519
3108 4.790894
3110 4.820581
3112 4.830513
3114 4.821806
3116 4.807792
3118 4.805996
3120 4.825071
3122 4.863684
3124 4.922325
3126 4.987033
3128 5.018735
3130 4.994108
3132 4.918080
3134 4.813724
3136 4.716851
3138 4.657966
3140 4.649938
3142 4.685286
3144 4.741478
3146 4.799574
3148 4.839439
3150 4.848146
3152 4.831058
3154 4.809697
3156 4.806703
3158 4.828935
3160 4.833207
3162 4.867412
3164 4.910352
3166 4.934189
3168 4.936012
3170 4.915821
3172 4.879657
3174 4.838323
3176 4.804309
3178 4.788064
3180 4.794077
3182 4.816744
3184 4.841316
3186 4.849915
3188 4.832336
3190 4.794349
3192 4.754376
3194 4.730647
3196 4.735355
3198 4.765424
3200 4.813180
3202 4.868773
3204 4.911250
3206 4.921644
3208 4.897834
3210 4.853915
3212 4.791492
3214 4.743437
3216 4.764145
3218 4.820663
3220 4.857289
3222 4.881970
3224 4.886487
3226 4.863874
3228 4.820336
3230 4.773451
3232 4.740280
3234 4.727872
3236 4.739029
3238 4.772090
3240 4.823438
3242 4.884201
3244 4.934896
3246 4.956937
3248 4.947550
3250 4.918678
3252 4.888229
3254 4.866568
3256 4.854595
3258 4.852418
3260 4.853888
3262 4.847684
3264 4.824881
3266 4.785614
3268 4.738539
3270 4.704933
3272 4.703273
3274 4.734321
3276 4.791247
3278 4.855412
3280 4.902705
3282 4.917182
3284 4.898242
3286 4.857970
3288 4.820581
3290 4.820227
3292 4.826513
3294 4.839357
3296 4.871711
3298 4.912692
3300 4.940366
3302 4.936230
3304 4.898324
3306 4.842922
3308 4.790458
3310 4.754403
3312 4.742076
3314 4.757478
3316 4.796254
3318 4.839656
3320 4.862704
3322 4.853289
3324 4.821425
3326 4.793288
3328 4.791084
3330 4.819193
3332 4.865643
3334 4.911685
3336 4.936420
3338 4.919767
3340 4.869235
3342 4.818404
3344 4.787111
3346 4.761532
3348 4.740335
3350 4.743410
3352 4.772798
3354 4.813207
3356 4.840391
3358 4.836854
3360 4.803764
3362 4.759600
3364 4.731328
3366 4.736688
3368 4.777478
3370 4.848881
3372 4.936447
3374 5.011251
3376 5.041810
3378 5.013020
3380 4.940556
3382 4.855956
3384 4.787302
3386 4.751818
3388 4.755410
3390 4.788989
3392 4.830949
3394 4.854704
3396 4.844173
3398 4.804853
3400 4.759546
3402 4.731845
3404 4.735709
3406 4.771220
3408 4.828554
3410 4.889943
3412 4.932474
3414 4.935985
3416 4.901562
3418 4.839248
3420 4.782703
3422 4.758920
3424 4.777750
3426 4.832663
3428 4.902487
3430 4.954706
3432 4.959876
3434 4.910352
3436 4.826894
3438 4.743682
3440 4.689259
3442 4.674510
3444 4.699654
3446 4.759873
3448 4.840119
3450 4.909508
3452 4.935304
3454 4.907005
3456 4.846976
3458 4.794513
3460 4.780172
3462 4.811057
3464 4.870269
3466 4.915141
3468 4.939685
3470 4.962325
3472 4.922297
3474 4.842160
3476 4.755111
3478 4.689585
3480 4.665258
3482 4.688170
3484 4.748471
3486 4.823275
3488 4.882460
3490 4.901998
3492 4.876827
3494 4.823983
3496 4.772417
3498 4.748689
3500 4.767709
3502 4.833806
3504 4.930298
3506 5.008177
3508 5.017428
3510 4.954461
3512 4.849915
3514 4.747791
3516 4.678510
3518 4.653177
3520 4.668442
3522 4.717532
3524 4.787329
3526 4.848554
3528 4.872963
3530 4.855983
3532 4.815384
3534 4.778050
3536 4.763274
3538 4.778485
3540 4.806567
3542 4.832772
3544 4.886841
3546 4.927223
3548 4.917780
3550 4.869589
3552 4.807629
3554 4.759192
3556 4.744308
3558 4.769397
3560 4.820962
3562 4.869834
3564 4.883467
3566 4.848119
3568 4.777505
3570 4.704715
3572 4.662428
3574 4.670973
3576 4.722294
3578 4.787002
3580 4.861153
3582 4.926597
3584 4.959468
3586 4.953101
3588 4.916447
3590 4.868174
3592 4.816799
3594 4.759845
3596 4.757342
3598 4.816826
3600 4.845588
3602 4.845779
3604 4.819438
3606 4.771002
3608 4.718021
3610 4.680878
3612 4.667925
3614 4.682483
3616 4.730103
3618 4.805833
3620 4.885589
3622 4.939930
3624 4.951169
3626 4.929563
3628 4.898324
3630 4.850133
3632 4.840282
3634 4.849942
3636 4.859112
3638 4.875276
3640 4.876337
3642 4.845235
3644 4.787057
3646 4.724144
3648 4.677749
3650 4.664878
3652 4.691926
3654 4.744852
3656 4.810132
3658 4.870405
3660 4.901100
3662 4.889208
3664 4.842432
3666 4.781995
3668 4.724715
3670 4.691844
3672 4.715001
3674 4.775165
3676 4.840364
3678 4.890787
3680 4.908338
3682 4.888555
3684 4.843901
3686 4.793587
3688 4.756335
3690 4.744825
3692 4.757587
3694 4.779818
3696 4.791111
3698 4.778621
3700 4.751301
3702 4.733614
3704 4.741505
3706 4.768988
3708 4.806513
3710 4.857371
3712 4.920556
3714 4.980122
3716 5.009047
3718 4.991142
3720 4.931821
3722 4.831956
3724 4.747519
3726 4.732770
3728 4.691218
3730 4.693722
3732 4.734049
3734 4.776553
3736 4.781315
3738 4.737097
3740 4.669503
3742 4.621911
3744 4.629203
3746 4.692524
3748 4.785887
3750 4.880528
3752 4.951060
3754 4.977047
3756 4.950216
3758 4.887331
3760 4.821316
3762 4.757151
3764 4.717178
3766 4.711763
3768 4.736035
3770 4.774158
3772 4.805751
3774 4.817452
3776 4.809615
3778 4.790948
3780 4.768254
3782 4.748906
3784 4.749233
3786 4.784227
3788 4.848772
3790 4.914188
3792 4.943087
3794 4.915005
3796 4.820527
3798 4.728144
3800 4.690157
3802 4.696143
3804 4.737423
3806 4.812935
3808 4.893372
3810 4.935332
3812 4.911685
3814 4.835983
3816 4.742348
3818 4.660660
3820 4.616985
3822 4.624713
3824 4.680987
3826 4.768662
3828 4.855058
3830 4.903712
3832 4.895494
3834 4.848092
3836 4.802186
3838 4.787410
3840 4.811030
3842 4.865289
3844 4.934978
3846 4.994272
3848 5.010816
3850 4.967577
3852 4.875494
3854 4.756444
3856 4.650211
3858 4.595842
3860 4.611788
3862 4.688796
3864 4.796989
3866 4.891031
3868 4.927250
3870 4.891902
3872 4.811493
3874 4.727464
3876 4.676470
3878 4.680388
3880 4.742620
3882 4.845752
3884 4.952992
3886 5.008639
3888 4.971822
3890 4.872174
3892 4.756389
3894 4.664878
3896 4.623979
3898 4.641585
3900 4.708633
3902 4.796553
3904 4.869834
3906 4.896637
3908 4.866432
3910 4.800390
3912 4.733804
3914 4.692715
3916 4.698293
3918 4.762185
3920 4.869344
3922 4.970788
3924 5.016830
3926 4.985836
3928 4.899576
3930 4.805724
3932 4.746185
3934 4.733396
3936 4.762240
3938 4.816363
3940 4.872718
3942 4.898814
3944 4.870514
3946 4.796091
3948 4.708525
3950 4.643244
3952 4.623380
3954 4.653666
3956 4.726239
3958 4.826159
3960 4.925291
3962 4.983686
3964 4.986244
3966 4.940420
3968 4.869779
3970 4.803302
3972 4.765777
3974 4.766104
3976 4.806540
3978 4.855657
3980 4.878950
3982 4.865834
3984 4.820500
3986 4.761532
3988 4.711518
3990 4.691055
3992 4.714702
3994 4.780444
3996 4.866623
3998 4.937753
4000 4.961863
4002 4.929699
4004 4.860310
4006 4.783791
4008 4.722729
4010 4.701096
4012 4.740090
4014 4.818431
4016 4.880283
4018 4.912148
4020 4.904202
4022 4.862187
4024 4.805860
4026 4.756117
4028 4.727545
4030 4.731355
4032 4.768961
4034 4.826813
4036 4.881507
4038 4.906569
4040 4.888637
4042 4.841289
4044 4.792717
4046 4.768743
4048 4.776390
4050 4.810023
4052 4.870813
4054 4.937889
4056 4.981781
4058 4.978652
4060 4.925862
4062 4.847439
4064 4.775329
4066 4.735464
4068 4.734756
4070 4.760662
4072 4.794458
4074 4.819030
4076 4.821670
4078 4.802703
4080 4.776254
4082 4.760580
4084 4.766349
4086 4.796962
4088 4.847493
4090 4.914080
4092 4.974081
4094 5.000530
4096 4.976856
4098 4.910923
4100 4.828935
4102 4.757587
4104 4.718130
4106 4.723328
4108 4.761832
4110 4.818649
4112 4.865181
4114 4.876990
4116 4.852201
4118 4.810785
4120 4.777342
4122 4.766567
4124 4.783791
4126 4.822785
4128 4.872963
4130 4.919794
4132 4.940964
4134 4.923658
4136 4.874215
4138 4.809833
4140 4.746920
4142 4.719681
4144 4.733396
4146 4.780390
4148 4.844092
4150 4.897508
4152 4.915984
4154 4.893508
4156 4.843357
4158 4.786268
4160 4.745233
4162 4.735899
4164 4.763247
4166 4.818948
4168 4.878950
4170 4.915059
4172 4.912719
4174 4.880011
4176 4.839112
4178 4.810132
4180 4.804826
4182 4.831411
4184 4.883956
4186 4.940992
4188 4.973727
4190 4.961754
4192 4.906814
4194 4.829071
4196 4.752389
4198 4.696851
4200 4.679762
4202 4.709287
4204 4.774567
4206 4.847548
4208 4.896936
4210 4.904256
4212 4.871167
4214 4.823466
4216 4.802186
4218 4.810785
4220 4.838241
4222 4.882542
4224 4.925481
4226 4.941209
4228 4.914569
4230 4.851003
4232 4.775383
4234 4.716416
4236 4.693477
4238 4.715409
4240 4.777315
4242 4.858840
4244 4.928529
4246 4.957972
4248 4.938706
4250 4.887739
4252 4.832581
4254 4.793723
4256 4.781342
4258 4.797370
4260 4.836962
4262 4.885018
4264 4.914869
4266 4.905889
4268 4.860609
4270 4.798594
4272 4.743736
4274 4.721804
4276 4.745423
4278 4.806785
4280 4.880609
4282 4.931767
4284 4.932366
4286 4.882705
4288 4.804336
4290 4.729586
4292 4.688878
4294 4.698865
4296 4.757505
4298 4.844935
4300 4.926297
4302 4.966924
4304 4.952366
4306 4.898515
4308 4.837534
4310 4.796853
4312 4.788200
4314 4.812799
4316 4.861262
4318 4.909154
4320 4.926406
4322 4.897345
4324 4.830758
4326 4.753451
4328 4.693286
4330 4.669313
4332 4.692415
4334 4.764172
4336 4.868909
4338 4.967876
4340 5.015741
4342 4.990544
4344 4.908365
4346 4.811057
4348 4.740525
4350 4.721287
4352 4.755872
4354 4.825234
4356 4.892501
4358 4.921862
4360 4.895412
4362 4.821534
4364 4.735110
4366 4.675163
4368 4.668252
4370 4.719708
4372 4.813860
4374 4.915277
4376 4.985482
4378 4.997101
4380 4.949101
4382 4.862623
4384 4.771410
4386 4.709123
4388 4.702511
4390 4.758621
4392 4.856201
4394 4.947277
4396 4.987768
4398 4.959795
4400 4.879929
4402 4.782404
4404 4.704116
4406 4.670918
4408 4.694484
4410 4.764907
4412 4.853997
4414 4.917807
4416 4.922297
4418 4.866487
4420 4.780961
4422 4.704769
4424 4.672116
4426 4.696851
4428 4.771138
4430 4.870133
4432 4.963223
4434 5.008694
4436 4.989863
4438 4.918787
4440 4.827765
4442 4.753124
4444 4.722321
4446 4.737940
4448 4.785179
4450 4.843058
4452 4.890270
4454 4.901998
4456 4.870188
4458 4.809071
4460 4.750593
4462 4.727219
4464 4.751491
4466 4.806322
4468 4.875358
4470 4.932719
4472 4.946978
4474 4.901562
4476 4.810132
4478 4.706484
4480 4.624550
4482 4.595679
4484 4.649830
4486 4.758539
4488 4.844309
4490 4.893644
4492 4.896691
4494 4.856908
4496 4.800690
4498 4.755083
4500 4.730974
4502 4.728171
4504 4.750457
4506 4.796826
4508 4.848418
4510 4.878378
4512 4.872582
4514 4.840092
4516 4.806486
4518 4.784608
4520 4.771873
4522 4.787193
4524 4.839139
4526 4.911277
4528 4.964257
4530 4.959278
4532 4.889236
4534 4.788499
4536 4.702429
4538 4.658973
4540 4.665558
4542 4.713613
4544 4.784662
4546 4.848473
4548 4.872609
4550 4.847357
4552 4.791928
4554 4.735219
4556 4.687953
4558 4.707572
4560 4.777696
4562 4.834132
4564 4.885807
4566 4.909726
4568 4.889426
4570 4.828472
4572 4.747927
4574 4.677912
4576 4.646047
4578 4.667218
4580 4.737750
4582 4.836309
4584 4.923359
4586 4.966543
4588 4.956339
4590 4.908882
4592 4.840337
4594 4.776988
4596 4.752498
4598 4.770839
4600 4.826949
4602 4.881916
4604 4.892093
4606 4.843167
4608 4.756825
4610 4.661857
4612 4.609176
4614 4.635598
4616 4.696878
4618 4.793234
4620 4.897127
4622 4.964693
4624 4.960448
4626 4.882460
4628 4.755056
4630 4.646265
4632 4.606346
4634 4.616468
4636 4.659163
4638 4.731845
4640 4.818704
4642 4.885453
4644 4.899685
4646 4.861344
4648 4.800853
4650 4.751927
4652 4.740226
4654 4.774567
4656 4.838541
4658 4.912692
4660 4.968611
4662 4.969564
4664 4.894188
4666 4.760335
4668 4.624224
4670 4.549991
4672 4.567243
4674 4.659571
4676 4.785397
4678 4.895739
4680 4.945454
4682 4.903821
4684 4.798921
4686 4.722838
4688 4.717994
4690 4.749314
4692 4.786649
4694 4.842160
4696 4.892419
4698 4.905943
4700 4.867602
4702 4.791247
4704 4.708715
4706 4.646836
4708 4.622074
4710 4.645857
4712 4.726375
4714 4.845099
4716 4.949400
4718 4.985128
4720 4.936910
4722 4.840582
4724 4.747899
4726 4.685449
4728 4.656877
4730 4.670837
4732 4.739246
4734 4.840255
4736 4.915304
4738 4.909100
4740 4.836799
4742 4.746321
4744 4.680334
4746 4.672551
4748 4.721559
4750 4.806105
4752 4.893698
4754 4.946325
4756 4.935223
4758 4.859085
4760 4.746185
4762 4.641530
4764 4.584060
4766 4.595924
4768 4.677259
4770 4.803955
4772 4.929481
4774 5.009020
4776 5.017973
4778 4.960121
4780 4.860555
4782 4.759981
4784 4.701341
4786 4.714321
4788 4.786376
4790 4.873589
4792 4.932175
4794 4.931957
4796 4.863357
4798 4.757396
4800 4.656986
4802 4.598536
4804 4.608169
4806 4.689613
4808 4.803628
4810 4.895930
4812 4.946216
4814 4.931849
4816 4.854786
4818 4.762294
4820 4.696851
4822 4.682402
4824 4.720470
4826 4.795030
4828 4.875793
4830 4.923304
4832 4.913073
4834 4.847602
4836 4.756770
4838 4.684606
4840 4.662592
4842 4.693967
4844 4.765641
4846 4.859929
4848 4.942597
4850 4.969128
4852 4.919413
4854 4.813969
4856 4.706021
4858 4.649857
4860 4.662701
4862 4.728144
4864 4.832663
4866 4.924556
4868 4.960012
4870 4.941590
4872 4.874950
4874 4.786458
4876 4.714321
4878 4.682238
4880 4.683789
4882 4.708280
4884 4.756172
4886 4.807629
4888 4.829697
4890 4.811520
4892 4.771301
4894 4.737178
4896 4.731709
4898 4.761723
4900 4.823901
4902 4.904882
4904 4.977292
4906 5.007578
4908 4.977292
4910 4.897725
4912 4.808663
4914 4.742457
4916 4.712144
4918 4.721314
4920 4.771356
4922 4.842922
4924 4.897617
4926 4.903032
4928 4.860228
4930 4.801533
4932 4.766158
4934 4.763981
4936 4.774812
4938 4.788281
4940 4.835602
4942 4.877780
4944 4.890324
4946 4.864255
4948 4.809833
4950 4.753995
4952 4.722321
4954 4.721586
4956 4.754866
4958 4.805452
4960 4.847711
4962 4.876120
4964 4.880637
4966 4.857344
4968 4.815438
4970 4.773342
4972 4.749287
4974 4.752199
4976 4.780853
4978 4.822921
4980 4.861589
4982 4.882542
4984 4.880691
4986 4.862596
4988 4.839030
4990 4.814078
4992 4.810459
4994 4.866160
4996 4.914733
4998 4.953999
5000 4.964856
5002 4.938815
5004 4.879058
5006 4.800336
5008 4.722103
5010 4.669313
5012 4.663653
5014 4.701259
5016 4.761614
5018 4.823302
5020 4.868664
5022 4.887875
5024 4.883140
5026 4.859412
5028 4.819846
5030 4.798785
5032 4.810214
5034 4.840037
5036 4.873426
5038 4.893998
5040 4.884528
5042 4.843031
5044 4.787492
5046 4.744906
5048 4.732443
5050 4.750893
5052 4.791547
5054 4.846051
5056 4.901399
5058 4.936583
5060 4.934053
5062 4.893453
5064 4.831493
5066 4.783574
5068 4.766621
5070 4.770022
5072 4.800309
5074 4.850813
5076 4.899739
5078 4.919848
5080 4.898759
5082 4.849153
5084 4.796771
5086 4.764390
5088 4.761777
5090 4.787465
5092 4.830976
5094 4.872582
5096 4.887875
5098 4.864038
5100 4.810622
5102 4.755219
5104 4.721804
5106 4.721858
5108 4.757015
5110 4.819683
5112 4.889426
5114 4.941019
5116 4.955550
5118 4.927876
5120 4.879194
5122 4.842894
5124 4.822812
5126 4.824227
5128 4.851303
5130 4.893399
5132 4.922216
5134 4.910624
5136 4.854704
5138 4.779138
5140 4.717967
5142 4.691953
5144 4.706130
5146 4.759628
5148 4.844065
5150 4.934787
5152 4.995061
5154 4.998489
5156 4.948937
5158 4.876419
5160 4.813343
5162 4.777886
5164 4.772580
5166 4.790948
5168 4.820636
5170 4.846568
5172 4.854541
5174 4.834649
5176 4.790649
5178 4.746430
5180 4.730375
5182 4.756335
5184 4.816309
5186 4.885480
5188 4.936338
5190 4.950053
5192 4.923495
5194 4.870269
5196 4.808445
5198 4.757696
5200 4.742838
5202 4.778431
5204 4.852691
5206 4.932991
5208 4.982761
5210 4.979441
5212 4.924964
5214 4.843765
5216 4.768499
5218 4.725205
5220 4.725831
5222 4.766430
5224 4.828826
5226 4.885916
5228 4.909127
5230 4.885480
5232 4.827574
5234 4.766403
5236 4.731682
5238 4.737015
5240 4.780580
5242 4.853970
5244 4.938243
5246 5.000802
5248 5.015143
5250 4.969509
5252 4.884746
5254 4.803492
5256 4.758675
5258 4.756417
5260 4.784417
5262 4.826214
5264 4.862051
5266 4.872337
5268 4.846759
5270 4.794349
5272 4.741124
5274 4.718566
5276 4.743192
5278 4.810050
5280 4.898678
5282 4.980693
5284 5.020286
5286 4.995795
5288 4.917508
5290 4.820554
5292 4.741124
5294 4.702320
5296 4.706946
5298 4.747519
5300 4.811737
5302 4.868555
5304 4.891140
5306 4.875412
5308 4.837235
5310 4.799438
5312 4.774812
5314 4.769859
5316 4.791710
5318 4.839167
5320 4.895712
5322 4.930406
5324 4.922134
5326 4.882405
5328 4.839167
5330 4.812826
5332 4.806567
5334 4.820037
5336 4.852663
5338 4.892310
5340 4.916420
5342 4.904175
5344 4.853942
5346 4.789615
5348 4.739654
5350 4.717341
5352 4.724117
5354 4.757015
5356 4.806241
5358 4.857480
5360 4.891957
5362 4.895657
5364 4.870487
5366 4.833098
5368 4.794785
5370 4.758920
5372 4.762893
5374 4.828255
5376 4.903603
5378 4.921427
5380 4.912420
5382 4.877480
5384 4.823166
5386 4.764716
5388 4.723355
5390 4.717423
5392 4.746893
5394 4.790268
5396 4.824010
5398 4.837207
5400 4.834976
5402 4.830813
5404 4.832799
5406 4.838269
5408 4.846051
5410 4.864419
5412 4.885752
5414 4.893671
5416 4.879031
5418 4.840500
5420 4.789234
5422 4.742185
5424 4.716987
5426 4.712824
5428 4.736280
5430 4.777152
5432 4.821397
5434 4.860500
5436 4.877045
5438 4.858976
5440 4.816118
5442 4.771628
5444 4.746267
5446 4.747627
5448 4.800608
5450 4.845207
5452 4.900365
5454 4.950706
5456 4.965999
5458 4.933182
5460 4.873480
5462 4.824608
5464 4.812118
5466 4.825343
5468 4.840418
5470 4.847194
5472 4.840255
5474 4.810377
5476 4.757859
5478 4.700388
5480 4.661150
5482 4.656796
5484 4.694184
5486 4.756689
5488 4.831139
5490 4.905154
5492 4.956230
5494 4.963305
5496 4.930923
5498 4.807356
5500 4.719355
5502 4.713069
5504 4.743627
5506 4.766213
5508 4.814186
5510 4.866949
5512 4.882950
5514 4.841398
5516 4.764934
5518 4.694701
5520 4.656279
5522 4.655245
5524 4.696361
5526 4.782131
5528 4.886351
5530 4.961101
5532 4.974924
5534 4.931168
5536 4.863249
5538 4.800935
5540 4.754702
5542 4.738376
5544 4.762920
5546 4.816146
5548 4.863630
5550 4.874786
5552 4.839629
5554 4.770485
5556 4.707844
5558 4.668497
5560 4.663408
5562 4.704089
5564 4.784036
5566 4.870133
5568 4.914977
5570 4.889562
5572 4.801941
5574 4.702973
5576 4.657204
5578 4.669939
5580 4.712470
5582 4.803384
5584 4.924093
5586 5.026109
5588 5.056014
5590 4.997482
5592 4.882814
5594 4.762757
5596 4.679245
5598 4.657558
5600 4.692361
5602 4.753559
5604 4.807901
5606 4.832418
5608 4.816880
5610 4.773261
5612 4.723219
5614 4.688443
5616 4.690130
5618 4.738539
5620 4.824853
5622 4.921508
5624 4.978326
5626 4.930216
5628 4.871711
5630 4.816772
5632 4.707491
5634 4.632469
5636 4.617720
5638 4.668850
5640 4.766621
5642 4.860065
5644 4.890650
5646 4.843003
5648 4.753423
5650 4.676388
5652 4.648959
5654 4.675218
5656 4.745967
5658 4.851085
5660 4.968366
5662 5.052232
5664 5.054790
5666 4.972285
5668 4.851575
5670 4.749097
5672 4.692688
5674 4.676742
5676 4.691762
5678 4.735029
5680 4.793451
5682 4.835493
5684 4.835792
5686 4.796281
5688 4.737532
5690 4.683381
5692 4.658755
5694 4.683272
5696 4.758458
5698 4.855357
5700 4.923195
5702 4.923495
5704 4.868664
5706 4.792717
5708 4.725668
5710 4.694620
5712 4.725913
5714 4.824908
5716 4.949155
5718 5.023796
5720 5.005102
5722 4.905834
5724 4.773914
5726 4.660769
5728 4.590400
5730 4.569746
5732 4.607434
5734 4.700824
5736 4.816118
5738 4.906025
5740 4.944747
5742 4.934162
5744 4.891521
5746 4.836255
5748 4.785968
5750 4.760662
5752 4.780363
5754 4.848092
5756 4.932665
5758 4.921916
5760 4.856255
5762 4.761723
5764 4.668605
5766 4.606373
5768 4.596659
5770 4.642700
5772 4.724090
5774 4.811520
5776 4.872174
5778 4.884991
5780 4.854677
5782 4.805071
5784 4.762158
5786 4.752253
5788 4.784961
5790 4.848881
5792 4.913862
5794 4.951767
5796 4.946271
5798 4.901100
5800 4.835792
5802 4.773941
5804 4.733205
5806 4.723300
5808 4.750403
5810 4.805615
5812 4.855847
5814 4.882868
5816 4.874922
5818 4.833343
5820 4.774240
5822 4.723273
5824 4.696960
5826 4.699300
5828 4.736063
5830 4.811438
5832 4.880800
5834 4.909807
5836 4.893725
5838 4.854160
5840 4.822159
5842 4.814649
5844 4.823547
5846 4.829915
5848 4.830214
5850 4.822649
5852 4.799574
5854 4.758784
5856 4.712253
5858 4.681613
5860 4.682293
5862 4.711980
5864 4.763002
5866 4.831901
5868 4.908773
5870 4.970108
5872 4.992911
5874 4.972067
5876 4.917726
5878 4.845480
5880 4.761777
5882 4.751845
5884 4.779574
5886 4.816146
5888 4.851493
5890 4.860827
5892 4.833888
5894 4.781478
5896 4.727001
5898 4.693259
5900 4.694402
5902 4.732770
5904 4.795465
5906 4.855221
5908 4.888419
5910 4.891168
5912 4.877426
5914 4.861643
5916 4.843956
5918 4.818676
5920 4.812391
5922 4.835629
5924 4.875167
5926 4.901508
5928 4.892637
5930 4.851874
5932 4.802132
5934 4.761151
5936 4.738294
5938 4.733532
5940 4.755247
5942 4.809479
5944 4.877589
5946 4.924012
5948 4.923059
5950 4.877997
5952 4.817806
5954 4.766648
5956 4.750702
5958 4.787601
5960 4.838160
5962 4.900583
5964 4.953427
5966 4.973564
5968 4.948910
5970 4.886079
5972 4.810812
5974 4.750566
5976 4.723409
5978 4.727600
5980 4.749451
5982 4.776798
5984 4.802350
5986 4.818431
5988 4.816690
5990 4.800254
5992 4.787111
5994 4.794948
5996 4.838051
5998 4.908773
6000 4.978326
6002 5.015714
6004 5.003551
6006 4.943903
6008 4.853480
6010 4.767927
6012 4.717368
6014 4.709967
6016 4.747437
6018 4.814214
6020 4.879603
6022 4.911821
6024 4.898134
6026 4.849861
6028 4.792880
6030 4.751981
6032 4.743165
6034 4.769805
6036 4.826296
6038 4.895984
6040 4.951196
6042 4.966407
6044 4.936012
6046 4.877154
6048 4.820363
6050 4.788499
6052 4.787737
6054 4.813261
6056 4.855983
6058 4.897698
6060 4.914379
6062 4.891113
6064 4.830214
6066 4.753559
6068 4.699436
6070 4.696198
6072 4.746321
6074 4.830513
6076 4.914977
6078 4.962761
6080 4.952801
6082 4.895059
6084 4.825452
6086 4.779002
6088 4.770920
6090 4.802975
6092 4.866514
6094 4.937318
6096 4.981210
6098 4.971740
6100 4.907848
6102 4.813697
6104 4.722266
6106 4.661884
6108 4.650972
6110 4.695245
6112 4.781315
6114 4.876718
6116 4.946379
6118 4.971305
6120 4.953645
6122 4.910814
6124 4.864038
6126 4.832445
6128 4.832554
6130 4.869208
6132 4.922869
6134 4.956312
6136 4.944012
6138 4.886977
6140 4.805560
6142 4.729260
6144 4.682619
6146 4.680279
6148 4.723953
6150 4.798649
6152 4.875330
6154 4.923168
6156 4.925454
6158 4.884065
6160 4.817860
6162 4.756117
6164 4.727817
6166 4.747437
6168 4.808690
6170 4.888065
6172 4.952012
6174 4.974516
6176 4.949618
6178 4.888936
6180 4.817914
6182 4.767002
6184 4.756308
6186 4.783356
6188 4.829316
6190 4.872065
6192 4.895113
6194 4.889099
6196 4.855684
6198 4.807574
6200 4.766730
6202 4.755328
6204 4.782240
6206 4.838677
6208 4.905018
6210 4.957373
6212 4.977074
6214 4.957346
6216 4.907875
6218 4.849262
6220 4.803628
6222 4.784771
6224 4.792499
6226 4.815248
6228 4.836663
6230 4.838486
6232 4.810948
6234 4.761913
6236 4.713477
6238 4.687436
6240 4.694402
6242 4.737532
6244 4.818595
6246 4.917780
6248 4.994135
6250 5.018408
6252 4.986244
6254 4.920175
6256 4.854187
6258 4.810295
6260 4.791955
6262 4.796771
6264 4.816445
6266 4.832853
6268 4.835357
6270 4.821071
6272 4.797016
6274 4.778295
6276 4.777288
6278 4.795193
6280 4.824391
6282 4.856010
6284 4.878596
6286 4.882052
6288 4.864636
6290 4.835956
6292 4.808962
6294 4.787084
6296 4.767029
6298 4.779002
6300 4.823384
6302 4.876745
6304 4.912773
6306 4.912964
6308 4.875167
6310 4.817343
6312 4.763083
6314 4.728988
6316 4.723545
6318 4.742648
6320 4.781560
6322 4.824119
6324 4.848935
6326 4.847602
6328 4.828255
6330 4.809887
6332 4.807901
6334 4.827357
6336 4.865453
6338 4.912801
6340 4.952420
6342 4.965618
6344 4.942624
6346 4.889508
6348 4.823765
6350 4.766186
6352 4.730593
6354 4.724307
6356 4.747192
6358 4.787791
6360 4.825452
6362 4.841398
6364 4.825969
6366 4.786730
6368 4.741886
6370 4.723110
6372 4.768743
6374 4.850214
6376 4.926297
6378 4.993972
6380 5.029238
6382 5.008449
6384 4.927277
6386 4.807629
6388 4.685749
6390 4.616169
6392 4.627816
6394 4.695518
6396 4.778104
6398 4.855167
6400 4.910678
6402 4.926760
6404 4.895685
6406 4.835030
6408 4.779927
6410 4.759247
6412 4.779492
6414 4.827357
6416 4.881507
6418 4.920556
6420 4.928066
6422 4.898106
6424 4.839330
6426 4.772308
6428 4.735954
6430 4.749423
6432 4.805316
6434 4.877480
6436 4.929182
6438 4.928774
6440 4.869915
6442 4.774403
6444 4.679844
6446 4.623081
6448 4.621149
6450 4.669095
6452 4.762512
6454 4.875820
6456 4.962924
6458 4.982135
6460 4.926270
6462 4.831302
6464 4.763247
6466 4.759546
6468 4.799900
6470 4.833833
6472 4.879793
6474 4.921808
6476 4.929699
6478 4.881888
6480 4.787601
6482 4.682919
6484 4.611761
6486 4.600904
6488 4.653830
6490 4.753723
6492 4.870133
6494 4.959958
6496 4.985292
6498 4.943413
6500 4.867956
6502 4.782540
6504 4.729804
6506 4.739845
6508 4.806567
6510 4.891140
6512 4.946189
6514 4.939468
6516 4.873371
6518 4.778431
6520 4.689749
6522 4.630646
6524 4.620958
6526 4.677204
6528 4.789424
6530 4.912175
6532 4.988612
6534 4.980530
6536 4.894161
6538 4.773206
6540 4.669286
6542 4.619135
6544 4.642972
6546 4.736471
6548 4.864310
6550 4.977809
6552 5.022925
6554 4.976176
6556 4.876147
6558 4.776308
6560 4.709341
6562 4.686783
6564 4.706320
6566 4.755736
6568 4.813506
6570 4.848446
6572 4.832255
6574 4.764743
6576 4.689477
6578 4.655081
6580 4.680932
6582 4.755111
6584 4.851412
6586 4.939821
6588 4.989510
6590 4.982108
6592 4.918651
6594 4.819384
6596 4.722919
6598 4.666592
6600 4.671272
6602 4.731926
6604 4.820227
6606 4.899086
6608 4.930134
6610 4.895249
6612 4.813425
6614 4.725722
6616 4.671708
6618 4.672170
6620 4.725069
6622 4.817125
6624 4.934243
6626 5.001836
6628 4.987142
6630 4.909345
6632 4.809588
6634 4.729532
6636 4.693830
6638 4.701586
6640 4.740063
6642 4.801832
6644 4.854759
6646 4.860745
6648 4.825479
6650 4.773152
6652 4.734212
6654 4.722430
6656 4.734049
6658 4.763029
6660 4.808363
6662 4.861997
6664 4.901018
6666 4.897807
6668 4.845616
6670 4.770431
6672 4.713776
6674 4.696416
6676 4.726539
6678 4.802622
6680 4.886923
6682 4.948012
6684 4.962053
6686 4.917944
6688 4.832663
6690 4.743655
6692 4.686021
6694 4.670020
6696 4.689613
6698 4.731246
6700 4.777478
6702 4.808581
6704 4.816962
6706 4.809969
6708 4.803111
6710 4.807901
6712 4.828336
6714 4.866460
6716 4.918352
6718 4.959686
6720 4.964339
6722 4.921726
6724 4.844527
6726 4.762403
6728 4.701695
6730 4.677014
6732 4.687218
6734 4.726294
6736 4.792581
6738 4.863630
6740 4.902161
6742 4.886786
6744 4.835711
6746 4.790866
6748 4.780199
6750 4.800254
6752 4.848691
6754 4.901671
6756 4.938488
6758 4.945971
6760 4.912501
6762 4.845262
6764 4.768036
6766 4.708606
6768 4.682810
6770 4.697776
6772 4.750076
6774 4.816227
6776 4.872228
6778 4.899494
6780 4.887167
6782 4.842269
6784 4.785370
6786 4.742784
6788 4.733314
6790 4.759410
6792 4.807275
6794 4.855548
6796 4.880718
6798 4.871466
6800 4.838650
6802 4.808173
6804 4.788172
6806 4.791574
6808 4.834785
6810 4.888991
6812 4.941536
6814 4.965291
6816 4.937563
6818 4.862215
6820 4.771056
6822 4.703844
6824 4.679517
6826 4.693586
6828 4.728960
6830 4.782812
6832 4.848174
6834 4.906406
6836 4.933209
6838 4.917590
6840 4.872120
6842 4.826867
6844 4.803302
6846 4.794894
6848 4.811057
6850 4.845480
6852 4.880446
6854 4.892392
6856 4.864337
6858 4.800417
6860 4.732933
6862 4.700851
6864 4.717613
6866 4.776118
6868 4.855684
6870 4.928202
6872 4.964584
6874 4.950162
6876 4.891086
6878 4.817452
6880 4.771709
6882 4.759192
6884 4.780199
6886 4.831357
6888 4.893072
6890 4.935821
6892 4.935767
6894 4.891821
6896 4.825343
6898 4.762077
6900 4.722294
6902 4.716171
6904 4.745859
6906 4.808962
6908 4.884854
6910 4.936556
6912 4.932148
6914 4.870732
6916 4.785587
6918 4.718702
6920 4.697286
6922 4.730130
6924 4.807384
6926 4.901290
6928 4.974244
6930 4.996748
6932 4.963006
6934 4.896174
6936 4.827330
6938 4.779601
6940 4.768716
6942 4.795846
6944 4.845099
6946 4.889426
6948 4.903113
6950 4.876582
6952 4.822268
6954 4.763138
6956 4.723573
6958 4.724634
6960 4.774621
6962 4.861643
6964 4.954516
6966 5.013428
6968 5.011932
6970 4.952393
6972 4.860691
6974 4.767383
6976 4.700280
6978 4.678701
6980 4.709531
6982 4.780798
6984 4.860609
6986 4.908202
6988 4.901644
6990 4.853480
6992 4.796309
6994 4.759546
6996 4.758294
6998 4.790839
7000 4.844119
7002 4.899794
7004 4.935631
7006 4.934434
7008 4.895331
7010 4.835357
7012 4.780553
7014 4.752553
7016 4.762757
7018 4.809751
7020 4.877262
7022 4.937672
7024 4.962026
7026 4.937726
7028 4.876228
7030 4.802676
7032 4.741450
7034 4.710946
7036 4.723192
7038 4.777995
7040 4.854568
7042 4.914705
7044 4.924855
7046 4.885290
7048 4.825506
7050 4.779900
7052 4.766675
7054 4.788499
7056 4.836990
7058 4.896474
7060 4.947495
7062 4.960720
7064 4.925808
7066 4.861752
7068 4.798349
7070 4.754866
7072 4.735736
7074 4.740661
7076 4.769886
7078 4.815710
7080 4.858541
7082 4.879194
7084 4.873398
7086 4.855466
7088 4.843167
7090 4.845888
7092 4.864228
7094 4.892038
7096 4.917427
7098 4.924066
7100 4.900256
7102 4.847929
7104 4.784798
7106 4.733940
7108 4.712525
7110 4.728389
7112 4.776744
7114 4.836500
7116 4.885072
7118 4.905943
7120 4.894242
7122 4.860228
7124 4.821969
7126 4.792308
7128 4.777179
7130 4.782104
7132 4.813860
7134 4.852799
7136 4.869834
7138 4.863602
7140 4.845126
7142 4.828064
7144 4.820772
7146 4.823520
7148 4.835085
7150 4.856772
7152 4.885127
7154 4.903358
7156 4.894242
7158 4.856446
7160 4.808146
7162 4.771274
7164 4.758403
7166 4.769179
7168 4.797669
7170 4.836962
7172 4.876228
7174 4.897263
7176 4.890106
7178 4.862024
7180 4.831956
7182 4.809996
7184 4.785751
7186 4.810758
7188 4.855385
7190 4.885045
7192 4.893263
7194 4.869861
7196 4.818078
7198 4.757941
7200 4.711844
7202 4.692960
7204 4.705722
7206 4.745178
7208 4.807003
7210 4.876637
7212 4.930080
7214 4.945237
7216 4.920066
7218 4.870868
7220 4.819901
7222 4.786512
7224 4.784771
7226 4.812418
7228 4.851602
7230 4.874596
7232 4.859548
7234 4.811302
7236 4.759355
7238 4.730457
7240 4.731219
7242 4.759628
7244 4.811819
7246 4.880337
7248 4.941672
7250 4.957781
7252 4.908474
7254 4.817778
7256 4.734892
7258 4.692171
7260 4.698538
7262 4.743029
7264 4.798894
7266 4.865888
7268 4.928093
7270 4.955550
7272 4.931794
7274 4.867113
7276 4.789968
7278 4.737124
7280 4.731491
7282 4.763764
7284 4.817479
7286 4.872446
7288 4.900147
7290 4.879630
7292 4.814323
7294 4.733722
7296 4.675136
7298 4.666565
7300 4.715763
7302 4.807438
7304 4.905698
7306 4.975169
7308 4.993999
7310 4.959495
7312 4.866133
7314 4.778431
7316 4.709042
7318 4.675572
7320 4.705695
7322 4.783029
7324 4.861153
7326 4.897154
7328 4.876854
7330 4.818105
7332 4.751301
7334 4.702184
7336 4.689014
7338 4.726756
7340 4.815819
7342 4.930053
7344 5.019007
7346 5.038898
7348 4.979659
7350 4.870432
7352 4.755573
7354 4.673068
7356 4.646156
7358 4.682075
7360 4.765750
7362 4.861888
7364 4.925808
7366 4.929617
7368 4.874977
7370 4.791274
7372 4.716498
7374 4.681613
7376 4.700171
7378 4.765179
7380 4.849915
7382 4.917699
7384 4.938978
7386 4.903277
7388 4.819982
7390 4.718756
7392 4.647680
7394 4.646183
7396 4.720987
7398 4.842377
7400 4.955005
7402 5.006734
7404 4.982761
7406 4.901726
7408 4.793397
7410 4.693776
7412 4.638564
7414 4.652115
7416 4.733777
7418 4.848337
7420 4.935876
7422 4.949318
7424 4.891902
7426 4.805071
7428 4.729641
7430 4.690973
7432 4.700171
7434 4.754376
7436 4.832636
7438 4.900011
7440 4.928502
7442 4.906351
7444 4.841479
7446 4.762158
7448 4.695327
7450 4.657286
7452 4.663299
7454 4.722620
7456 4.817153
7458 4.900555
7460 4.929617
7462 4.895603
7464 4.827520
7466 4.766131
7468 4.737831
7470 4.752417
7472 4.807275
7474 4.883548
7476 4.946652
7478 4.966924
7480 4.934651
7482 4.861698
7484 4.774812
7486 4.707436
7488 4.686184
7490 4.721096
7492 4.798132
7494 4.879439
7496 4.923821
7498 4.915005
7500 4.866106
7502 4.802594
7504 4.744825
7506 4.708307
7508 4.702048
7510 4.727899
7512 4.779846
7514 4.838051
7516 4.867657
7518 4.857697
7520 4.826023
7522 4.793098
7524 4.773152
7526 4.778540
7528 4.812635
7530 4.861643
7532 4.896202
7534 4.893208
7536 4.849208
7538 4.782322
7540 4.720498
7542 4.685395
7544 4.686755
7546 4.728933
7548 4.803601
7550 4.883249
7552 4.935604
7554 4.945726
7556 4.916093
7558 4.863004
7560 4.806921
7562 4.765451
7564 4.751083
7566 4.777179
7568 4.831711
7570 4.871494
7572 4.872011
7574 4.834350
7576 4.775873
7578 4.722430
7580 4.697314
7582 4.710810
7584 4.752172
7586 4.804336
7588 4.857725
7590 4.890297
7592 4.884474
7594 4.843847
7596 4.789043
7598 4.745995
7600 4.734457
7602 4.759682
7604 4.809288
7606 4.858133
7608 4.884229
7610 4.879331
7612 4.851194
7614 4.816799
7616 4.793343
7618 4.789479
7620 4.806622
7622 4.839847
7624 4.878351
7626 4.908338
7628 4.911331
7630 4.878079
7632 4.818404
7634 4.752607
7636 4.703382
7638 4.685585
7640 4.706348
7642 4.762539
7644 4.836609
7646 4.898542
7648 4.923059
7650 4.904365
7652 4.856500
7654 4.798594
7656 4.748661
7658 4.735110
7660 4.760471
7662 4.801288
7664 4.836364
7666 4.845643
7668 4.822840
7670 4.781696
7672 4.746267
7674 4.733151
7676 4.747464
7678 4.788036
7680 4.849588
7682 4.915848
7684 4.962189
7686 4.965128
7688 4.920012
7690 4.846269
7692 4.776635
7694 4.737178
7696 4.738920
7698 4.778567
7700 4.842024
7702 4.902052
7704 4.928229
7706 4.902896
7708 4.836064
7710 4.760907
7712 4.714647
7714 4.717314
7716 4.765206
7718 4.838132
7720 4.909807
7722 4.951658
7724 4.945155
7726 4.890052
7728 4.806758
7730 4.728960
7732 4.689232
7734 4.700443
7736 4.755736
7738 4.832364
7740 4.899467
7742 4.932012
7744 4.920801
7746 4.870813
7748 4.799873
7750 4.741478
7752 4.726511
7754 4.758893
7756 4.821887
7758 4.887031
7760 4.923086
7762 4.910352
7764 4.852990
7766 4.778186
7768 4.720824
7770 4.706402
7772 4.739790
7774 4.812200
7776 4.902923
7778 4.978707
7780 5.006272
7782 4.971550
7784 4.887303
7786 4.787166
7788 4.713940
7790 4.690048
7792 4.711736
7794 4.769206
7796 4.843520
7798 4.905535
7800 4.927604
7802 4.900066
7804 4.838405
7806 4.776036
7808 4.743600
7810 4.754022
7812 4.802894
7814 4.873507
7816 4.939604
7818 4.971713
7820 4.950434
7822 4.879249
7824 4.786322
7826 4.711627
7828 4.687000
7830 4.722076
7832 4.800798
7834 4.887004
7836 4.941917
7838 4.942488
7840 4.891548
7842 4.811656
7844 4.733096
7846 4.684878
7848 4.687272
7850 4.743437
7852 4.832418
7854 4.913073
7856 4.948611
7858 4.926433
7860 4.863004
7862 4.790757
7864 4.738457
7866 4.724797
7868 4.760117
7870 4.838813
7872 4.931957
7874 4.994081
7876 4.990761
7878 4.922406
7880 4.822459
7882 4.731954
7884 4.680959
7886 4.683490
7888 4.737886
7890 4.824717
7892 4.908610
7894 4.948937
7896 4.929100
7898 4.867630
7900 4.802132
7902 4.765233
7904 4.771927
7906 4.816010
7908 4.875548
7910 4.922651
7912 4.934951
7914 4.904664
7916 4.841534
7918 4.767165
7920 4.706946
7922 4.682266
7924 4.705640
7926 4.774458
7928 4.865371
7930 4.938760
7932 4.961509
7934 4.927250
7936 4.859820
7938 4.792962
7940 4.752961
7942 4.752525
7944 4.789778
7946 4.848527
7948 4.902243
7950 4.923331
7952 4.900093
7954 4.847439
7956 4.795438
7958 4.767900
7960 4.772390
7962 4.803384
7964 4.846731
7966 4.885099
7968 4.899875
7970 4.877725
7972 4.823193
7974 4.762512
7976 4.722130
7978 4.712171
7980 4.729477
7982 4.768390
7984 4.821615
7986 4.873317
7988 4.899032
7990 4.884201
7992 4.837561
7994 4.786376
7996 4.758730
7998 4.769342
8000 4.811275
8002 4.861425
8004 4.899766
8006 4.910460
8008 4.880691
8010 4.817098
8012 4.745614
8014 4.697994
8016 4.692415
8018 4.731164
8020 4.804499
8022 4.889807
8024 4.951795
8026 4.966189
8028 4.934216
8030 4.880337
8032 4.832418
8034 4.807492
8036 4.807220
8038 4.824908
8040 4.849588
8042 4.863357
8044 4.845180
8046 4.793615
8048 4.732389
8050 4.693858
8052 4.694103
8054 4.726158
8056 4.775002
8058 4.833751
8060 4.891086
8062 4.925209
8064 4.912556
8066 4.852881
8068 4.775954
8070 4.721532
8072 4.710946
8074 4.743927
8076 4.810676
8078 4.885290
8080 4.936257
8082 4.939332
8084 4.891902
8086 4.820146
8088 4.760471
8090 4.736852
8092 4.751056
8094 4.789152
8096 4.838595
8098 4.879331
8100 4.885725
8102 4.844745
8104 4.772716
8106 4.706620
8108 4.677558
8110 4.694728
8112 4.751818
8114 4.836473
8116 4.921073
8118 4.975332
8120 4.974543
8122 4.916937
8124 4.830785
8126 4.746131
8128 4.684633
8130 4.690701
8132 4.738158
8134 4.802703
8136 4.864990
8138 4.892746
8140 4.863902
8142 4.790948
8144 4.717613
8146 4.683327
8148 4.703082
8150 4.775437
8152 4.869371
8154 4.968393
8156 5.041238
8158 5.052504
8160 4.990299
8162 4.878405
8164 4.758866
8166 4.679762
8168 4.669830
8170 4.710674
8172 4.779111
8174 4.845697
8176 4.878160
8178 4.856609
8180 4.786893
8182 4.704280
8184 4.652578
8186 4.647136
8188 4.690810
8190 4.777859
8192 4.877154
8194 4.946407
8196 4.955087
8198 4.898025
8200 4.786132
8202 4.687245
8204 4.638129
8206 4.654891
8208 4.742321
8210 4.867113
8212 4.974543
8214 5.016775
8216 4.975931
8218 4.870051
8220 4.741178
8222 4.642646
8224 4.610917
8226 4.648687
8228 4.735464
8230 4.843194
8232 4.932910
8234 4.968448
8236 4.937019
8238 4.860092
8240 4.778540
8242 4.724443
8244 4.714783
8246 4.757342
8248 4.837180
8250 4.921862
8252 4.972530
8254 4.959876
8256 4.879467
8258 4.762077
8260 4.653394
8262 4.592223
8264 4.599761
8266 4.674946
8268 4.785995
8270 4.884011
8272 4.929753
8274 4.917427
8276 4.868419
8278 4.813669
8280 4.779737
8282 4.784880
8284 4.833833
8286 4.911712
8288 4.982598
8290 5.006544
8292 4.967087
8294 4.881018
8296 4.781397
8298 4.698211
8300 4.652469
8302 4.657122
8304 4.714049
8306 4.806622
8308 4.894460
8310 4.932692
8312 4.906107
8314 4.838568
8316 4.768689
8318 4.725477
8320 4.722402
8322 4.758077
8324 4.814976
8326 4.866432
8328 4.901726
8330 4.909644
8332 4.873099
8334 4.814050
8336 4.769424
8338 4.756281
8340 4.777016
8342 4.821751
8344 4.868310
8346 4.889236
8348 4.867983
8350 4.810921
8352 4.747491
8354 4.705531
8356 4.700715
8358 4.736416
8360 4.809261
8362 4.902406
8364 4.986870
8366 5.027714
8368 5.005047
8370 4.933699
8372 4.852391
8374 4.790975
8376 4.765505
8378 4.778131
8380 4.819357
8382 4.866677
8384 4.890542
8386 4.869017
8388 4.808254
8390 4.736906
8392 4.689313
8394 4.682674
8396 4.715763
8398 4.776798
8400 4.854350
8402 4.924311
8404 4.942407
8406 4.904773
8408 4.850378
8410 4.811248
8412 4.804200
8414 4.824091
8416 4.853398
8418 4.876555
8420 4.886433
8422 4.879086
8424 4.850595
8426 4.805560
8428 4.761260
8430 4.736199
8432 4.740525
8434 4.774376
8436 4.828663
8438 4.882814
8440 4.912610
8442 4.903712
8444 4.860636
8446 4.806594
8448 4.767029
8450 4.755328
8452 4.773478
8454 4.819030
8456 4.885889
8458 4.939740
8460 4.945155
8462 4.901589
8464 4.834051
8466 4.777125
8468 4.750974
8470 4.754213
8472 4.774893
8474 4.804962
8476 4.837371
8478 4.856283
8480 4.847765
8482 4.816908
8484 4.785723
8486 4.777941
8488 4.801941
8490 4.850813
8492 4.912583
8494 4.972312
8496 5.006843
8498 4.997101
8500 4.941073
8502 4.860636
8504 4.786621
8506 4.743437
8508 4.737423
8510 4.761342
8512 4.802322
8514 4.843684
8516 4.865616
8518 4.855793
8520 4.821534
8522 4.786785
8524 4.772172
8526 4.785234
8528 4.809180
8530 4.865861
8532 4.920556
8534 4.958380
8536 4.961808
8538 4.925073
8540 4.862677
8542 4.800499
8544 4.758975
8546 4.750457
8548 4.774403
8550 4.817642
8552 4.860228
8554 4.881997
8556 4.872555
8558 4.838731
8560 4.799982
8562 4.774349
8564 4.767818
8566 4.785097
8568 4.828391
8570 4.882215
8572 4.918651
8574 4.915875
8576 4.874841
8578 4.820064
8580 4.779438
8582 4.760090
8584 4.787356
8586 4.843357
8588 4.896800
8590 4.936611
8592 4.944230
8594 4.908855
8596 4.841507
8598 4.769097
8600 4.717232
8602 4.698211
8604 4.714266
8606 4.760770
8608 4.825996
8610 4.889018
8612 4.926325
8614 4.926787
8616 4.900283
8618 4.868310
8620 4.849534
8622 4.852772
8624 4.879793
8626 4.920937
8628 4.953563
8630 4.952965
8632 4.908637
8634 4.831466
8636 4.745940
8638 4.681721
8640 4.660796
8642 4.688579
8644 4.757532
8646 4.843629
8648 4.910379
8650 4.930542
8652 4.903794
8654 4.853153
8656 4.786159
8658 4.744444
8660 4.744471
8662 4.781859
8664 4.852799
8666 4.929835
8668 4.974053
8670 4.960312
8672 4.894378
8674 4.808690
8676 4.738239
8678 4.705559
8680 4.720062
8682 4.776580
8684 4.852990
8686 4.917263
8688 4.941427
8690 4.918080
8692 4.863902
8694 4.807275
8696 4.772090
8698 4.771383
8700 4.806758
8702 4.865888
8704 4.921427
8706 4.945454
8708 4.928420
8710 4.883331
8712 4.829017
8714 4.779274
8716 4.751246
8718 4.760689
8720 4.803574
8722 4.857235
8724 4.888310
8726 4.874759
8728 4.819411
8730 4.746267
8732 4.685966
8734 4.665449
8736 4.696062
8738 4.774485
8740 4.880174
8742 4.977673
8744 5.027225
8746 5.014598
8748 4.957128
8750 4.886269
8752 4.825697
8754 4.790023
8756 4.785533
8758 4.811493
8760 4.853561
8762 4.884882
8764 4.881371
8766 4.843384
8768 4.790431
8770 4.745859
8772 4.725042
8774 4.737042
8776 4.784308
8778 4.858133
8780 4.928474
8782 4.948856
8784 4.907630
8786 4.846269
8788 4.789152
8790 4.754593
8792 4.751709
8794 4.778648
8796 4.824364
8798 4.869208
8800 4.891385
8802 4.879140
8804 4.833153
8806 4.768118
8808 4.709096
8810 4.682864
8812 4.707055
8814 4.778431
8816 4.868609
8818 4.934352
8820 4.947359
8822 4.914270
8824 4.864881
8826 4.825071
8828 4.805969
8830 4.811819
8832 4.845371
8834 4.899630
8836 4.956937
8838 4.988013
8840 4.964393
8842 4.893263
8844 4.810132
8846 4.745070
8848 4.714103
8850 4.722130
8852 4.761478
8854 4.807438
8856 4.831629
8858 4.817642
8860 4.774403
8862 4.730130
8864 4.713885
8866 4.735654
8868 4.792635
8870 4.880800
8872 4.979278
8874 5.028503
8876 5.001727
8878 4.915141
8880 4.807030
8882 4.714348
8884 4.664796
8886 4.664333
8888 4.707436
8890 4.779737
8892 4.856582
8894 4.900800
8896 4.891875
8898 4.841724
8900 4.784961
8902 4.748852
8904 4.744117
8906 4.774539
8908 4.840799
8910 4.919631
8912 4.971632
8914 4.967604
8916 4.903658
8918 4.815302
8920 4.745287
8922 4.718266
8924 4.739192
8926 4.791302
8928 4.847058
8930 4.884283
8932 4.882460
8934 4.834622
8936 4.763519
8938 4.705178
8940 4.680578
8942 4.686755
8944 4.719681
8946 4.780880
8948 4.859276
8950 4.927658
8952 4.955903
8954 4.931740
8956 4.876256
8958 4.825207
8960 4.794431
8962 4.794458
8964 4.847085
8966 4.893100
8968 4.935767
8970 4.948067
8972 4.910270
8974 4.828391
8976 4.731164
8978 4.651898
8980 4.615407
8982 4.633938
8984 4.704280
8986 4.800118
8988 4.874950
8990 4.894079
8992 4.863711
8994 4.821670
8996 4.796608
8998 4.774866
9000 4.805288
9002 4.846568
9004 4.886269
9006 4.914406
9008 4.904474
9010 4.843194
9012 4.746865
9014 4.656333
9016 4.609530
9018 4.620469
9020 4.678701
9022 4.771709
9024 4.877943
9026 4.960829
9028 4.984611
9030 4.940774
9032 4.854976
9034 4.773043
9036 4.686511
9038 4.685966
9040 4.756199
9042 4.864881
9044 4.961509
9046 5.003904
9048 4.972611
9050 4.878841
9052 4.759410
9054 4.665041
9056 4.630455
9058 4.658320
9060 4.729369
9062 4.808146
9064 4.854296
9066 4.847139
9068 4.802594
9070 4.751165
9072 4.710484
9074 4.687708
9076 4.710321
9078 4.788417
9080 4.902977
9082 5.011687
9084 5.064178
9086 5.034436
9088 4.942924
9090 4.835575
9092 4.742103
9094 4.690538
9096 4.697994
9098 4.759927
9100 4.844935
9102 4.901453
9104 4.892011
9106 4.815738
9108 4.704416
9110 4.605829
9112 4.574019
9114 4.625775
9116 4.725559
9118 4.846105
9120 4.968040
9122 5.044694
9124 5.044259
9126 4.967550
9128 4.851956
9130 4.746104
9132 4.669694
9134 4.650592
9136 4.694347
9138 4.773233
9140 4.842459
9142 4.867929
9144 4.844092
9146 4.786866
9148 4.725015
9150 4.688307
9152 4.701558
9154 4.772063
9156 4.879439
9158 4.978679
9160 5.024639
9162 5.000312
9164 4.925399
9166 4.830241
9168 4.741287
9170 4.698103
9172 4.725586
9174 4.813860
9176 4.917998
9178 4.980938
9180 4.970870
9182 4.898188
9184 4.796717
9186 4.702729
9188 4.639380
9190 4.624033
9192 4.667463
9194 4.756526
9196 4.850242
9198 4.908528
9200 4.916692
9202 4.885535
9204 4.838949
9206 4.800336
9208 4.781805
9210 4.784989
9212 4.809098
9214 4.855956
9216 4.911059
9218 4.936094
9220 4.902678
9222 4.829316
9224 4.753233
9226 4.707300
9228 4.707790
9230 4.750212
9232 4.809261
9234 4.855412
9236 4.869698
9238 4.853942
9240 4.821751
9242 4.791655
9244 4.780580
9246 4.800662
9248 4.852500
9250 4.921046
9252 4.969400
9254 4.971305
9256 4.927168
9258 4.855983
9260 4.781233
9262 4.724960
9264 4.697096
9266 4.703382
9268 4.742539
9270 4.801098
9272 4.852119
9274 4.873426
9276 4.859140
9278 4.824554
9280 4.793832
9282 4.787084
9284 4.812363
9286 4.865453
9288 4.926570
9290 4.967278
9292 4.963768
9294 4.917944
9296 4.856065
9298 4.807492
9300 4.789397
9302 4.803166
9304 4.839248
9306 4.881453
9308 4.909181
9310 4.904855
9312 4.863847
9314 4.797642
9316 4.732389
9318 4.692796
9320 4.692171
9322 4.731382
9324 4.800173
9326 4.878052
9328 4.938733
9330 4.960856
9332 4.938379
9334 4.884419
9336 4.825887
9338 4.788798
9340 4.785506
9342 4.810676
9344 4.859929
9346 4.907059
9348 4.920610
9350 4.887957
9352 4.822949
9354 4.754076
9356 4.711763
9358 4.712715
9360 4.756090
9362 4.825779
9364 4.897399
9366 4.941590
9368 4.940475
9370 4.900610
9372 4.849507
9374 4.813669
9376 4.809125
9378 4.838187
9380 4.886569
9382 4.933345
9384 4.961264
9386 4.950271
9388 4.892773
9390 4.806975
9392 4.728443
9394 4.683136
9396 4.681803
9398 4.720579
9400 4.788227
9402 4.864963
9404 4.924039
9406 4.940747
9408 4.909943
9410 4.851901
9412 4.798513
9414 4.770240
9416 4.768662
9418 4.809370
9420 4.882106
9422 4.947196
9424 4.975795
9426 4.958108
9428 4.905345
9430 4.843629
9432 4.799247
9434 4.784880
9436 4.799601
9438 4.831466
9440 4.862786
9442 4.876446
9444 4.862732
9446 4.826132
9448 4.783574
9450 4.753940
9452 4.748961
9454 4.777859
9456 4.842949
9458 4.924583
9460 4.990462
9462 5.009945
9464 4.971768
9466 4.890868
9468 4.795220
9470 4.718049
9472 4.706783
9474 4.742131
9476 4.793397
9478 4.852337
9480 4.894270
9482 4.898651
9484 4.864500
9486 4.811601
9488 4.767056
9490 4.751600
9492 4.772825
9494 4.824472
9496 4.891576
9498 4.952257
9500 4.985564
9502 4.980611
9504 4.939468
9506 4.878079
9508 4.819547
9510 4.785968
9512 4.789751
9514 4.826214
9516 4.872500
9518 4.898759
9520 4.886542
9522 4.836935
9524 4.768063
9526 4.712361
9528 4.697395
9530 4.730974
9532 4.805261
9534 4.893208
9536 4.957944
9538 4.970870
9540 4.931658
9542 4.863385
9544 4.781968
9546 4.720253
9548 4.727409
9550 4.782213
9552 4.856854
9554 4.931195
9556 4.976067
9558 4.968475
9560 4.911848
9562 4.831302
9564 4.757968
9566 4.713586
9568 4.709395
9570 4.746702
9572 4.813860
9574 4.883222
9576 4.926053
9578 4.927386
9580 4.893943
9582 4.847439
9584 4.812989
9586 4.809724
9588 4.843929
9590 4.902188
9592 4.953509
9594 4.962543
9596 4.916338
9598 4.833371
9600 4.748553
9602 4.681749
9604 4.652170
9606 4.674619
9608 4.742947
9610 4.829398
9612 4.896882
9614 4.915467
9616 4.885997
9618 4.832473
9620 4.783846
9622 4.759519
9624 4.769478
9626 4.815846
9628 4.891576
9630 4.973128
9632 5.025837
9634 5.018163
9636 4.951005
9638 4.854731
9640 4.768580
9642 4.719572
9644 4.720634
9646 4.765015
9648 4.829289
9650 4.882052
9652 4.898923
9654 4.871004
9656 4.814595
9658 4.760090
9660 4.734076
9662 4.749723
9664 4.803982
9666 4.875358
9668 4.930706
9670 4.944529
9672 4.914950
9674 4.861779
9676 4.809152
9678 4.775301
9680 4.769397
9682 4.794295
9684 4.842622
9686 4.894977
9688 4.922950
9690 4.904202
9692 4.838622
9694 4.754049
9696 4.684796
9698 4.654782
9700 4.674293
9702 4.742049
9704 4.839629
9706 4.935468
9708 4.990788
9710 4.985945
9712 4.933182
9714 4.866949
9716 4.820853
9718 4.811656
9720 4.832962
9722 4.861181
9724 4.874977
9726 4.861725
9728 4.812962
9730 4.746702
9732 4.689368
9734 4.664986
9736 4.683000
9738 4.738484
9740 4.814404
9742 4.887358
9744 4.927658
9746 4.920937
9748 4.873970
9750 4.810078
9752 4.756526
9754 4.740144
9756 4.774322
9758 4.849888
9760 4.937509
9762 5.001591
9764 5.003278
9766 4.934896
9768 4.827330
9770 4.728471
9772 4.668469
9774 4.656986
9776 4.690701
9778 4.761750
9780 4.846133
9782 4.908120
9784 4.913916
9786 4.862895
9788 4.788064
9790 4.733614
9792 4.724879
9794 4.762349
9796 4.827384
9798 4.868174
9800 4.911222
9802 4.925644
9804 4.861725
9806 4.773124
9808 4.705640
9810 4.683055
9812 4.707055
9814 4.767247
9816 4.846949
9818 4.914977
9820 4.930406
9822 4.872637
9824 4.767709
9826 4.672089
9828 4.630210
9830 4.652143
9832 4.730130
9834 4.855112
9836 4.991578
9838 5.087226
9840 5.095879
9842 5.009592
9844 4.872256
9846 4.744144
9848 4.662020
9850 4.638564
9852 4.696497
9854 4.771084
9856 4.816853
9858 4.833615
9860 4.804282
9862 4.738185
9864 4.669803
9866 4.632632
9868 4.643190
9870 4.701640
9872 4.796363
9874 4.896991
9876 4.965128
9878 4.971877
9880 4.917127
9882 4.831411
9884 4.759600
9886 4.733015
9888 4.752090
9890 4.818704
9892 4.908746
9894 4.975877
9896 4.974707
9898 4.891331
9900 4.761124
9902 4.643435
9904 4.577556
9906 4.585774
9908 4.669993
9910 4.778920
9912 4.895848
9914 4.987360
9916 5.008040
9918 4.943604
9920 4.829806
9922 4.713640
9924 4.592305
9926 4.564032
9928 4.655136
9930 4.793751
9932 4.880065
9934 4.917862
9936 4.897617
9938 4.823574
9940 4.728008
9942 4.653666
9944 4.627816
9946 4.656796
9948 4.727790
9950 4.811465
9952 4.870895
9954 4.881834
9956 4.842024
9958 4.771764
9960 4.719355
9962 4.721504
9964 4.767982
9966 4.866704
9968 4.989836
9970 5.078436
9972 5.081130
9974 4.993237
9976 4.857235
9978 4.693994
9980 4.582318
9982 4.586481
9984 4.606672
9986 4.703899
9988 4.843820
9990 4.954679
9992 4.980339
9994 4.913753
9996 4.791383
9998 4.672905
10000 4.609176
10002 4.623271
10004 4.704470
10006 4.824309
10008 4.945645
10010 5.013973
10012 4.994734
10014 4.902841
10016 4.785859
10018 4.692116
10020 4.652714
10022 4.678402
10024 4.757070
10026 4.853997
10028 4.920665
10030 4.922542
10032 4.864011
10034 4.777206
10036 4.701640
10038 4.667408
10040 4.697205
10042 4.789098
10044 4.910542
10046 5.008013
10048 5.035633
10050 4.984639
10052 4.885834
10054 4.771682
10056 4.688960
10058 4.663735
10060 4.698484
10062 4.791737
10064 4.902624
10066 4.970870
10068 4.957618
10070 4.874569
10072 4.770158
10074 4.679000
10076 4.621258
10078 4.612360
10080 4.660687
10082 4.751600
10084 4.852745
10086 4.925590
10088 4.946271
10090 4.920257
10092 4.877698
10094 4.842405
10096 4.826486
10098 4.832037
10100 4.855031
10102 4.882759
10104 4.894297
10106 4.870813
10108 4.813697
10110 4.747110
10112 4.703627
10114 4.699926
10116 4.737178
10118 4.804989
10120 4.885752
10122 4.949672
10124 4.969945
10126 4.935631
10128 4.860174
10130 4.771628
10132 4.707137
10134 4.692524
10136 4.734892
10138 4.816690
10140 4.897290
10142 4.937617
10144 4.929427
10146 4.884256
10148 4.826078
10150 4.777642
10152 4.752934
10154 4.753287
10156 4.776036
10158 4.810567
10160 4.839847
10162 4.847112
10164 4.829479
10166 4.803873
10168 4.790975
10170 4.800962
10172 4.832554
10174 4.879249
10176 4.926923
10178 4.954026
10180 4.944039
10182 4.901290
10184 4.845262
10186 4.801615
10188 4.784689
10190 4.795220
10192 4.828745
10194 4.874841
10196 4.911250
10198 4.911685
10200 4.866215
10202 4.795057
10204 4.731790
10206 4.705613
10208 4.723300
10210 4.769043
10212 4.833561
10214 4.906515
10216 4.954516
10218 4.956665
10220 4.915603
10222 4.855466
10224 4.804118
10226 4.781560
10228 4.791438
10230 4.823275
10232 4.855874
10234 4.871739
10236 4.861589
10238 4.826595
10240 4.783029
10242 4.754321
10244 4.754158
10246 4.785696
10248 4.840854
10250 4.902624
10252 4.947413
10254 4.954625
10256 4.915767
10258 4.844636
10260 4.771437
10262 4.725885
10264 4.726729
10266 4.779927
10268 4.859902
10270 4.935876
10272 4.982298
10274 4.979931
10276 4.926869
10278 4.845398
10280 4.769260
10282 4.725858
10284 4.722593
10286 4.751546
10288 4.801125
10290 4.857561
10292 4.899875
10294 4.909671
10296 4.883358
10298 4.837507
10300 4.799302
10302 4.790159
10304 4.813887
10306 4.861970
10308 4.918216
10310 4.959958
10312 4.965237
10314 4.925644
10316 4.855140
10318 4.785288
10320 4.746893
10322 4.751573
10324 4.788581
10326 4.837942
10328 4.879820
10330 4.896174
10332 4.875140
10334 4.821125
10336 4.759709
10338 4.724171
10340 4.738212
10342 4.795356
10344 4.864881
10346 4.939114
10348 4.992312
10350 5.001156
10352 4.958026
10354 4.878188
10356 4.792744
10358 4.730321
10360 4.712035
10362 4.737069
10364 4.793941
10366 4.866732
10368 4.925182
10370 4.942651
10372 4.913699
10374 4.856419
10376 4.799520
10378 4.767165
10380 4.771220
10382 4.808499
10384 4.862242
10386 4.909671
10388 4.930352
10390 4.916692
10392 4.877453
10394 4.831629
10396 4.798295
10398 4.789560
10400 4.812853
10402 4.864473
10404 4.919739
10406 4.946461
10408 4.926107
10410 4.864337
10412 4.780608
10414 4.709368
10416 4.680769
10418 4.694511
10420 4.753750
10422 4.848418
10424 4.943005
10426 4.997836
10428 4.994054
10430 4.944148
10432 4.876664
10434 4.817615
10436 4.785016
10438 4.791465
10440 4.832119
10442 4.888691
10444 4.932012
10446 4.938434
10448 4.903141
10450 4.842350
10452 4.779410
10454 4.736117
10456 4.726049
10458 4.751083
10460 4.799764
10462 4.851548
10464 4.882242
10466 4.879739
10468 4.852718
10470 4.818214
10472 4.785859
10474 4.772499
10476 4.793778
10478 4.845997
10480 4.905753
10482 4.941345
10484 4.929617
10486 4.874215
10488 4.800309
10490 4.736688
10492 4.703246
10494 4.715055
10496 4.776063
10498 4.868228
10500 4.949590
10502 4.979006
10504 4.944828
10506 4.873344
10508 4.803520
10510 4.762621
10512 4.756226
10514 4.779111
10516 4.827438
10518 4.892011
10520 4.948420
10522 4.970598
10524 4.948747
10526 4.897671
10528 4.841507
10530 4.798159
10532 4.775573
10534 4.778703
10536 4.804309
10538 4.833724
10540 4.842486
10542 4.817425
10544 4.768118
10546 4.724525
10548 4.710593
10550 4.735573
10552 4.797615
10554 4.879793
10556 4.953563
10558 4.986843
10560 4.965400
10562 4.902351
10564 4.827983
10566 4.766104
10568 4.731328
10570 4.734239
10572 4.778594
10574 4.848364
10576 4.908746
10578 4.925889
10580 4.894596
10582 4.836799
10584 4.782485
10586 4.749641
10588 4.745206
10590 4.769260
10592 4.817670
10594 4.879113
10596 4.911168
10598 4.902950
10600 4.868092
10602 4.825642
10604 4.793941
10606 4.785451
10608 4.806758
10610 4.848418
10612 4.878922
10614 4.874160
10616 4.836663
10618 4.778186
10620 4.729586
10622 4.713504
10624 4.730620
10626 4.771764
10628 4.829153
10630 4.888637
10632 4.925998
10634 4.917563
10636 4.863956
10638 4.791737
10640 4.734484
10642 4.707735
10644 4.719328
10646 4.783138
10648 4.884637
10650 4.967223
10652 5.006952
10654 4.990761
10656 4.919848
10658 4.818105
10660 4.720470
10662 4.655190
10664 4.637666
10666 4.667272
10668 4.732824
10670 4.799030
10672 4.823792
10674 4.802513
10676 4.763274
10678 4.739301
10680 4.752090
10682 4.804554
10684 4.877807
10686 4.942325
10688 4.969645
10690 4.941699
10692 4.865534
10694 4.776390
10696 4.713123
10698 4.693749
10700 4.713232
10702 4.757913
10704 4.818078
10706 4.884120
10708 4.927767
10710 4.916855
10712 4.849289
10714 4.764852
10716 4.711708
10718 4.683245
10720 4.670646
10722 4.752090
10724 4.843738
10726 4.932148
10728 4.987360
10730 4.973809
10732 4.892474
10734 4.787492
10736 4.713069
10738 4.695599
10740 4.736253
10742 4.824091
10744 4.888419
10746 4.906651
10748 4.881752
10750 4.819955
10752 4.744716
10754 4.686619
10756 4.666510
10758 4.689966
10760 4.749968
10762 4.825262
10764 4.883576
10766 4.900229
10768 4.873099
10770 4.822921
10772 4.771764
10774 4.724307
10776 4.754920
10778 4.818023
10780 4.916284
10782 5.014381
10784 5.052422
10786 4.992040
10788 4.852663
10790 4.700824
10792 4.594237
10794 4.545447
10796 4.579352
10798 4.681014
10800 4.801860
10802 4.919467
10804 4.987714
10806 4.975278
10808 4.897018
10810 4.800336
10812 4.713586
10814 4.654918
10816 4.683490
10818 4.767111
10820 4.848827
10822 4.899739
10824 4.904229
10826 4.861371
10828 4.788798
10830 4.720606
10832 4.689885
10834 4.707790
10836 4.771138
10838 4.856881
10840 4.923114
10842 4.935223
10844 4.892065
10846 4.816799
10848 4.712416
10850 4.662782
10852 4.684225
10854 4.746784
10856 4.859684
10858 4.980503
10860 5.053266
10862 5.043198
10864 4.961455
10866 4.845071
10868 4.721042
10870 4.650673
10872 4.663000
10874 4.711300
10876 4.786295
10878 4.866514
10880 4.909073
10882 4.888338
10884 4.817343
10886 4.734022
10888 4.675245
10890 4.661231
10892 4.695518
10894 4.772036
10896 4.871875
10898 4.958026
10900 4.989237
10902 4.951740
10904 4.880582
10906 4.799003
10908 4.739899
10910 4.729559
10912 4.774240
10914 4.852963
10916 4.919658
10918 4.931032
10920 4.879439
10922 4.796635
10924 4.721967
10926 4.684334
10928 4.693096
10930 4.752172
10932 4.853997
10934 4.967441
10936 5.042980
10938 5.046327
10940 4.980611
10942 4.879331
10944 4.774295
10946 4.696824
10948 4.670918
10950 4.710266
10952 4.803683
10954 4.908746
10956 4.968774
10958 4.954924
10960 4.885018
10962 4.801125
10964 4.733260
10966 4.700334
10968 4.712933
10970 4.768118
10972 4.836037
10974 4.874977
10976 4.871820
10978 4.846622
10980 4.818241
10982 4.802431
10984 4.808390
10986 4.841860
10988 4.901209
10990 4.966761
10992 5.002816
10994 4.986163
10996 4.921916
10998 4.838241
11000 4.764036
11002 4.718212
11004 4.709150
11006 4.743056
11008 4.810105
11010 4.878324
11012 4.910052
11014 4.891984
11016 4.840582
11018 4.784934
11020 4.747382
11022 4.745042
11024 4.785533
11026 4.859058
11028 4.940066
11030 4.977781
11032 4.967223
11034 4.918705
11036 4.857289
11038 4.803139
11040 4.769124
11042 4.764390
11044 4.787220
11046 4.825017
11048 4.857616
11050 4.862596
11052 4.833126
11054 4.791492
11056 4.766104
11058 4.770839
11060 4.808200
11062 4.868745
11064 4.932066
11066 4.971877
11068 4.966652
11070 4.914651
11072 4.841724
11074 4.778839
11076 4.746240
11078 4.750240
11080 4.789288
11082 4.853806
11084 4.921998
11086 4.961699
11088 4.948529
11090 4.884800
11092 4.800907
11094 4.732253
11096 4.701341
11098 4.712525
11100 4.761260
11102 4.834377
11104 4.905481
11106 4.945073
11108 4.939740
11110 4.901399
11112 4.858922
11114 4.837969
11116 4.848582
11118 4.885235
11120 4.932366
11122 4.965319
11124 4.958815
11126 4.903930
11128 4.817452
11130 4.733559
11132 4.683953
11134 4.681395
11136 4.723545
11138 4.798975
11140 4.887603
11142 4.957237
11144 4.974734
11146 4.930869
11148 4.850242
11150 4.772662
11152 4.722266
11154 4.724552
11156 4.802758
11158 4.916964
11160 4.988748
11162 5.016422
11164 4.980176
11166 4.891657
11168 4.790376
11170 4.718756
11172 4.699463
11174 4.730593
11176 4.795193
11178 4.871276
11180 4.934134
11182 4.959958
11184 4.936257
11186 4.875793
11188 4.809125
11190 4.764825
11192 4.762049
11194 4.808336
11196 4.885045
11198 4.951468
11200 4.972883
11202 4.939304
11204 4.866568
11206 4.786594
11208 4.731137
11210 4.718783
11212 4.746757
11214 4.810350
11216 4.886215
11218 4.935413
11220 4.929073
11222 4.866868
11224 4.776444
11226 4.696116
11228 4.645449
11230 4.655000
11232 4.744961
11234 4.861888
11236 4.982734
11238 5.066572
11240 5.083144
11242 5.031089
11244 4.936883
11246 4.840037
11248 4.775818
11250 4.761070
11252 4.790594
11254 4.841915
11256 4.887494
11258 4.903385
11260 4.878705
11262 4.820418
11264 4.753260
11266 4.709831
11268 4.712933
11270 4.765124
11272 4.850840
11274 4.936692
11276 4.988884
11278 4.987605
11280 4.924093
11282 4.799329
11284 4.701205
11286 4.670075
11288 4.704361
11290 4.786812
11292 4.887494
11294 4.955087
11296 4.956584
11298 4.898977
11300 4.813942
11302 4.733205
11304 4.683082
11306 4.673612
11308 4.710756
11310 4.800009
11312 4.916093
11314 5.003496
11316 5.024258
11318 4.980720
11320 4.903440
11322 4.825561
11324 4.774349
11326 4.766430
11328 4.807819
11330 4.887385
11332 4.968067
11334 4.999986
11336 4.962570
11338 4.875766
11340 4.779084
11342 4.704633
11344 4.673857
11346 4.693694
11348 4.754730
11350 4.826976
11352 4.870051
11354 4.853697
11356 4.794104
11358 4.742620
11360 4.727382
11362 4.742158
11364 4.789751
11366 4.876473
11368 4.972475
11370 5.031524
11372 5.024830
11374 4.956829
11376 4.858106
11378 4.760009
11380 4.685613
11382 4.653177
11384 4.678891
11386 4.758240
11388 4.854976
11390 4.921372
11392 4.933264
11394 4.900828
11396 4.852364
11398 4.808064
11400 4.781587
11402 4.787955
11404 4.830323
11406 4.885154
11408 4.922080
11410 4.933372
11412 4.906841
11414 4.845752
11416 4.784798
11418 4.748743
11420 4.748280
11422 4.780961
11424 4.828826
11426 4.865806
11428 4.866215
11430 4.821370
11432 4.750729
11434 4.690402
11436 4.666456
11438 4.691082
11440 4.760009
11442 4.852772
11444 4.934216
11446 4.973618
11448 4.960094
11450 4.909753
11452 4.848609
11454 4.802050
11456 4.789424
11458 4.815574
11460 4.868582
11462 4.923359
11464 4.945237
11466 4.913263
11468 4.836228
11470 4.745396
11472 4.672769
11474 4.642891
11476 4.665258
11478 4.731818
11480 4.820091
11482 4.897263
11484 4.927386
11486 4.908039
11488 4.859874
11490 4.821996
11492 4.820500
11494 4.857534
11496 4.915195
11498 4.969700
11500 4.993809
11502 4.960529
11504 4.866677
11506 4.743110
11508 4.636687
11510 4.582318
11512 4.588005
11514 4.646319
11516 4.749260
11518 4.877045
11520 4.983986
11522 5.016884
11524 4.958679
11526 4.847548
11528 4.749342
11530 4.709885
11532 4.731954
11534 4.795873
11536 4.887167
11538 4.975741
11540 5.001510
11542 4.950706
11544 4.851793
11546 4.751573
11548 4.689912
11550 4.683191
11552 4.724770
11554 4.795982
11556 4.869045
11558 4.908147
11560 4.885562
11562 4.807737
11564 4.715464
11566 4.655163
11568 4.650782
11570 4.705504
11572 4.811574
11574 4.942325
11576 5.047551
11578 5.075579
11580 5.008449
11582 4.883820
11584 4.764988
11586 4.698266
11588 4.696878
11590 4.744689
11592 4.823874
11594 4.906379
11596 4.949944
11598 4.924257
11600 4.833425
11602 4.720743
11604 4.636931
11606 4.615870
11608 4.662782
11610 4.758757
11612 4.887957
11614 5.004993
11616 5.065565
11618 5.046082
11620 4.953835
11622 4.832690
11624 4.733477
11626 4.696116
11628 4.725586
11630 4.791628
11632 4.852555
11634 4.877235
11636 4.851221
11638 4.784172
11640 4.704824
11642 4.649857
11644 4.644850
11646 4.700797
11648 4.806649
11650 4.929481
11652 5.022680
11654 5.051660
11656 5.006952
11658 4.913590
11660 4.809724
11662 4.702075
11664 4.669177
11666 4.736743
11668 4.837588
11670 4.926951
11672 4.977047
11674 4.965808
11676 4.895440
11678 4.796064
11680 4.706184
11682 4.652088
11684 4.638129
11686 4.673694
11688 4.750838
11690 4.841452
11692 4.906814
11694 4.923821
11696 4.894134
11698 4.841860
11700 4.796254
11702 4.793642
11704 4.836146
11706 4.899113
11708 4.956094
11710 4.976802
11712 4.947903
11714 4.879657
11716 4.796553
11718 4.723736
11720 4.681150
11722 4.683082
11724 4.732253
11726 4.812173
11728 4.886242
11730 4.919059
11732 4.901753
11734 4.854160
11736 4.806894
11738 4.775954
11740 4.772118
11742 4.821506
11744 4.902732
11746 4.988040
11748 5.037320
11750 5.022326
11752 4.946407
11754 4.838187
11756 4.736661
11758 4.672007
11760 4.660034
11762 4.698157
11764 4.767383
11766 4.836881
11768 4.877208
11770 4.877535
11772 4.849697
11774 4.813887
11776 4.787111
11778 4.780009
11780 4.801071
11782 4.849861
11784 4.910923
11786 4.958652
11788 4.971740
11790 4.944311
11792 4.886732
11794 4.823493
11796 4.783329
11798 4.782050
11800 4.820091
11802 4.874786
11804 4.911821
11806 4.904202
11808 4.850323
11810 4.773995
11812 4.708089
11814 4.673721
11816 4.681830
11818 4.731954
11820 4.811220
11822 4.893344
11824 4.950869
11826 4.966081
11828 4.943903
11830 4.904800
11832 4.867793
11834 4.841235
11836 4.831058
11838 4.837806
11840 4.855004
11842 4.869072
11844 4.865045
11846 4.836799
11848 4.792771
11850 4.752090
11852 4.733641
11854 4.745206
11856 4.784717
11858 4.842214
11860 4.900066
11862 4.935957
11864 4.937345
11866 4.913481
11868 4.880147
11870 4.853616
11872 4.851493
11874 4.873834
11876 4.906542
11878 4.929889
11880 4.926379
11882 4.888909
11884 4.825180
11886 4.756580
11888 4.706810
11890 4.690892
11892 4.712443
11894 4.765288
11896 4.834078
11898 4.894569
11900 4.922950
11902 4.909073
11904 4.865453
11906 4.820173
11908 4.796880
11910 4.804935
11912 4.841262
11914 4.892038
11916 4.936366
11918 4.952611
11920 4.931413
11922 4.883385
11924 4.830840
11926 4.794676
11928 4.784744
11930 4.800037
11932 4.832500
11934 4.866541
11936 4.881399
11938 4.861616
11940 4.813180
11942 4.762811
11944 4.740226
11946 4.759464
11948 4.813697
11950 4.884392
11952 4.951441
11954 4.993537
11956 4.995033
11958 4.954488
11960 4.887576
11962 4.819030
11964 4.772036
11966 4.757886
11968 4.774920
11970 4.811329
11972 4.848201
11974 4.863357
11976 4.844827
11978 4.800227
11980 4.753913
11982 4.731600
11984 4.748008
11986 4.803084
11988 4.883167
11990 4.961999
11992 5.007796
11994 4.997047
11996 4.935250
11998 4.855221
12000 4.796744
12002 4.780907
12004 4.803384
12006 4.844636
12008 4.884827
12010 4.905726
12012 4.892310
12014 4.840473
12016 4.766294
12018 4.699300
12020 4.665340
12022 4.674810
12024 4.725831
12026 4.806458
12028 4.894515
12030 4.961863
12032 4.981455
12034 4.940801
12036 4.860827
12038 4.782975
12040 4.739736
12042 4.743001
12044 4.803220
12046 4.888229
12048 4.946026
12050 4.964148
12052 4.935332
12054 4.864691
12056 4.778213
12058 4.711327
12060 4.690048
12062 4.717695
12064 4.776308
12066 4.841289
12068 4.890324
12070 4.907685
12072 4.889535
12074 4.847765
12076 4.807846
12078 4.794839
12080 4.822785
12082 4.887521
12084 4.962407
12086 5.018245
12088 5.028313
12090 4.978707
12092 4.878378
12094 4.763628
12096 4.674973
12098 4.638591
12100 4.655354
12102 4.718266
12104 4.804472
12106 4.878351
12108 4.906596
12110 4.879684
12112 4.818758
12114 4.764825
12116 4.744389
12118 4.762458
12120 4.832609
12122 4.926406
12124 4.995877
12126 5.021048
12128 4.989945
12130 4.909753
12132 4.805479
12134 4.717042
12136 4.674701
12138 4.687980
12140 4.741478
12142 4.809697
12144 4.861997
12146 4.878242
12148 4.855330
12150 4.807084
12152 4.752661
12154 4.715763
12156 4.716933
12158 4.767029
12160 4.857752
12162 4.957699
12164 5.016340
12166 5.006272
12168 4.935794
12170 4.828336
12172 4.722566
12174 4.688034
12176 4.711164
12178 4.770431
12180 4.849126
12182 4.910352
12184 4.916882
12186 4.866977
12188 4.789370
12190 4.715464
12192 4.660823
12194 4.640224
12196 4.668878
12198 4.751818
12200 4.868990
12202 4.980013
12204 5.035959
12206 5.024204
12208 4.966516
12210 4.889671
12212 4.810649
12214 4.755111
12216 4.743954
12218 4.776036
12220 4.824636
12222 4.852881
12224 4.832772
12226 4.770294
12228 4.694701
12230 4.638646
12232 4.625122
12234 4.665422
12236 4.750349
12238 4.846105
12240 4.910243
12242 4.918488
12244 4.877535
12246 4.819112
12248 4.775846
12250 4.761913
12252 4.766539
12254 4.803547
12256 4.868827
12258 4.927985
12260 4.942760
12262 4.899712
12264 4.818921
12266 4.735301
12268 4.673884
12270 4.646020
12272 4.659000
12274 4.716770
12276 4.804227
12278 4.878160
12280 4.899630
12282 4.873725
12284 4.835493
12286 4.813234
